日期,股票代码,开盘,收盘,最高,最低,成交量,成交额,振幅,涨跌幅,涨跌额,换手率
1999-08-24,000935,3.53,3.46,3.72,3.22,356001,330940192.0,51.02,253.06,2.48,68.2
1999-08-25,000935,3.4,3.33,3.46,3.26,97940,88831256.0,5.78,-3.76,-0.13,18.76
1999-08-26,000935,3.31,3.4,3.44,3.28,36171,32890754.0,4.8,2.1,0.07,6.93
1999-08-27,000935,3.4,3.33,3.42,3.28,28407,25666286.0,4.12,-2.06,-0.07,5.44
1999-08-30,000935,3.31,3.22,3.34,3.18,37442,33079858.0,4.8,-3.3,-0.11,7.17
1999-08-31,000935,3.22,3.27,3.31,3.19,20673,18387942.0,3.73,1.55,0.05,3.96
1999-09-01,000935,3.27,3.17,3.27,3.16,14996,13205038.0,3.36,-3.06,-0.1,2.87
1999-09-02,000935,3.16,3.29,3.33,3.12,22823,20252738.0,6.62,3.79,0.12,4.37
1999-09-03,000935,3.26,3.16,3.29,3.15,14192,12493668.0,4.26,-3.95,-0.13,2.72
1999-09-06,000935,3.15,3.2,3.29,3.12,10002,8827964.0,5.38,1.27,0.04,1.92
1999-09-07,000935,3.22,3.31,3.36,3.18,18421,16522665.0,5.63,3.44,0.11,3.53
1999-09-08,000935,3.34,3.28,3.34,3.26,11216,10083559.0,2.42,-0.91,-0.03,2.15
1999-09-09,000935,3.35,3.45,3.49,3.31,47577,43832348.0,5.49,5.18,0.17,9.11
1999-09-10,000935,3.46,3.44,3.54,3.38,47446,44114556.0,4.64,-0.29,-0.01,9.09
1999-09-13,000935,3.46,3.46,3.54,3.42,20937,19459320.0,3.49,0.58,0.02,4.01
1999-09-14,000935,3.49,3.45,3.49,3.42,18154,16828026.0,2.02,-0.29,-0.01,3.48
1999-09-15,000935,3.45,3.37,3.47,3.34,15979,14662179.0,3.77,-2.32,-0.08,3.06
1999-09-16,000935,3.37,3.4,3.46,3.37,11446,10516690.0,2.67,0.89,0.03,2.19
1999-09-17,000935,3.37,3.38,3.45,3.36,11183,10239693.0,2.65,-0.59,-0.02,2.14
1999-09-20,000935,3.4,3.29,3.4,3.29,9011,8145455.5,3.25,-2.66,-0.09,1.73
1999-09-21,000935,3.26,3.29,3.31,3.25,6269,5606485.5,1.82,0.0,0.0,1.2
1999-09-22,000935,3.3,3.28,3.33,3.26,5012,4477595.0,2.13,-0.3,-0.01,0.96
1999-09-23,000935,3.29,3.22,3.29,3.22,7283,6457509.5,2.13,-1.83,-0.06,1.4
1999-09-24,000935,3.25,3.35,3.38,3.25,6536,5916247.0,4.04,4.04,0.13,1.25
1999-09-27,000935,3.36,3.28,3.38,3.26,6542,5870752.0,3.58,-2.09,-0.07,1.25
1999-09-28,000935,3.29,3.36,3.39,3.23,8424,7630133.0,4.88,2.44,0.08,1.61
1999-09-29,000935,3.37,3.38,3.47,3.36,12097,11111442.0,3.27,0.6,0.02,2.32
1999-09-30,000935,3.4,3.3,3.4,3.29,7145,6473482.0,3.25,-2.37,-0.08,1.37
1999-10-08,000935,3.29,3.25,3.3,3.24,4725,4202762.5,1.82,-1.52,-0.05,0.91
1999-10-11,000935,3.21,3.25,3.3,3.19,3413,3032704.5,3.38,0.0,0.0,0.65
1999-10-12,000935,3.31,3.31,3.34,3.26,3126,2808402.0,2.46,1.85,0.06,0.6
1999-10-13,000935,3.31,3.2,3.33,3.19,4452,3930610.75,4.23,-3.32,-0.11,0.85
1999-10-14,000935,3.19,3.15,3.27,3.1,4808,4194292.5,5.31,-1.56,-0.05,0.92
1999-10-15,000935,3.22,3.29,3.34,3.16,6172,5502996.5,5.71,4.44,0.14,1.18
1999-10-18,000935,3.31,3.17,3.31,3.16,4506,3956268.0,4.56,-3.65,-0.12,0.86
1999-10-19,000935,3.12,3.14,3.2,3.1,4573,3963255.75,3.15,-0.95,-0.03,0.88
1999-10-20,000935,3.13,3.18,3.24,3.13,3284,2874548.0,3.5,1.27,0.04,0.63
1999-10-21,000935,3.18,3.18,3.21,3.1,5023,4344154.0,3.46,0.0,0.0,0.96
1999-10-22,000935,3.15,3.28,3.37,3.14,11153,9982505.0,7.23,3.14,0.1,2.14
1999-10-25,000935,3.31,3.24,3.33,3.22,4175,3713571.0,3.35,-1.22,-0.04,0.8
1999-10-26,000935,3.25,3.38,3.4,3.25,14450,13108050.0,4.63,4.32,0.14,2.77
1999-10-27,000935,3.43,3.4,3.47,3.37,19319,17747838.0,2.96,0.59,0.02,3.7
1999-10-28,000935,3.4,3.28,3.42,3.26,10032,9025275.0,4.71,-3.53,-0.12,1.92
1999-10-29,000935,3.31,3.3,3.38,3.25,8448,7588876.0,3.96,0.61,0.02,1.46
1999-11-01,000935,3.3,3.25,3.34,3.24,3915,3490783.5,3.03,-1.52,-0.05,0.68
1999-11-02,000935,3.21,3.22,3.29,3.2,2730,2411453.75,2.77,-0.92,-0.03,0.47
1999-11-03,000935,3.26,3.17,3.26,3.17,3133,2745597.75,2.8,-1.55,-0.05,0.54
1999-11-04,000935,3.16,3.19,3.21,3.14,3545,3094123.5,2.21,0.63,0.02,0.61
1999-11-05,000935,3.17,3.19,3.25,3.17,2740,2407156.25,2.51,0.0,0.0,0.47
1999-11-08,000935,3.21,3.21,3.25,3.16,2936,2582599.0,2.82,0.63,0.02,0.51
1999-11-09,000935,3.26,3.17,3.26,3.17,2933,2573774.0,2.8,-1.25,-0.04,0.51
1999-11-10,000935,3.17,3.19,3.22,3.11,4902,4249569.0,3.47,0.63,0.02,0.85
1999-11-11,000935,3.19,3.16,3.23,3.15,2894,2530464.5,2.51,-0.94,-0.03,0.5
1999-11-12,000935,3.16,3.15,3.19,3.12,2811,2440968.5,2.22,-0.32,-0.01,0.48
1999-11-15,000935,3.16,3.2,3.23,3.13,3194,2794722.75,3.17,1.59,0.05,0.55
1999-11-16,000935,3.31,3.15,3.31,3.13,3836,3351053.5,5.63,-1.56,-0.05,0.66
1999-11-17,000935,3.13,3.12,3.18,2.99,14569,12408259.0,6.03,-0.95,-0.03,2.51
1999-11-18,000935,3.2,3.21,3.26,3.09,12674,11124734.0,5.45,2.88,0.09,2.19
1999-11-19,000935,3.22,3.11,3.23,3.11,5398,4699118.0,3.74,-3.12,-0.1,0.93
1999-11-22,000935,3.08,3.06,3.11,3.05,6238,5320015.0,1.93,-1.61,-0.05,1.08
1999-11-23,000935,3.05,3.09,3.1,3.03,4160,3551077.0,2.29,0.98,0.03,0.72
1999-11-24,000935,3.1,3.05,3.1,3.03,4820,4096046.0,2.27,-1.29,-0.04,0.83
1999-11-25,000935,3.04,3.04,3.06,3.0,6009,5062922.0,1.97,-0.33,-0.01,1.04
1999-11-26,000935,3.05,3.08,3.09,3.01,3086,2619652.0,2.63,1.32,0.04,0.53
1999-11-29,000935,3.08,3.08,3.12,3.07,2602,2230823.0,1.62,0.0,0.0,0.45
1999-11-30,000935,3.1,3.14,3.18,3.05,8325,7177403.0,4.22,1.95,0.06,1.44
1999-12-01,000935,3.15,3.15,3.2,3.1,3301,2871422.5,3.18,0.32,0.01,0.57
1999-12-02,000935,3.15,3.07,3.16,3.07,2089,1798078.62,2.86,-2.54,-0.08,0.36
1999-12-03,000935,3.07,3.09,3.1,3.03,2232,1902448.5,2.28,0.65,0.02,0.38
1999-12-06,000935,3.06,3.04,3.09,3.03,3398,2888748.75,1.94,-1.62,-0.05,0.59
1999-12-07,000935,3.05,3.04,3.08,3.03,1720,1460419.12,1.64,0.0,0.0,0.3
1999-12-08,000935,3.03,3.01,3.06,3.0,2427,2050178.75,1.97,-0.99,-0.03,0.42
1999-12-09,000935,3.01,3.02,3.04,3.01,2025,1708910.5,1.0,0.33,0.01,0.35
1999-12-10,000935,3.02,3.05,3.06,3.0,2422,2047166.62,1.99,0.99,0.03,0.42
1999-12-13,000935,3.05,3.0,3.05,3.0,3648,3069602.75,1.64,-1.64,-0.05,0.63
1999-12-14,000935,2.99,2.95,3.0,2.92,5356,4446229.0,2.67,-1.67,-0.05,0.92
1999-12-15,000935,2.95,3.03,3.09,2.95,5194,4410148.0,4.75,2.71,0.08,0.9
1999-12-16,000935,3.03,2.93,3.03,2.92,5375,4466977.0,3.63,-3.3,-0.1,0.93
1999-12-17,000935,2.95,2.9,2.95,2.88,5942,4869498.0,2.39,-1.02,-0.03,1.02
1999-12-21,000935,2.85,2.8,2.89,2.79,5771,4637830.0,3.45,-3.45,-0.1,1.0
1999-12-22,000935,2.74,2.73,2.8,2.72,4244,3359560.25,2.86,-2.5,-0.07,0.73
1999-12-23,000935,2.69,2.62,2.73,2.61,4541,3530487.0,4.4,-4.03,-0.11,0.78
1999-12-24,000935,2.61,2.63,2.68,2.6,2526,1945247.38,3.05,0.38,0.01,0.44
1999-12-27,000935,2.61,2.65,2.68,2.61,2833,2187285.0,2.66,0.76,0.02,0.49
1999-12-28,000935,2.65,2.65,2.73,2.62,1713,1330485.5,4.15,0.0,0.0,0.3
1999-12-29,000935,2.66,2.67,2.72,2.64,2237,1738963.75,3.02,0.75,0.02,0.39
1999-12-30,000935,2.69,2.7,2.74,2.67,1433,1124920.0,2.62,1.12,0.03,0.25
2000-01-04,000935,2.73,2.77,2.79,2.64,3770,2973937.25,5.56,2.59,0.07,0.65
2000-01-05,000935,2.76,2.76,2.84,2.69,5969,4771877.0,5.42,-0.36,-0.01,1.03
2000-01-06,000935,2.74,2.89,2.9,2.71,7015,5628035.0,6.88,4.71,0.13,1.21
2000-01-07,000935,2.9,3.02,3.03,2.9,22188,18526506.0,4.5,4.5,0.13,3.83
2000-01-10,000935,3.07,3.08,3.1,2.93,18081,15192973.0,5.63,1.99,0.06,3.12
2000-01-11,000935,3.09,2.83,3.09,2.83,10412,8659057.0,8.44,-8.12,-0.25,1.8
2000-01-12,000935,2.81,2.76,2.89,2.73,7897,6326168.5,5.65,-2.47,-0.07,1.36
2000-01-13,000935,2.77,2.74,2.79,2.72,3534,2798741.0,2.54,-0.72,-0.02,0.61
2000-01-14,000935,2.74,2.66,2.77,2.64,3888,3026447.0,4.74,-2.92,-0.08,0.67
2000-01-17,000935,2.64,2.72,2.74,2.61,3946,3081381.0,4.89,2.26,0.06,0.68
2000-01-18,000935,2.78,2.84,2.99,2.6,18627,14979945.0,14.34,4.41,0.12,3.21
2000-01-19,000935,2.79,2.9,2.9,2.79,5907,4769293.5,3.87,2.11,0.06,1.02
2000-01-20,000935,2.85,2.89,2.93,2.85,4533,3708479.75,2.76,-0.34,-0.01,0.78
2000-01-21,000935,2.9,2.8,2.93,2.79,8592,6910502.0,4.84,-3.11,-0.09,1.48
2000-01-24,000935,2.8,2.75,2.8,2.69,7838,6182313.0,3.93,-1.79,-0.05,1.35
2000-01-25,000935,2.74,2.85,2.95,2.73,9650,7757271.5,8.0,3.64,0.1,1.66
2000-01-26,000935,2.85,2.83,2.87,2.79,4636,3736538.25,2.81,-0.7,-0.02,0.8
2000-01-27,000935,2.84,2.78,2.85,2.74,8534,6798905.0,3.89,-1.77,-0.05,1.47
2000-01-28,000935,2.79,2.82,2.83,2.72,10166,8055503.5,3.96,1.44,0.04,1.75
2000-02-14,000935,2.92,3.18,3.19,2.87,24965,21281462.0,11.35,12.77,0.36,4.3
2000-02-15,000935,3.2,2.97,3.23,2.95,25852,22156042.0,8.81,-6.6,-0.21,4.46
2000-02-16,000935,2.95,2.94,2.96,2.8,22067,18001710.0,5.39,-1.01,-0.03,3.8
2000-02-17,000935,2.95,2.95,3.07,2.82,22512,18709556.0,8.5,0.34,0.01,3.88
2000-02-18,000935,2.95,2.93,2.95,2.86,12501,10239644.0,3.05,-0.68,-0.02,2.16
2000-02-21,000935,2.97,3.36,3.36,2.97,58738,51749796.0,13.31,14.68,0.43,10.13
2000-02-22,000935,3.44,3.04,3.49,3.0,38432,34241256.0,14.58,-9.52,-0.32,6.63
2000-02-23,000935,3.0,3.1,3.2,2.97,19934,17119014.0,7.57,1.97,0.06,3.44
2000-02-24,000935,3.06,3.16,3.19,3.06,8914,7684646.5,4.19,1.94,0.06,1.54
2000-02-25,000935,3.16,3.08,3.18,3.04,10652,9070830.0,4.43,-2.53,-0.08,1.84
2000-02-28,000935,3.11,3.18,3.21,3.1,15633,13624027.0,3.57,3.25,0.1,2.7
2000-02-29,000935,3.21,3.31,3.38,3.12,26649,23791659.0,8.18,4.09,0.13,4.59
2000-03-01,000935,3.31,3.2,3.32,3.16,13295,11732300.0,4.83,-3.32,-0.11,2.29
2000-03-02,000935,3.16,3.22,3.26,3.16,10496,9227990.0,3.13,0.63,0.02,1.81
2000-03-03,000935,3.26,3.44,3.57,3.23,49963,46008772.0,10.56,6.83,0.22,8.61
2000-03-06,000935,3.52,3.3,3.7,3.29,65351,61924616.0,11.92,-4.07,-0.14,11.27
2000-03-07,000935,3.25,3.56,3.57,3.21,37897,34977608.0,10.91,7.88,0.26,6.53
2000-03-08,000935,3.57,3.62,3.78,3.54,59269,57317400.0,6.74,1.69,0.06,10.22
2000-03-09,000935,3.62,3.59,3.63,3.52,25175,23945562.0,3.04,-0.83,-0.03,4.34
2000-03-10,000935,3.59,3.4,3.59,3.39,25441,23607938.0,5.57,-5.29,-0.19,4.39
2000-03-13,000935,3.44,3.73,3.73,3.4,38410,36774692.0,9.71,9.71,0.33,6.62
2000-03-14,000935,3.72,3.84,3.97,3.48,88773,87906904.0,13.14,2.95,0.11,15.31
2000-03-15,000935,3.83,3.88,4.14,3.78,73108,75548496.0,9.38,1.04,0.04,12.6
2000-03-16,000935,3.83,3.58,3.83,3.54,50202,48608328.0,7.47,-7.73,-0.3,8.66
2000-03-17,000935,3.54,3.77,3.83,3.49,43856,42362784.0,9.5,5.31,0.19,7.56
2000-03-20,000935,3.71,4.28,4.28,3.62,99486,105338472.0,17.51,13.53,0.51,17.15
2000-03-21,000935,4.41,4.26,4.85,4.23,164802,188434112.0,14.49,-0.47,-0.02,28.41
2000-03-22,000935,4.19,4.82,4.82,4.01,94691,104412480.0,19.01,13.15,0.56,16.33
2000-03-23,000935,4.87,5.01,5.43,4.87,104736,131386304.0,11.62,3.94,0.19,18.06
2000-03-24,000935,5.13,4.9,5.32,4.77,68351,84894888.0,10.98,-2.2,-0.11,11.78
2000-03-27,000935,4.92,5.23,5.38,4.91,59447,74844256.0,9.59,6.73,0.33,10.25
2000-03-28,000935,5.28,5.03,5.48,4.94,42697,52913600.0,10.33,-3.82,-0.2,7.36
2000-03-29,000935,5.05,4.81,5.12,4.52,51013,59778920.0,11.93,-4.37,-0.22,8.8
2000-03-30,000935,4.76,5.14,5.2,4.7,41758,50872552.0,10.4,6.86,0.33,7.2
2000-03-31,000935,5.14,4.89,5.18,4.87,28968,35831872.0,6.03,-4.86,-0.25,4.99
2000-04-03,000935,4.76,4.59,4.87,4.58,37256,43616568.0,5.93,-6.13,-0.3,6.42
2000-04-04,000935,4.5,4.61,4.76,4.35,23729,27117496.0,8.93,0.44,0.02,4.09
2000-04-05,000935,4.53,4.6,4.76,4.5,13786,15879036.0,5.64,-0.22,-0.01,2.38
2000-04-06,000935,4.6,4.81,4.81,4.56,18341,21396690.0,5.43,4.57,0.21,3.16
2000-04-07,000935,4.87,4.95,5.01,4.74,20681,24864122.0,5.61,2.91,0.14,3.57
2000-04-10,000935,4.97,4.91,5.07,4.87,15522,18889112.0,4.04,-0.81,-0.04,2.68
2000-04-11,000935,4.87,4.66,4.96,4.66,19463,22948734.0,6.11,-5.09,-0.25,3.36
2000-04-12,000935,4.66,4.76,4.85,4.61,13160,15381080.0,5.15,2.15,0.1,2.27
2000-04-13,000935,4.79,4.71,4.82,4.64,10233,12002285.0,3.78,-1.05,-0.05,1.76
2000-04-14,000935,4.71,4.66,4.74,4.61,13542,15683339.0,2.76,-1.06,-0.05,2.33
2000-04-17,000935,4.62,4.43,4.66,4.4,18677,20975504.0,5.58,-4.94,-0.23,3.22
2000-04-18,000935,4.4,4.54,4.6,4.39,8214,9260484.0,4.74,2.48,0.11,1.42
2000-04-19,000935,4.54,4.59,4.81,4.54,11234,13141165.0,5.95,1.1,0.05,1.94
2000-04-20,000935,4.64,4.7,4.85,4.61,8443,9891872.0,5.23,2.4,0.11,1.46
2000-04-21,000935,4.71,4.71,4.78,4.63,6738,7932202.0,3.19,0.21,0.01,1.16
2000-04-24,000935,4.71,5.06,5.14,4.66,37959,46031544.0,10.19,7.43,0.35,6.54
2000-04-25,000935,5.06,4.91,5.13,4.84,18899,23003696.0,5.73,-2.96,-0.15,3.26
2000-04-26,000935,4.91,4.76,4.98,4.74,9127,10886576.0,4.89,-3.05,-0.15,1.57
2000-04-27,000935,4.77,4.57,4.79,4.56,12436,14390836.0,4.83,-3.99,-0.19,2.14
2000-05-08,000935,4.66,4.92,5.06,4.66,19157,23256890.0,8.75,7.66,0.35,3.3
2000-05-09,000935,4.97,4.91,5.05,4.83,17493,21288312.0,4.47,-0.2,-0.01,3.02
2000-05-10,000935,4.93,4.65,5.01,4.64,14047,16793820.0,7.54,-5.3,-0.26,2.42
2000-05-11,000935,4.66,4.5,4.8,4.46,11121,12815944.0,7.31,-3.23,-0.15,1.92
2000-05-12,000935,4.61,4.59,4.65,4.5,9281,10628889.0,3.33,2.0,0.09,1.6
2000-05-15,000935,4.61,4.3,4.64,4.29,8326,9265618.0,7.63,-6.32,-0.29,1.44
2000-05-16,000935,4.35,4.35,4.45,4.32,5550,6135269.0,3.02,1.16,0.05,0.96
2000-05-17,000935,4.36,4.37,4.46,4.34,3930,4361773.5,2.76,0.46,0.02,0.68
2000-05-18,000935,4.37,4.57,4.58,4.35,3435,3858612.0,5.26,4.58,0.2,0.59
2000-05-19,000935,4.6,4.56,4.61,4.48,5301,6039084.0,2.84,-0.22,-0.01,0.91
2000-05-22,000935,4.57,4.78,4.82,4.57,8318,9783468.0,5.48,4.82,0.22,1.43
2000-05-23,000935,4.81,4.97,5.02,4.81,20856,25355814.0,4.39,3.97,0.19,3.6
2000-05-24,000935,5.05,4.91,5.07,4.91,15004,18324352.0,3.22,-1.21,-0.06,2.59
2000-05-25,000935,4.92,5.0,5.02,4.88,14510,17635284.0,2.85,1.83,0.09,2.5
2000-05-26,000935,5.0,4.92,5.05,4.9,12183,14847012.0,3.0,-1.6,-0.08,2.1
2000-05-29,000935,4.92,5.55,5.55,4.92,62796,81921312.0,12.8,12.8,0.63,10.83
2000-05-30,000935,5.89,5.71,6.24,5.65,126926,179247632.0,10.63,2.88,0.16,21.88
2000-05-31,000935,5.85,6.18,6.42,5.85,93132,136319040.0,9.98,8.23,0.47,16.06
2000-06-01,000935,6.06,6.11,6.42,6.06,30464,44520484.0,5.83,-1.13,-0.07,5.25
2000-06-02,000935,6.16,6.32,6.47,6.06,35255,51800836.0,6.71,3.44,0.21,6.08
2000-06-05,000935,6.37,5.78,6.62,5.64,50912,74559712.0,15.51,-8.54,-0.54,8.78
2000-06-06,000935,5.78,6.1,6.11,5.7,33886,47856816.0,7.09,5.54,0.32,5.84
2000-06-07,000935,6.14,6.42,6.45,5.97,30432,44484820.0,7.87,5.25,0.32,5.25
2000-06-08,000935,6.42,6.52,6.68,6.32,51961,78795672.0,5.61,1.56,0.1,8.96
2000-06-09,000935,6.45,6.0,6.45,5.9,50491,72499320.0,8.44,-7.98,-0.52,8.71
2000-06-12,000935,5.9,5.88,5.96,5.8,14687,20471754.0,2.67,-2.0,-0.12,2.53
2000-06-13,000935,5.88,5.97,6.0,5.63,17635,24670800.0,6.29,1.53,0.09,3.04
2000-06-14,000935,5.99,5.91,6.16,5.82,11854,16654230.0,5.7,-1.01,-0.06,2.04
2000-06-15,000935,5.92,5.9,6.01,5.82,9148,12776381.0,3.21,-0.17,-0.01,1.58
2000-06-16,000935,5.9,5.8,5.99,5.79,7960,11101854.0,3.39,-1.69,-0.1,1.37
2000-06-19,000935,5.8,5.54,5.87,5.49,15228,20503588.0,6.55,-4.48,-0.26,2.63
2000-06-20,000935,5.53,5.42,5.64,5.29,22142,28908182.0,6.32,-2.17,-0.12,3.82
2000-06-21,000935,5.4,5.52,5.54,5.39,10420,13732402.0,2.77,1.85,0.1,1.8
2000-06-22,000935,5.55,5.7,5.77,5.55,22126,29722980.0,3.99,3.26,0.18,3.81
2000-06-23,000935,5.71,5.76,5.81,5.6,14519,19490010.0,3.68,1.05,0.06,2.5
2000-06-26,000935,5.76,5.78,5.92,5.7,43092,58767112.0,3.82,0.35,0.02,7.43
2000-06-27,000935,5.91,5.78,5.94,5.45,40250,53581264.0,8.48,0.0,0.0,6.94
2000-06-28,000935,5.71,5.53,5.76,5.5,20859,27637904.0,4.5,-4.33,-0.25,3.6
2000-06-29,000935,5.5,5.66,5.68,5.49,12940,17133136.0,3.44,2.35,0.13,2.23
2000-06-30,000935,5.66,5.59,5.76,5.52,7491,9992792.0,4.24,-1.24,-0.07,1.29
2000-07-03,000935,5.45,5.49,5.63,5.45,5593,7372179.0,3.22,-1.79,-0.1,0.96
2000-07-04,000935,5.49,5.69,5.7,5.47,5231,6944637.5,4.19,3.64,0.2,0.9
2000-07-05,000935,5.69,5.58,5.73,5.54,4720,6294059.0,3.34,-1.93,-0.11,0.81
2000-07-06,000935,5.65,5.6,5.68,5.55,3170,4223954.0,2.33,0.36,0.02,0.55
2000-07-07,000935,5.65,5.9,5.91,5.65,12526,17121122.0,4.64,5.36,0.3,2.16
2000-07-10,000935,5.91,5.91,5.96,5.76,9364,12960322.0,3.39,0.17,0.01,1.61
2000-07-11,000935,5.91,5.85,5.95,5.8,8070,11129291.0,2.54,-1.02,-0.06,1.39
2000-07-12,000935,5.87,5.8,5.87,5.68,8508,11565075.0,3.25,-0.85,-0.05,1.47
2000-07-13,000935,5.86,5.79,5.95,5.78,5456,7546188.0,2.93,-0.17,-0.01,0.94
2000-07-14,000935,5.81,5.66,5.88,5.63,11400,15438490.0,4.32,-2.25,-0.13,1.97
2000-07-17,000935,5.66,5.59,5.7,5.55,7883,10451254.0,2.65,-1.24,-0.07,1.36
2000-07-18,000935,5.59,5.75,5.76,5.58,8671,11633573.0,3.22,2.86,0.16,1.5
2000-07-19,000935,5.78,5.74,5.78,5.6,6083,8216887.0,3.13,-0.17,-0.01,1.05
2000-07-20,000935,5.76,5.65,5.8,5.65,4982,6716688.0,2.61,-1.57,-0.09,0.86
2000-07-21,000935,5.65,5.67,5.68,5.6,4326,5786562.0,1.42,0.35,0.02,0.75
2000-07-24,000935,5.68,5.59,5.71,5.55,5236,6956904.0,2.82,-1.41,-0.08,0.9
2000-07-25,000935,5.6,5.61,5.67,5.45,5868,7739013.0,3.94,0.36,0.02,1.01
2000-07-26,000935,5.6,5.68,5.7,5.53,9655,12801600.0,3.03,1.25,0.07,1.66
2000-07-27,000935,5.68,6.03,6.22,5.68,29835,42060104.0,9.51,6.16,0.35,5.14
2000-07-28,000935,6.07,5.95,6.13,5.91,12579,17700120.0,3.65,-1.33,-0.08,2.17
2000-07-31,000935,5.95,6.26,6.35,5.95,19363,28001058.0,6.72,5.21,0.31,3.34
2000-08-01,000935,6.28,6.18,6.33,6.07,10462,15152793.0,4.15,-1.28,-0.08,1.8
2000-08-02,000935,6.18,6.03,6.3,5.94,11213,15965416.0,5.83,-2.43,-0.15,1.93
2000-08-03,000935,6.03,6.22,6.25,5.9,16185,23107914.0,5.8,3.15,0.19,2.79
2000-08-04,000935,6.12,6.16,6.36,6.04,13918,20190594.0,5.14,-0.96,-0.06,2.4
2000-08-07,000935,6.16,6.16,6.22,6.06,5076,7283621.0,2.6,0.0,0.0,0.88
2000-08-08,000935,6.21,6.07,6.28,6.07,6368,9125720.0,3.41,-1.46,-0.09,1.1
2000-08-09,000935,6.08,5.86,6.35,5.85,82144,116280136.0,8.24,-3.46,-0.21,14.16
2000-08-10,000935,5.86,5.65,5.91,5.61,31782,42835172.0,5.12,-3.58,-0.21,5.48
2000-08-11,000935,5.65,5.8,5.81,5.65,9138,12402520.0,2.83,2.65,0.15,1.58
2000-08-14,000935,5.8,5.63,5.84,5.6,20861,27990012.0,4.14,-2.93,-0.17,3.6
2000-08-15,000935,5.63,5.73,5.76,5.63,13030,17552970.0,2.31,1.78,0.1,2.25
2000-08-16,000935,5.7,5.73,5.76,5.63,8137,10929714.0,2.27,0.0,0.0,1.4
2000-08-17,000935,5.76,5.73,5.77,5.71,7903,10714311.0,1.05,0.0,0.0,1.36
2000-08-18,000935,5.73,5.65,5.73,5.6,11117,14850049.0,2.27,-1.4,-0.08,1.92
2000-08-21,000935,5.65,5.78,5.78,5.65,11868,16041752.0,2.3,2.3,0.13,2.05
2000-08-22,000935,5.8,5.67,5.91,5.65,11756,16163545.0,4.5,-1.9,-0.11,2.03
2000-08-23,000935,5.65,5.59,5.7,5.38,12078,15913409.0,5.64,-1.41,-0.08,2.08
2000-08-24,000935,5.59,5.69,5.71,5.54,6089,8111036.5,3.04,1.79,0.1,1.05
2000-08-25,000935,5.71,5.64,5.72,5.6,3468,4634646.0,2.11,-0.88,-0.05,0.6
2000-08-28,000935,5.65,5.65,5.65,5.6,4571,6101192.5,0.89,0.18,0.01,0.79
2000-08-29,000935,5.52,5.62,5.7,5.52,6049,8066570.0,3.19,-0.53,-0.03,1.04
2000-08-30,000935,5.6,5.49,5.64,5.47,7877,10362500.0,3.02,-2.31,-0.13,1.36
2000-08-31,000935,5.45,5.34,5.6,5.34,11043,14303786.0,4.74,-2.73,-0.15,1.9
2000-09-01,000935,5.24,5.19,5.37,5.19,7585,9567148.0,3.37,-2.81,-0.15,1.31
2000-09-04,000935,5.15,5.21,5.23,5.03,5077,6251948.5,3.85,0.39,0.02,0.88
2000-09-05,000935,5.24,5.05,5.24,5.03,4675,5754008.5,4.03,-3.07,-0.16,0.81
2000-09-07,000935,5.1,4.97,5.13,4.93,4417,5333715.0,3.96,-1.58,-0.08,0.76
2000-09-08,000935,4.98,5.03,5.16,4.97,2637,3221076.5,3.82,1.21,0.06,0.45
2000-09-11,000935,5.02,4.91,5.02,4.88,4271,5118064.5,2.78,-2.39,-0.12,0.74
2000-09-12,000935,4.92,5.2,5.24,4.92,4067,5016386.0,6.52,5.91,0.29,0.7
2000-09-13,000935,5.19,5.21,5.35,5.13,6101,7740326.5,4.23,0.19,0.01,1.05
2000-09-14,000935,5.24,5.13,5.29,5.06,2656,3304109.0,4.41,-1.54,-0.08,0.46
2000-09-15,000935,5.14,5.2,5.23,5.08,2215,2753521.75,2.92,1.36,0.07,0.38
2000-09-18,000935,5.7,5.25,5.7,5.23,9998,13029487.0,9.04,0.96,0.05,1.72
2000-09-19,000935,5.29,5.07,5.29,5.04,3107,3846157.75,4.76,-3.43,-0.18,0.54
2000-09-20,000935,5.07,5.17,5.19,5.06,1902,2351000.0,2.56,1.97,0.1,0.33
2000-09-21,000935,5.26,5.18,5.28,5.17,2388,2998218.75,2.13,0.19,0.01,0.41
2000-09-22,000935,5.04,5.1,5.16,5.04,1323,1633795.0,2.32,-1.54,-0.08,0.23
2000-09-25,000935,5.05,4.94,5.11,4.93,1933,2341507.0,3.53,-3.14,-0.16,0.33
2000-09-26,000935,4.94,4.98,5.01,4.94,838,1014060.0,1.42,0.81,0.04,0.14
2000-09-27,000935,4.99,5.02,5.07,4.99,1359,1654752.0,1.61,0.8,0.04,0.23
2000-09-28,000935,5.13,5.03,5.16,5.01,1291,1575886.0,2.99,0.2,0.01,0.22
2000-09-29,000935,4.99,5.06,5.1,4.98,1910,2339501.25,2.39,0.6,0.03,0.33
2000-10-09,000935,5.01,5.01,5.06,4.93,2187,2640807.0,2.57,-0.99,-0.05,0.38
2000-10-10,000935,5.01,5.16,5.17,4.98,2113,2614306.5,3.79,2.99,0.15,0.36
2000-10-11,000935,5.18,5.17,5.27,5.09,2864,3578689.0,3.49,0.19,0.01,0.49
2000-10-12,000935,5.14,5.25,5.31,5.14,6665,8368828.5,3.29,1.55,0.08,1.15
2000-10-13,000935,5.24,5.24,5.34,5.2,6511,8251953.0,2.67,-0.19,-0.01,1.12
2000-10-16,000935,5.24,5.54,5.56,5.2,22429,29114924.0,6.87,5.73,0.3,3.87
2000-10-17,000935,5.52,5.55,5.73,5.42,25644,34269884.0,5.6,0.18,0.01,4.42
2000-10-18,000935,5.5,5.62,5.72,5.49,9185,12286550.0,4.14,1.26,0.07,1.58
2000-10-19,000935,5.67,5.56,5.67,5.55,8054,10695941.0,2.14,-1.07,-0.06,1.39
2000-10-20,000935,5.58,5.63,5.71,5.58,13867,18590830.0,2.34,1.26,0.07,2.39
2000-10-23,000935,5.66,5.64,5.72,5.61,9779,13093134.0,1.95,0.18,0.01,1.69
2000-10-24,000935,5.64,5.71,5.76,5.62,8674,11664534.0,2.48,1.24,0.07,1.5
2000-10-25,000935,5.78,5.77,5.91,5.71,15768,21600530.0,3.5,1.05,0.06,2.72
2000-10-26,000935,5.81,5.79,5.89,5.71,17580,24133326.0,3.12,0.35,0.02,3.03
2000-10-27,000935,5.79,5.96,6.01,5.77,23152,32195440.0,4.15,2.94,0.17,3.99
2000-10-30,000935,5.97,6.04,6.09,5.88,18093,25460960.0,3.52,1.34,0.08,3.12
2000-10-31,000935,6.04,6.13,6.16,5.96,23212,33056300.0,3.31,1.49,0.09,4.0
2000-11-01,000935,6.12,6.14,6.17,6.07,15307,21899424.0,1.63,0.16,0.01,2.64
2000-11-02,000935,6.17,6.24,6.32,6.12,20159,29289252.0,3.26,1.63,0.1,3.48
2000-11-03,000935,6.3,6.37,6.47,6.25,24525,36171340.0,3.53,2.08,0.13,4.23
2000-11-06,000935,6.46,6.43,6.46,6.29,12147,18014922.0,2.67,0.94,0.06,2.09
2000-11-07,000935,6.43,6.24,6.45,6.17,18561,27128146.0,4.35,-2.95,-0.19,3.2
2000-11-08,000935,6.2,7.0,7.0,6.18,65987,102576864.0,13.14,12.18,0.76,11.38
2000-11-09,000935,7.0,7.08,7.16,6.85,32757,52627512.0,4.43,1.14,0.08,5.65
2000-11-10,000935,7.07,7.09,7.31,7.0,26327,43104900.0,4.38,0.14,0.01,4.54
2000-11-13,000935,7.1,7.42,7.58,7.1,25370,42186932.0,6.77,4.65,0.33,4.37
2000-11-14,000935,7.42,7.49,7.66,7.27,18541,31617758.0,5.26,0.94,0.07,3.2
2000-11-15,000935,7.47,7.52,7.69,7.44,19113,32589104.0,3.34,0.4,0.03,3.3
2000-11-16,000935,7.57,7.5,7.57,7.41,11328,19157422.0,2.13,-0.27,-0.02,1.95
2000-11-17,000935,7.5,7.61,7.8,7.46,13347,22936810.0,4.53,1.47,0.11,2.3
2000-11-20,000935,7.58,7.88,7.92,7.57,11702,20504068.0,4.6,3.55,0.27,2.02
2000-11-21,000935,7.93,8.05,8.09,7.75,18165,32459100.0,4.31,2.16,0.17,3.13
2000-11-22,000935,8.09,8.48,8.6,8.09,38253,71574504.0,6.34,5.34,0.43,6.6
2000-11-23,000935,8.49,8.41,8.76,8.09,24153,45782032.0,7.9,-0.83,-0.07,4.16
2000-11-24,000935,8.35,7.96,8.61,7.93,25301,46385196.0,8.09,-5.35,-0.45,4.36
2000-11-27,000935,7.78,8.16,8.19,7.62,22673,40747832.0,7.16,2.51,0.2,3.91
2000-11-28,000935,8.16,8.59,8.71,8.16,19977,37691536.0,6.74,5.27,0.43,3.44
2000-11-29,000935,8.63,8.39,8.71,8.3,11968,22473844.0,4.77,-2.33,-0.2,2.06
2000-11-30,000935,8.39,8.2,8.58,8.17,14768,27512412.0,4.89,-2.26,-0.19,2.55
2000-12-01,000935,8.2,7.87,8.3,7.78,16814,30147766.0,6.34,-4.02,-0.33,2.9
2000-12-04,000935,7.87,8.05,8.08,7.87,10263,18443788.0,2.67,2.29,0.18,1.77
2000-12-05,000935,8.05,7.91,8.09,7.86,9785,17462916.0,2.86,-1.74,-0.14,1.69
2000-12-06,000935,7.91,7.98,8.14,7.91,8118,14530325.0,2.91,0.88,0.07,1.4
2000-12-07,000935,7.98,8.22,8.3,7.86,9262,16761892.0,5.51,3.01,0.24,1.6
2000-12-08,000935,8.3,8.18,8.39,8.06,2190,4017771.5,4.01,-0.49,-0.04,0.38
2000-12-11,000935,8.13,8.13,8.3,7.89,4071,7389306.5,5.01,-0.61,-0.05,0.7
2000-12-12,000935,8.03,8.09,8.14,8.03,2206,3998123.0,1.35,-0.49,-0.04,0.38
2000-12-13,000935,8.04,8.22,8.27,8.04,2253,4110644.5,2.84,1.61,0.13,0.39
2000-12-14,000935,8.19,8.48,8.5,8.19,13023,24324314.0,3.77,3.16,0.26,2.25
2000-12-15,000935,8.14,8.35,8.5,8.09,6067,11321506.0,4.83,-1.53,-0.13,1.05
2000-12-18,000935,8.24,7.99,8.24,7.93,5389,9723964.0,3.71,-4.31,-0.36,0.93
2000-12-19,000935,7.93,8.03,8.15,7.93,3502,6332631.5,2.75,0.5,0.04,0.6
2000-12-20,000935,8.14,8.07,8.19,8.05,3703,6723505.0,1.74,0.5,0.04,0.64
2000-12-21,000935,8.14,8.19,8.29,8.14,2841,5203764.0,1.86,1.49,0.12,0.49
2000-12-22,000935,8.14,8.37,8.48,8.14,3286,6110267.5,4.15,2.2,0.18,0.57
2000-12-25,000935,8.4,8.32,8.45,8.19,7335,13563243.0,3.11,-0.6,-0.05,1.26
2000-12-26,000935,8.29,8.4,8.44,8.23,6842,12677731.0,2.52,0.96,0.08,1.18
2000-12-27,000935,8.4,8.1,8.4,8.06,6070,11089719.0,4.05,-3.57,-0.3,1.05
2000-12-28,000935,8.1,8.0,8.19,7.52,12150,21984008.0,8.27,-1.23,-0.1,2.09
2000-12-29,000935,7.93,8.06,8.19,7.93,14827,26836582.0,3.25,0.75,0.06,2.56
2001-01-02,000935,7.94,8.13,8.22,7.93,3556,6479933.0,3.6,0.87,0.07,0.61
2001-01-03,000935,8.14,8.22,8.29,8.04,3855,7072317.5,3.08,1.11,0.09,0.66
2001-01-04,000935,8.32,8.3,8.34,8.2,3294,6083670.5,1.7,0.97,0.08,0.57
2001-01-05,000935,8.3,8.24,8.36,8.08,7747,14192317.0,3.37,-0.72,-0.06,1.34
2001-01-08,000935,8.24,8.17,8.27,8.04,4691,8515670.0,2.79,-0.85,-0.07,0.81
2001-01-09,000935,8.09,8.21,8.24,8.09,5041,9206814.0,1.84,0.49,0.04,0.87
2001-01-10,000935,8.24,8.21,8.32,8.18,5712,10497822.0,1.71,0.0,0.0,0.98
2001-01-11,000935,8.09,8.23,8.26,8.09,7916,14529941.0,2.07,0.24,0.02,1.36
2001-01-12,000935,8.13,8.14,8.24,8.12,3639,6648768.0,1.46,-1.09,-0.09,0.63
2001-01-15,000935,7.19,7.83,8.22,7.19,10358,18375652.0,12.65,-3.81,-0.31,1.79
2001-01-16,000935,7.83,7.91,7.92,7.65,16038,27970240.0,3.45,1.02,0.08,2.77
2001-01-17,000935,8.04,7.92,8.14,7.89,4682,8359624.5,3.16,0.13,0.01,0.81
2001-01-18,000935,8.04,7.96,8.09,7.88,2707,4848079.0,2.65,0.51,0.04,0.47
2001-01-19,000935,8.04,8.09,8.12,7.99,2569,4647060.0,1.63,1.63,0.13,0.44
2001-02-05,000935,8.12,7.86,8.12,7.85,5620,10019877.0,3.34,-2.84,-0.23,0.97
2001-02-06,000935,7.83,7.42,7.93,7.35,6438,11027952.0,7.38,-5.6,-0.44,1.11
2001-02-07,000935,7.52,7.68,7.78,7.49,2923,5047235.0,3.91,3.5,0.26,0.5
2001-02-08,000935,7.52,7.42,7.72,7.39,5009,8530433.0,4.3,-3.39,-0.26,0.86
2001-02-09,000935,7.43,7.5,7.55,7.43,1455,2469923.5,1.62,1.08,0.08,0.25
2001-02-12,000935,7.52,7.5,7.52,7.35,2114,3545109.75,2.27,0.0,0.0,0.36
2001-02-13,000935,7.51,7.62,7.62,7.37,1566,2667076.0,3.33,1.6,0.12,0.27
2001-02-14,000935,7.67,7.86,7.88,7.6,2870,5041243.0,3.67,3.15,0.24,0.49
2001-02-15,000935,7.88,7.78,8.06,7.7,3201,5670341.0,4.58,-1.02,-0.08,0.55
2001-02-16,000935,7.77,7.88,7.91,7.67,4607,8042315.0,3.08,1.29,0.1,0.79
2001-02-19,000935,8.03,7.91,8.03,7.78,969,1727689.5,3.17,0.38,0.03,0.17
2001-02-20,000935,7.88,7.92,8.04,7.83,1371,2443917.5,2.65,0.13,0.01,0.24
2001-02-21,000935,7.88,7.68,7.88,7.58,877,1513390.88,3.79,-3.03,-0.24,0.15
2001-02-22,000935,7.58,7.63,7.87,7.58,1333,2304522.0,3.78,-0.65,-0.05,0.23
2001-02-23,000935,7.77,7.72,7.77,7.62,713,1234343.25,1.97,1.18,0.09,0.12
2001-02-26,000935,7.6,7.79,7.86,7.6,3860,6738997.0,3.37,0.91,0.07,0.67
2001-02-27,000935,7.78,8.03,8.05,7.68,2741,4892292.5,4.75,3.08,0.24,0.47
2001-02-28,000935,8.03,8.17,8.3,7.94,3585,6525473.0,4.48,1.74,0.14,0.62
2001-03-01,000935,8.23,8.12,8.24,8.03,2227,4031076.0,2.57,-0.61,-0.05,0.38
2001-03-02,000935,8.09,8.14,8.22,8.09,1672,3053661.0,1.6,0.25,0.02,0.29
2001-03-05,000935,8.19,8.17,8.19,8.12,860,1567593.25,0.86,0.37,0.03,0.15
2001-03-06,000935,8.17,8.6,8.61,7.78,11373,21419402.0,10.16,5.26,0.43,1.96
2001-03-07,000935,8.45,9.12,9.22,8.45,11164,22137320.0,8.95,6.05,0.52,1.92
2001-03-08,000935,9.1,9.01,9.28,8.81,6803,13688830.0,5.15,-1.21,-0.11,1.17
2001-03-09,000935,8.71,9.01,9.23,8.71,3681,7286003.0,5.77,0.0,0.0,0.63
2001-03-12,000935,9.01,9.47,9.59,8.87,9674,19885498.0,7.99,5.11,0.46,1.67
2001-03-13,000935,8.81,9.53,9.84,8.81,10416,21893120.0,10.88,0.63,0.06,1.8
2001-03-14,000935,9.53,9.52,9.8,9.34,4818,10135744.0,4.83,-0.1,-0.01,0.83
2001-03-15,000935,9.55,9.72,9.8,9.55,6503,13808108.0,2.63,2.1,0.2,1.12
2001-03-16,000935,9.72,9.56,9.87,9.45,3441,7275075.0,4.32,-1.65,-0.16,0.59
2001-03-19,000935,9.56,9.69,9.85,9.54,14366,30461290.0,3.24,1.36,0.13,2.48
2001-03-20,000935,9.69,9.69,9.77,9.54,6514,13772530.0,2.37,0.0,0.0,1.12
2001-03-21,000935,9.69,10.08,10.21,9.59,14999,32209282.0,6.4,4.02,0.39,2.59
2001-03-22,000935,10.08,10.29,10.42,10.06,9447,21036714.0,3.57,2.08,0.21,1.63
2001-03-23,000935,10.29,10.26,10.37,9.91,12031,26685598.0,4.47,-0.29,-0.03,2.07
2001-03-26,000935,10.26,10.57,10.63,10.21,6650,15007414.0,4.09,3.02,0.31,1.15
2001-03-27,000935,10.57,10.88,10.89,10.57,6199,14460332.0,3.03,2.93,0.31,1.07
2001-03-28,000935,10.88,10.88,10.99,10.41,8557,20017690.0,5.33,0.0,0.0,1.48
2001-03-29,000935,10.88,11.05,11.12,10.88,9142,21740344.0,2.21,1.56,0.17,1.58
2001-03-30,000935,11.05,11.03,11.14,10.98,5049,12030015.0,1.45,-0.18,-0.02,0.87
2001-04-02,000935,11.04,10.79,11.14,10.69,5172,12189406.0,4.08,-2.18,-0.24,0.89
2001-04-03,000935,10.79,10.62,10.86,10.46,5744,13196653.0,3.71,-1.58,-0.17,0.99
2001-04-04,000935,10.62,10.62,10.75,10.32,9082,20828970.0,4.05,0.0,0.0,1.57
2001-04-05,000935,10.62,10.75,10.84,10.6,5249,12141134.0,2.26,1.22,0.13,0.91
2001-04-06,000935,10.75,10.62,10.88,10.57,2262,5210978.0,2.88,-1.21,-0.13,0.39
2001-04-09,000935,10.62,10.67,10.7,10.52,2138,4901672.5,1.69,0.47,0.05,0.37
2001-04-10,000935,10.67,11.27,11.4,10.66,9471,22722076.0,6.94,5.62,0.6,1.63
2001-04-11,000935,11.3,11.44,11.45,11.15,5015,12219400.0,2.66,1.51,0.17,0.86
2001-04-12,000935,11.44,11.56,11.75,11.44,5089,12689666.0,2.71,1.05,0.12,0.88
2001-04-13,000935,11.56,11.32,11.82,11.15,3173,7825926.0,5.8,-2.08,-0.24,0.55
2001-04-16,000935,11.35,11.48,11.65,11.35,2823,6964573.0,2.65,1.41,0.16,0.49
2001-04-17,000935,11.48,11.9,11.92,11.48,12743,31911324.0,3.83,3.66,0.42,2.2
2001-04-18,000935,11.9,11.69,11.9,11.61,3426,8611890.0,2.44,-1.76,-0.21,0.59
2001-04-19,000935,11.69,11.54,11.81,11.1,3597,8801396.0,6.07,-1.28,-0.15,0.62
2001-04-20,000935,11.54,11.35,11.54,11.28,1736,4245189.0,2.25,-1.65,-0.19,0.3
2001-04-23,000935,11.35,11.44,11.57,11.03,5497,13314075.0,4.76,0.79,0.09,0.95
2001-04-24,000935,11.44,11.36,11.56,11.21,2134,5227134.5,3.06,-0.7,-0.08,0.37
2001-04-25,000935,11.36,11.24,11.56,11.15,4815,11752884.0,3.61,-1.06,-0.12,0.83
2001-04-26,000935,11.25,11.29,11.55,11.25,1779,4351023.5,2.67,0.44,0.05,0.31
2001-04-27,000935,11.29,11.26,11.54,11.2,1457,3555765.5,3.01,-0.27,-0.03,0.25
2001-04-30,000935,11.26,11.33,11.41,11.22,1989,4831996.0,1.69,0.62,0.07,0.34
2001-05-08,000935,11.33,11.4,11.5,11.2,948,2308063.0,2.65,0.62,0.07,0.16
2001-05-09,000935,11.2,11.44,11.77,11.2,2693,6611840.5,5.0,0.35,0.04,0.46
2001-05-11,000935,11.44,11.39,11.74,11.3,2141,5307738.0,3.85,-0.44,-0.05,0.37
2001-05-14,000935,11.39,11.17,11.55,11.15,3253,7880056.5,3.51,-1.93,-0.22,0.56
2001-05-15,000935,11.17,11.41,11.55,11.04,3120,7529149.5,4.57,2.15,0.24,0.54
2001-05-16,000935,11.41,11.44,11.56,11.28,8261,20187704.0,2.45,0.26,0.03,1.42
2001-05-17,000935,11.44,11.64,11.71,11.3,16101,39991664.0,3.58,1.75,0.2,2.78
2001-05-18,000935,11.64,11.57,11.72,11.5,7835,19469414.0,1.89,-0.6,-0.07,1.35
2001-05-21,000935,11.57,11.56,11.72,11.38,5074,12567949.0,2.94,-0.09,-0.01,0.87
2001-05-22,000935,11.56,12.07,12.09,11.51,12944,32754120.0,5.02,4.41,0.51,2.23
2001-05-23,000935,12.13,12.24,12.42,12.09,12810,33481918.0,2.73,1.41,0.17,2.21
2001-05-24,000935,12.24,12.08,12.57,12.05,10303,27098574.0,4.25,-1.31,-0.16,1.78
2001-05-25,000935,12.08,11.9,12.3,11.88,5862,15097294.0,3.48,-1.49,-0.18,1.01
2001-05-28,000935,11.9,11.68,12.16,11.61,9287,23474294.0,4.62,-1.85,-0.22,1.6
2001-05-29,000935,11.66,11.53,11.82,11.43,8520,21246840.0,3.34,-1.28,-0.15,1.47
2001-05-30,000935,11.53,11.47,12.01,11.35,15955,22106724.0,5.72,-0.52,-0.06,1.53
2001-05-31,000935,11.55,11.54,11.81,11.36,9964,13660525.0,3.92,0.61,0.07,0.95
2001-06-01,000935,11.73,11.77,12.02,11.56,14832,20800506.0,3.99,1.99,0.23,1.42
2001-06-04,000935,12.02,11.57,12.39,11.38,63984,88554856.0,8.58,-1.7,-0.2,6.13
2001-06-05,000935,11.46,10.9,11.46,10.62,54941,72466632.0,7.26,-5.79,-0.67,5.26
2001-06-06,000935,10.8,10.92,11.07,10.76,7948,10292915.0,2.84,0.18,0.02,0.76
2001-06-07,000935,11.04,11.33,11.64,10.94,14097,18964852.0,6.41,3.75,0.41,1.35
2001-06-11,000935,11.18,10.98,11.27,10.9,6459,8498754.0,3.27,-3.09,-0.35,0.62
2001-06-12,000935,10.98,10.82,11.14,10.8,7607,9955098.0,3.1,-1.46,-0.16,0.73
2001-06-13,000935,10.83,10.61,10.9,10.52,12023,15365803.0,3.51,-1.94,-0.21,1.15
2001-06-14,000935,10.63,10.58,11.12,10.5,7194,9153100.0,5.84,-0.28,-0.03,0.69
2001-06-15,000935,10.57,10.57,11.03,10.52,10755,13806832.0,4.82,-0.09,-0.01,1.03
2001-06-18,000935,10.67,10.5,10.76,10.38,4765,6018638.0,3.6,-0.66,-0.07,0.46
2001-06-19,000935,10.48,10.67,10.8,10.48,3583,4545038.0,3.05,1.62,0.17,0.34
2001-06-20,000935,10.71,10.85,10.99,10.54,7695,9874122.0,4.22,1.69,0.18,0.74
2001-06-21,000935,10.53,10.75,10.97,10.53,2341,3016430.25,4.06,-0.92,-0.1,0.22
2001-06-22,000935,10.71,10.73,10.89,10.57,4324,5502174.0,2.98,-0.19,-0.02,0.41
2001-06-25,000935,10.73,10.88,10.94,10.57,14135,18221692.0,3.45,1.4,0.15,1.35
2001-06-26,000935,10.94,11.38,11.46,10.88,27856,37091720.0,5.33,4.6,0.5,2.67
2001-06-27,000935,11.45,11.55,11.68,11.32,29950,40983832.0,3.16,1.49,0.17,2.87
2001-06-28,000935,11.6,11.64,12.0,11.5,48425,67168304.0,4.33,0.78,0.09,4.64
2001-06-29,000935,11.69,11.76,11.92,11.6,22069,30728748.0,2.75,1.03,0.12,2.11
2001-07-02,000935,11.83,10.93,12.09,10.92,76737,102130688.0,9.95,-7.06,-0.83,7.35
2001-07-03,000935,10.52,9.71,10.89,9.71,74469,89008216.0,10.8,-11.16,-1.22,7.13
2001-07-04,000935,9.22,9.65,9.86,9.13,50003,56778248.0,7.52,-0.62,-0.06,4.79
2001-07-05,000935,9.65,9.34,9.65,9.29,30507,34744196.0,3.73,-3.21,-0.31,2.92
2001-07-06,000935,9.34,9.73,9.96,9.17,34423,39644284.0,8.46,4.18,0.39,3.3
2001-07-09,000935,8.64,9.08,9.47,8.64,301059,319641408.0,8.53,-6.68,-0.65,28.84
2001-07-10,000935,8.05,8.36,8.49,8.05,458248,458278752.0,4.85,-7.93,-0.72,43.89
2001-07-11,000935,8.11,7.96,8.29,7.88,97628,97217360.0,4.9,-4.78,-0.4,9.35
2001-07-12,000935,7.96,7.83,8.19,7.8,82109,81301192.0,4.9,-1.63,-0.13,7.86
2001-07-13,000935,7.87,7.51,8.04,7.48,60700,57851570.0,7.15,-4.09,-0.32,5.81
2001-07-16,000935,7.54,7.18,7.62,7.14,61688,56197092.0,6.39,-4.39,-0.33,5.91
2001-07-17,000935,7.17,7.4,7.45,7.14,33583,30756978.0,4.32,3.06,0.22,3.22
2001-07-18,000935,7.41,7.39,7.44,7.19,17649,16108956.0,3.38,-0.14,-0.01,1.69
2001-07-19,000935,7.43,7.49,7.54,7.4,18926,17662944.0,1.89,1.35,0.1,1.81
2001-07-20,000935,7.52,7.76,7.83,7.49,47269,45378016.0,4.54,3.6,0.27,4.53
2001-07-24,000935,7.76,7.68,7.78,7.54,26439,25207702.0,3.09,-1.03,-0.08,2.53
2001-07-25,000935,7.66,7.36,7.66,7.34,18005,16789294.0,4.17,-4.17,-0.32,1.72
2001-07-26,000935,7.31,7.34,7.42,7.24,13061,11959274.0,2.45,-0.27,-0.02,1.25
2001-07-27,000935,7.34,7.33,7.5,7.27,10972,10126154.0,3.13,-0.14,-0.01,1.05
2001-07-30,000935,7.32,6.47,7.33,6.47,32089,27953358.0,11.73,-11.73,-0.86,3.07
2001-07-31,000935,6.42,6.45,6.76,6.36,25534,21280316.0,6.18,-0.31,-0.02,2.45
2001-08-01,000935,6.51,6.82,6.84,6.51,19962,16979104.0,5.12,5.74,0.37,1.91
2001-08-02,000935,6.81,6.67,6.84,6.42,17475,14622615.0,6.16,-2.2,-0.15,1.67
2001-08-03,000935,6.67,6.64,6.77,6.6,8888,7519680.5,2.55,-0.45,-0.03,0.85
2001-08-06,000935,6.65,6.36,6.65,6.27,14214,11606431.0,5.72,-4.22,-0.28,1.36
2001-08-07,000935,6.37,6.5,6.56,6.36,10508,8669337.0,3.14,2.2,0.14,1.01
2001-08-08,000935,6.52,6.49,6.53,6.43,5906,4882300.0,1.54,-0.15,-0.01,0.57
2001-08-09,000935,6.51,6.66,6.68,6.49,9809,8240175.0,2.93,2.62,0.17,0.94
2001-08-10,000935,6.7,6.82,6.83,6.67,20731,17786792.0,2.4,2.4,0.16,1.99
2001-08-13,000935,6.79,6.73,6.86,6.68,13414,11471351.0,2.64,-1.32,-0.09,1.28
2001-08-14,000935,6.75,6.61,6.81,6.59,9852,8363780.0,3.27,-1.78,-0.12,0.94
2001-08-15,000935,6.61,6.78,6.79,6.61,5893,5004730.5,2.72,2.57,0.17,0.56
2001-08-16,000935,6.79,6.59,6.79,6.59,6661,5626303.0,2.95,-2.8,-0.19,0.64
2001-08-17,000935,6.59,6.64,6.71,6.56,5039,4245282.0,2.28,0.76,0.05,0.48
2001-08-20,000935,6.63,6.65,6.68,6.51,5194,4355493.5,2.56,0.15,0.01,0.5
2001-08-21,000935,6.69,6.76,6.84,6.67,9066,7781615.5,2.56,1.65,0.11,0.87
2001-08-22,000935,6.74,6.6,6.74,6.51,7857,6579432.0,3.4,-2.37,-0.16,0.75
2001-08-23,000935,6.57,6.58,6.61,6.48,5611,4666477.0,1.97,-0.3,-0.02,0.54
2001-08-24,000935,6.59,6.84,6.95,6.5,27334,23518566.0,6.84,3.95,0.26,2.62
2001-08-27,000935,6.79,6.98,7.15,6.73,58864,51777080.0,6.14,2.05,0.14,5.64
2001-08-28,000935,6.98,6.99,7.06,6.66,26761,23334826.0,5.73,0.14,0.01,2.56
2001-08-29,000935,6.99,7.15,7.21,6.87,28832,25611082.0,4.86,2.29,0.16,2.76
2001-08-30,000935,7.15,7.06,7.21,7.03,16710,14960058.0,2.52,-1.26,-0.09,1.6
2001-08-31,000935,7.04,6.79,7.08,6.78,14869,12911960.0,4.25,-3.82,-0.27,1.42
2001-09-03,000935,6.78,6.63,6.81,6.62,11140,9429230.0,2.8,-2.36,-0.16,1.07
2001-09-04,000935,6.61,6.87,6.89,6.59,7757,6659738.5,4.52,3.62,0.24,0.74
2001-09-05,000935,6.87,7.0,7.09,6.86,15651,13770940.0,3.35,1.89,0.13,1.5
2001-09-06,000935,6.97,6.81,7.02,6.77,8512,7378745.5,3.57,-2.71,-0.19,0.82
2001-09-07,000935,6.79,6.54,6.84,6.54,20347,17150480.0,4.41,-3.96,-0.27,1.95
2001-09-10,000935,6.43,6.72,6.77,6.36,11049,9255568.0,6.27,2.75,0.18,1.06
2001-09-11,000935,6.74,6.67,6.8,6.62,6296,5350569.5,2.68,-0.74,-0.05,0.6
2001-09-12,000935,6.43,6.54,6.61,6.28,13747,11389841.0,4.95,-1.95,-0.13,1.32
2001-09-13,000935,6.54,6.51,6.63,6.51,5270,4400156.5,1.83,-0.46,-0.03,0.5
2001-09-14,000935,6.5,6.38,6.56,6.37,10793,8854778.0,2.92,-2.0,-0.13,1.03
2001-09-17,000935,6.37,6.25,6.41,6.23,12828,10346172.0,2.82,-2.04,-0.13,1.23
2001-09-18,000935,6.26,6.34,6.47,6.26,4188,3393401.5,3.36,1.44,0.09,0.4
2001-09-19,000935,6.37,6.44,6.46,6.29,2912,2373541.25,2.68,1.58,0.1,0.28
2001-09-20,000935,6.47,6.39,6.47,6.38,4814,3948449.0,1.4,-0.78,-0.05,0.46
2001-09-21,000935,6.37,6.3,6.37,6.26,5833,4709542.0,1.72,-1.41,-0.09,0.56
2001-09-24,000935,6.26,6.33,6.34,6.23,5128,4124142.25,1.75,0.48,0.03,0.49
2001-09-25,000935,6.33,6.28,6.4,6.27,2667,2154954.25,2.05,-0.79,-0.05,0.26
2001-09-26,000935,6.31,6.05,6.33,6.05,8009,6359684.5,4.46,-3.66,-0.23,0.77
2001-09-27,000935,6.05,6.08,6.25,5.94,6612,5170887.5,5.12,0.5,0.03,0.63
2001-09-28,000935,6.13,5.94,6.14,5.86,6797,5241282.5,4.61,-2.3,-0.14,0.65
2001-10-08,000935,5.96,5.64,5.97,5.61,6148,4590849.0,6.06,-5.05,-0.3,0.59
2001-10-09,000935,5.64,5.79,5.86,5.59,5316,3971508.25,4.79,2.66,0.15,0.51
2001-10-10,000935,5.79,5.49,5.8,5.47,6510,4743811.0,5.7,-5.18,-0.3,0.62
2001-10-11,000935,5.49,5.37,5.54,5.3,7107,5054953.0,4.37,-2.19,-0.12,0.68
2001-10-12,000935,5.39,5.58,5.71,5.22,9834,7019953.5,9.12,3.91,0.21,0.94
2001-10-15,000935,5.58,5.5,5.63,5.44,5504,3980424.75,3.41,-1.43,-0.08,0.53
2001-10-16,000935,5.53,5.41,5.58,5.39,3492,2505097.25,3.45,-1.64,-0.09,0.33
2001-10-17,000935,5.41,5.34,5.44,5.31,3579,2529415.25,2.4,-1.29,-0.07,0.34
2001-10-18,000935,5.34,5.23,5.41,5.21,5255,3660441.5,3.75,-2.06,-0.11,0.5
2001-10-19,000935,5.21,5.0,5.23,4.92,8763,5916209.5,5.93,-4.4,-0.23,0.84
2001-10-22,000935,4.97,4.83,5.11,4.82,6941,4575540.0,5.8,-3.4,-0.17,0.66
2001-10-23,000935,5.25,5.44,5.44,5.25,18178,12879911.0,3.93,12.63,0.61,1.74
2001-10-24,000935,5.66,5.67,5.89,5.49,34904,25845034.0,7.35,4.23,0.23,3.34
2001-10-25,000935,5.67,5.39,5.67,5.25,15842,11348682.0,7.41,-4.94,-0.28,1.52
2001-10-26,000935,5.39,5.39,5.47,5.3,6985,4938379.0,3.15,0.0,0.0,0.67
2001-10-29,000935,5.39,5.53,5.55,5.39,5266,3783696.25,2.97,2.6,0.14,0.5
2001-10-30,000935,5.55,5.43,5.58,5.41,3896,2796977.25,3.07,-1.81,-0.1,0.37
2001-10-31,000935,5.39,5.38,5.42,5.28,5598,3947017.25,2.58,-0.92,-0.05,0.54
2001-11-01,000935,5.39,5.56,5.67,5.39,9218,6729941.5,5.2,3.35,0.18,0.88
2001-11-02,000935,5.51,5.42,5.55,5.39,7478,5361129.0,2.88,-2.52,-0.14,0.72
2001-11-05,000935,5.41,5.37,5.42,5.33,3603,2550293.5,1.66,-0.92,-0.05,0.35
2001-11-06,000935,5.35,5.39,5.49,5.34,3326,2364620.75,2.79,0.37,0.02,0.32
2001-11-07,000935,5.39,4.97,5.39,4.96,9141,6268021.0,7.98,-7.79,-0.42,0.88
2001-11-08,000935,4.84,5.11,5.13,4.83,7968,5326668.0,6.04,2.82,0.14,0.76
2001-11-09,000935,5.11,5.16,5.22,4.98,5510,3743657.25,4.7,0.98,0.05,0.53
2001-11-12,000935,5.23,5.13,5.25,5.1,2086,1430023.12,2.91,-0.58,-0.03,0.2
2001-11-13,000935,5.1,5.03,5.11,4.97,2875,1929515.12,2.73,-1.95,-0.1,0.28
2001-11-14,000935,5.05,5.06,5.16,5.05,1979,1343279.62,2.19,0.6,0.03,0.19
2001-11-15,000935,5.12,5.08,5.13,5.02,1992,1346463.12,2.17,0.4,0.02,0.19
2001-11-16,000935,5.39,5.19,5.63,5.17,13778,9734489.0,9.06,2.17,0.11,1.32
2001-11-19,000935,5.17,5.3,5.34,5.14,13779,9734489.0,3.85,2.12,0.11,1.32
2001-11-20,000935,5.31,5.49,5.53,5.3,4078,2833324.0,4.34,3.58,0.19,0.39
2001-11-21,000935,5.49,5.57,5.61,5.41,13221,9593457.0,3.64,1.46,0.08,1.27
2001-11-22,000935,5.57,5.69,5.73,5.51,19785,14573909.0,3.95,2.15,0.12,1.9
2001-11-23,000935,5.67,5.59,5.7,5.53,12508,9209804.0,2.99,-1.76,-0.1,1.2
2001-11-26,000935,5.59,5.66,5.7,5.55,7972,5869708.0,2.68,1.25,0.07,0.76
2001-11-27,000935,5.67,5.73,5.75,5.62,8228,6091516.0,2.3,1.24,0.07,0.79
2001-11-28,000935,5.75,5.8,5.88,5.75,18034,13617854.0,2.27,1.22,0.07,1.73
2001-11-29,000935,5.8,5.8,5.89,5.78,13277,10066111.0,1.9,0.0,0.0,1.27
2001-11-30,000935,5.8,5.93,5.94,5.8,9841,7491013.5,2.41,2.24,0.13,0.94
2001-12-03,000935,5.98,6.19,6.23,5.94,28939,22895612.0,4.89,4.38,0.26,2.77
2001-12-04,000935,6.22,6.21,6.22,6.08,14390,11374347.0,2.26,0.32,0.02,1.38
2001-12-05,000935,6.16,5.96,6.17,5.95,21164,16520528.0,3.54,-4.03,-0.25,2.03
2001-12-06,000935,5.91,6.03,6.03,5.89,11493,8877721.0,2.35,1.17,0.07,1.1
2001-12-07,000935,6.07,6.08,6.21,6.03,11704,9224862.0,2.99,0.83,0.05,1.12
2001-12-10,000935,6.08,6.04,6.11,5.97,6170,4793185.5,2.3,-0.66,-0.04,0.59
2001-12-11,000935,6.03,5.88,6.08,5.86,7398,5685983.0,3.64,-2.65,-0.16,0.71
2001-12-12,000935,5.82,5.78,5.91,5.77,6241,4730741.5,2.38,-1.7,-0.1,0.6
2001-12-13,000935,5.77,5.64,5.85,5.63,8533,6350387.0,3.81,-2.42,-0.14,0.82
2001-12-14,000935,5.6,5.57,5.66,5.52,7743,5661894.0,2.48,-1.24,-0.07,0.74
2001-12-17,000935,5.54,5.64,5.67,5.53,5015,3677747.25,2.51,1.26,0.07,0.48
2001-12-18,000935,5.6,5.76,5.77,5.6,4073,3024410.0,3.01,2.13,0.12,0.39
2001-12-19,000935,5.78,5.63,5.78,5.63,3780,2816627.0,2.6,-2.26,-0.13,0.36
2001-12-20,000935,5.57,5.41,5.58,5.39,7589,5440593.0,3.37,-3.91,-0.22,0.73
2001-12-21,000935,5.39,5.53,5.56,5.37,5026,3622039.5,3.51,2.22,0.12,0.48
2001-12-24,000935,5.54,5.39,5.54,5.33,8616,6112040.0,3.8,-2.53,-0.14,0.83
2001-12-25,000935,5.38,5.4,5.44,5.31,3389,2405138.5,2.41,0.19,0.01,0.32
2001-12-26,000935,5.39,5.47,5.48,5.39,4996,3561176.5,1.67,1.3,0.07,0.48
2001-12-27,000935,5.49,5.4,5.53,5.4,4395,3156137.75,2.38,-1.28,-0.07,0.42
2001-12-28,000935,5.4,5.47,5.49,5.39,2959,2106330.0,1.85,1.3,0.07,0.28
2001-12-31,000935,5.51,5.48,5.53,5.47,2865,2066011.62,1.1,0.18,0.01,0.27
2002-01-04,000935,5.48,5.39,5.48,5.39,2893,2061475.75,1.64,-1.64,-0.09,0.28
2002-01-07,000935,5.38,5.39,5.39,5.35,3379,2390282.5,0.74,0.0,0.0,0.32
2002-01-08,000935,5.39,5.25,5.42,5.25,4641,3262179.0,3.15,-2.6,-0.14,0.44
2002-01-09,000935,5.25,5.09,5.27,5.07,5696,3894911.0,3.81,-3.05,-0.16,0.55
2002-01-10,000935,5.15,5.18,5.25,4.97,6754,4558424.0,5.5,1.77,0.09,0.65
2002-01-11,000935,5.21,5.05,5.21,5.03,4769,3228934.5,3.47,-2.51,-0.13,0.46
2002-01-14,000935,5.0,4.85,5.01,4.83,7987,5239504.5,3.56,-3.96,-0.2,0.77
2002-01-15,000935,4.82,4.75,4.93,4.74,4912,3183897.5,3.92,-2.06,-0.1,0.47
2002-01-16,000935,4.74,4.83,4.88,4.66,5544,3569794.75,4.63,1.68,0.08,0.53
2002-01-17,000935,4.83,4.35,4.83,4.28,6182,3823625.75,11.39,-9.94,-0.48,0.59
2002-01-18,000935,4.47,4.22,4.47,4.14,10258,6066347.0,7.59,-2.99,-0.13,0.98
2002-01-21,000935,4.14,3.68,4.14,3.68,9899,5403039.0,10.9,-12.8,-0.54,0.95
2002-01-22,000935,3.62,3.52,3.84,3.42,10926,5671431.5,11.41,-4.35,-0.16,1.05
2002-01-23,000935,3.5,3.99,4.0,3.48,11520,6140717.5,14.77,13.35,0.47,1.1
2002-01-24,000935,3.95,4.28,4.44,3.79,26391,15315988.0,16.29,7.27,0.29,2.53
2002-01-25,000935,4.23,4.23,4.35,4.18,9959,5847544.0,3.97,-1.17,-0.05,0.95
2002-01-28,000935,4.18,3.85,4.27,3.85,13813,7771030.0,9.93,-8.98,-0.38,1.32
2002-01-29,000935,3.72,4.06,4.09,3.62,9420,5252094.5,12.21,5.45,0.21,0.9
2002-01-30,000935,4.02,4.17,4.27,4.0,8910,5156319.0,6.65,2.71,0.11,0.85
2002-01-31,000935,4.28,4.65,4.7,4.28,24222,14930340.0,10.07,11.51,0.48,2.32
2002-02-01,000935,4.65,4.58,4.72,4.56,13715,8620313.0,3.44,-1.51,-0.07,1.31
2002-02-04,000935,4.54,4.8,4.83,4.52,10694,6777501.5,6.77,4.8,0.22,1.02
2002-02-05,000935,4.8,4.83,4.91,4.72,12400,8039050.5,3.96,0.63,0.03,1.19
2002-02-06,000935,4.83,4.62,4.83,4.61,9967,6328424.5,4.55,-4.35,-0.21,0.95
2002-02-07,000935,4.59,4.72,4.8,4.56,10112,6433575.5,5.19,2.16,0.1,0.97
2002-02-08,000935,4.83,4.7,4.83,4.7,8093,5180105.5,2.75,-0.42,-0.02,0.78
2002-02-25,000935,4.83,4.93,4.98,4.79,12415,8125057.5,4.04,4.89,0.23,1.19
2002-02-26,000935,4.95,4.97,4.99,4.82,11783,7767059.0,3.45,0.81,0.04,1.13
2002-02-27,000935,4.93,4.98,5.0,4.93,8698,5789408.5,1.41,0.2,0.01,0.83
2002-02-28,000935,4.97,4.95,5.07,4.9,10336,6882623.5,3.41,-0.6,-0.03,0.99
2002-03-01,000935,4.89,4.7,4.93,4.68,9376,6069251.5,5.05,-5.05,-0.25,0.9
2002-03-04,000935,4.66,4.9,4.92,4.61,6322,4070348.0,6.6,4.26,0.2,0.61
2002-03-05,000935,4.93,5.01,5.07,4.9,10550,7039909.0,3.47,2.24,0.11,1.01
2002-03-06,000935,5.06,5.12,5.28,5.02,26551,18247906.0,5.19,2.2,0.11,2.54
2002-03-07,000935,5.11,5.62,5.63,5.11,56385,40149544.0,10.16,9.77,0.5,5.4
2002-03-08,000935,5.66,5.66,5.81,5.42,51474,37780036.0,6.94,0.71,0.04,4.93
2002-03-11,000935,5.66,5.9,5.91,5.5,39091,29210500.0,7.24,4.24,0.24,3.74
2002-03-12,000935,5.9,5.89,6.15,5.73,58691,45370120.0,7.12,-0.17,-0.01,5.62
2002-03-13,000935,5.78,5.57,6.0,5.53,30278,22668874.0,7.98,-5.43,-0.32,2.9
2002-03-14,000935,5.57,5.78,5.88,5.53,19284,14281226.0,6.28,3.77,0.21,1.85
2002-03-15,000935,5.81,5.58,5.88,5.53,21920,16284874.0,6.06,-3.46,-0.2,2.1
2002-03-18,000935,5.58,5.58,5.77,5.49,11109,8119035.0,5.02,0.0,0.0,1.06
2002-03-19,000935,5.58,5.73,5.76,5.5,11274,8325851.5,4.66,2.69,0.15,1.08
2002-03-20,000935,5.78,5.75,5.82,5.67,13145,9856364.0,2.62,0.35,0.02,1.26
2002-03-21,000935,5.72,5.74,5.8,5.66,11089,8283528.0,2.43,-0.17,-0.01,1.06
2002-03-22,000935,5.72,5.89,5.9,5.69,26307,19881122.0,3.66,2.61,0.15,2.52
2002-03-25,000935,5.91,5.9,6.0,5.87,13643,10458974.0,2.21,0.17,0.01,1.31
2002-03-26,000935,5.9,5.67,5.9,5.56,12702,9442643.0,5.76,-3.9,-0.23,1.22
2002-03-27,000935,5.61,5.68,5.71,5.52,8442,6191461.0,3.35,0.18,0.01,0.81
2002-03-28,000935,5.68,5.67,5.76,5.58,5493,4068250.5,3.17,-0.18,-0.01,0.53
2002-03-29,000935,5.67,5.4,5.67,5.3,13567,9747753.0,6.53,-4.76,-0.27,1.3
2002-04-01,000935,5.38,5.4,5.47,5.28,7291,5166147.0,3.52,0.0,0.0,0.7
2002-04-02,000935,5.41,5.46,5.6,5.36,8951,6413311.5,4.44,1.11,0.06,0.86
2002-04-03,000935,5.49,5.51,5.56,5.45,5361,3865824.75,2.01,0.92,0.05,0.51
2002-04-04,000935,5.47,5.66,5.67,5.35,8172,5933819.0,5.81,2.72,0.15,0.78
2002-04-05,000935,5.67,5.7,5.81,5.66,15620,11666363.0,2.65,0.71,0.04,1.5
2002-04-08,000935,5.68,5.78,5.84,5.68,8570,6444705.0,2.81,1.4,0.08,0.82
2002-04-09,000935,5.78,5.88,5.9,5.73,15295,11591551.0,2.94,1.73,0.1,1.47
2002-04-10,000935,5.88,5.85,5.94,5.79,12456,9432732.0,2.55,-0.51,-0.03,1.19
2002-04-11,000935,5.86,5.67,5.86,5.65,10171,7585801.0,3.59,-3.08,-0.18,0.97
2002-04-12,000935,5.67,5.71,5.76,5.67,5789,4311939.0,1.59,0.71,0.04,0.55
2002-04-15,000935,5.72,5.76,5.79,5.67,4874,3629615.0,2.1,0.88,0.05,0.47
2002-04-16,000935,5.77,5.72,5.84,5.69,5622,4216972.0,2.6,-0.69,-0.04,0.54
2002-04-17,000935,5.72,5.7,5.77,5.58,9645,7135336.0,3.32,-0.35,-0.02,0.92
2002-04-18,000935,5.76,5.54,5.76,5.53,8532,6256794.0,4.04,-2.81,-0.16,0.82
2002-04-19,000935,5.49,5.58,5.66,5.4,6616,4765620.0,4.69,0.72,0.04,0.63
2002-04-22,000935,5.59,5.53,5.61,5.48,3732,2708787.75,2.33,-0.9,-0.05,0.36
2002-04-23,000935,5.54,5.53,5.59,5.49,4029,2921092.0,1.81,0.0,0.0,0.39
2002-04-24,000935,5.51,5.44,5.55,5.43,4252,3054636.0,2.17,-1.63,-0.09,0.41
2002-04-25,000935,5.44,5.5,5.51,5.41,11901,8531986.0,1.84,1.1,0.06,1.14
2002-04-26,000935,5.51,5.63,5.63,5.51,5648,4133046.75,2.18,2.36,0.13,0.54
2002-04-29,000935,5.67,5.74,5.78,5.57,9476,7030051.5,3.73,1.95,0.11,0.91
2002-04-30,000935,5.75,5.69,5.77,5.66,7019,5211233.0,1.92,-0.87,-0.05,0.67
2002-05-08,000935,5.7,5.63,5.73,5.59,4300,3165517.25,2.46,-1.05,-0.06,0.41
2002-05-09,000935,5.59,5.65,5.67,5.59,5803,4270379.0,1.42,0.36,0.02,0.56
2002-05-10,000935,5.66,5.53,5.66,5.49,6564,4773145.0,3.01,-2.12,-0.12,0.63
2002-05-13,000935,5.49,5.45,5.52,5.43,5240,3753519.0,1.63,-1.45,-0.08,0.5
2002-05-14,000935,5.45,5.49,5.55,5.44,3380,2436046.75,2.02,0.73,0.04,0.32
2002-05-15,000935,5.49,5.43,5.53,5.42,4321,3100376.0,2.0,-1.09,-0.06,0.41
2002-05-16,000935,5.39,5.08,5.43,5.08,9383,6495884.0,6.45,-6.45,-0.35,0.9
2002-05-17,000935,5.08,5.15,5.21,5.02,7573,5149297.0,3.74,1.38,0.07,0.73
2002-05-20,000935,5.11,5.02,5.11,4.93,5139,3417205.75,3.5,-2.52,-0.13,0.49
2002-05-21,000935,5.22,5.32,5.36,5.12,8405,5847684.0,4.78,5.98,0.3,0.81
2002-05-22,000935,5.3,5.16,5.33,5.15,4420,3057791.25,3.38,-3.01,-0.16,0.42
2002-05-23,000935,5.22,5.2,5.3,5.16,3512,2436560.75,2.71,0.78,0.04,0.34
2002-05-24,000935,5.2,5.04,5.22,5.02,5065,3425789.0,3.85,-3.08,-0.16,0.49
2002-05-27,000935,5.07,5.11,5.19,5.02,3763,2542042.75,3.37,1.39,0.07,0.36
2002-05-28,000935,5.16,5.18,5.23,5.1,3345,2296847.25,2.54,1.37,0.07,0.32
2002-05-29,000935,5.18,5.0,5.18,4.97,3621,2425328.0,4.05,-3.47,-0.18,0.35
2002-05-30,000935,5.0,5.0,5.1,4.84,4073,2698647.5,5.2,0.0,0.0,0.39
2002-05-31,000935,5.02,4.94,5.07,4.93,2348,1561866.25,2.8,-1.2,-0.06,0.22
2002-06-03,000935,4.93,4.76,4.93,4.75,4726,3053383.0,3.64,-3.64,-0.18,0.45
2002-06-04,000935,4.76,4.77,4.83,4.67,2908,1869681.88,3.36,0.21,0.01,0.28
2002-06-05,000935,4.77,4.56,4.77,4.56,4099,2571515.0,4.4,-4.4,-0.21,0.39
2002-06-06,000935,4.56,4.87,5.0,4.48,7309,4689486.5,11.4,6.8,0.31,0.7
2002-06-07,000935,4.88,4.98,5.02,4.81,11925,7874479.5,4.31,2.26,0.11,1.14
2002-06-10,000935,4.98,4.93,5.02,4.91,5830,3858390.25,2.21,-1.0,-0.05,0.56
2002-06-11,000935,4.93,5.0,5.01,4.85,4698,3120236.25,3.25,1.42,0.07,0.45
2002-06-12,000935,4.97,4.94,5.01,4.89,3599,2381966.25,2.4,-1.2,-0.06,0.34
2002-06-13,000935,4.93,4.81,4.97,4.79,3555,2334789.5,3.64,-2.63,-0.13,0.34
2002-06-14,000935,4.79,4.74,4.87,4.72,3632,2338990.5,3.12,-1.46,-0.07,0.35
2002-06-17,000935,4.7,4.74,4.76,4.67,2120,1352167.38,1.9,0.0,0.0,0.2
2002-06-18,000935,4.77,4.94,4.98,4.77,4889,3218517.75,4.43,4.22,0.2,0.47
2002-06-19,000935,4.93,4.83,4.93,4.82,3482,2275030.75,2.23,-2.23,-0.11,0.33
2002-06-20,000935,4.87,4.95,5.01,4.85,5435,3602093.75,3.31,2.48,0.12,0.52
2002-06-21,000935,5.0,5.25,5.29,4.96,21894,15059923.0,6.67,6.06,0.3,2.1
2002-06-24,000935,5.89,5.89,5.89,5.58,59617,44947272.0,5.9,12.19,0.64,5.71
2002-06-26,000935,5.81,5.86,5.91,5.6,36236,27219622.0,5.26,-0.51,-0.03,3.47
2002-06-27,000935,5.86,5.87,5.97,5.81,24935,18991400.0,2.73,0.17,0.01,2.39
2002-06-28,000935,5.9,5.87,6.08,5.75,30776,23578820.0,5.62,0.0,0.0,2.95
2002-07-01,000935,5.87,5.67,5.94,5.67,12788,9551255.0,4.6,-3.41,-0.2,1.22
2002-07-02,000935,5.6,5.76,5.76,5.6,9440,6987380.5,2.82,1.59,0.09,0.9
2002-07-03,000935,5.77,5.76,5.81,5.67,7902,5911508.0,2.43,0.0,0.0,0.76
2002-07-04,000935,5.75,5.77,5.87,5.68,15378,11585498.0,3.3,0.17,0.01,1.47
2002-07-05,000935,5.77,5.81,5.84,5.65,5919,4434157.0,3.29,0.69,0.04,0.57
2002-07-08,000935,5.85,5.89,5.9,5.81,13542,10286901.0,1.55,1.38,0.08,1.3
2002-07-09,000935,5.89,5.77,5.89,5.76,8522,6438107.0,2.21,-2.04,-0.12,0.82
2002-07-10,000935,5.77,5.66,5.77,5.65,9314,6907365.0,2.08,-1.91,-0.11,0.89
2002-07-11,000935,5.66,5.65,5.73,5.62,5338,3945203.5,1.94,-0.18,-0.01,0.51
2002-07-12,000935,5.47,5.44,5.54,5.4,37539,26932288.0,2.48,-3.72,-0.21,3.6
2002-07-15,000935,5.4,5.35,5.41,5.33,12487,8829010.0,1.47,-1.65,-0.09,1.2
2002-07-16,000935,5.31,5.39,5.44,5.31,6827,4852883.0,2.43,0.75,0.04,0.65
2002-07-17,000935,5.39,5.44,5.44,5.35,5230,3708430.5,1.67,0.93,0.05,0.5
2002-07-18,000935,5.45,5.47,5.52,5.41,6379,4590424.0,2.02,0.55,0.03,0.61
2002-07-19,000935,5.47,5.51,5.53,5.44,5961,4292937.0,1.65,0.73,0.04,0.57
2002-07-22,000935,5.51,5.37,5.52,5.31,7900,5621072.0,3.81,-2.54,-0.14,0.76
2002-07-23,000935,5.35,5.31,5.39,5.3,6888,4844550.5,1.68,-1.12,-0.06,0.66
2002-07-24,000935,5.31,5.34,5.37,5.29,4492,3154580.25,1.51,0.56,0.03,0.43
2002-07-25,000935,5.37,5.25,5.39,5.24,4816,3363230.25,2.81,-1.69,-0.09,0.46
2002-07-26,000935,5.22,5.18,5.27,5.17,4255,2939065.0,1.9,-1.33,-0.07,0.41
2002-07-29,000935,5.16,5.28,5.29,5.11,8299,5694962.0,3.47,1.93,0.1,0.79
2002-07-30,000935,5.28,5.26,5.29,5.19,3392,2353194.75,1.89,-0.38,-0.02,0.32
2002-07-31,000935,5.26,5.17,5.29,5.14,2186,1510196.38,2.85,-1.71,-0.09,0.21
2002-08-01,000935,5.14,5.18,5.23,5.13,2049,1406219.62,1.93,0.19,0.01,0.2
2002-08-02,000935,5.22,5.24,5.25,5.19,1915,1324545.5,1.16,1.16,0.06,0.18
2002-08-05,000935,5.24,5.2,5.24,5.16,1301,895769.25,1.53,-0.76,-0.04,0.12
2002-08-06,000935,5.2,5.31,5.34,5.17,5423,3789018.0,3.27,2.12,0.11,0.52
2002-08-07,000935,5.31,5.27,5.32,5.25,1952,1362984.75,1.32,-0.75,-0.04,0.19
2002-08-08,000935,5.29,5.22,5.32,5.21,2574,1792837.62,2.09,-0.95,-0.05,0.25
2002-08-09,000935,5.23,5.21,5.24,5.15,3016,2074240.0,1.72,-0.19,-0.01,0.29
2002-08-12,000935,5.16,5.14,5.21,5.12,2465,1685673.5,1.73,-1.34,-0.07,0.24
2002-08-13,000935,5.19,5.14,5.19,5.13,1223,838303.0,1.17,0.0,0.0,0.12
2002-08-14,000935,5.17,5.25,5.25,5.14,1465,1009323.0,2.14,2.14,0.11,0.14
2002-08-15,000935,5.22,5.2,5.25,5.19,1496,1031707.5,1.14,-0.95,-0.05,0.14
2002-08-16,000935,5.17,5.26,5.3,5.17,2917,2025496.38,2.5,1.15,0.06,0.28
2002-08-19,000935,5.23,5.25,5.32,5.21,2533,1763472.5,2.09,-0.19,-0.01,0.24
2002-08-20,000935,5.25,5.35,5.37,5.25,8364,5867749.5,2.29,1.9,0.1,0.8
2002-08-21,000935,5.36,5.34,5.37,5.28,4794,3367345.75,1.68,-0.19,-0.01,0.46
2002-08-22,000935,5.33,5.41,5.45,5.33,5583,3927827.25,2.25,1.31,0.07,0.53
2002-08-23,000935,5.41,5.37,5.41,5.37,2550,1791028.75,0.74,-0.74,-0.04,0.24
2002-08-26,000935,5.37,5.34,5.39,5.32,3150,2198601.0,1.3,-0.56,-0.03,0.3
2002-08-27,000935,5.33,5.41,5.42,5.33,3796,2667907.25,1.69,1.31,0.07,0.36
2002-08-28,000935,5.42,5.43,5.45,5.41,4370,3091303.5,0.74,0.37,0.02,0.42
2002-08-29,000935,5.44,5.37,5.49,5.37,5459,3860363.75,2.21,-1.1,-0.06,0.52
2002-08-30,000935,5.41,5.39,5.41,5.33,3147,2202165.75,1.49,0.37,0.02,0.3
2002-09-02,000935,5.42,5.41,5.42,5.37,4043,2845877.75,0.93,0.37,0.02,0.39
2002-09-03,000935,5.41,5.49,5.5,5.41,8361,5940705.0,1.66,1.48,0.08,0.8
2002-09-04,000935,5.5,5.47,5.53,5.45,6754,4817713.5,1.46,-0.36,-0.02,0.65
2002-09-05,000935,5.43,5.5,5.53,5.39,13026,9234799.0,2.56,0.55,0.03,1.25
2002-09-06,000935,5.53,5.54,5.62,5.49,36112,26071878.0,2.36,0.73,0.04,3.46
2002-09-09,000935,5.56,5.67,5.67,5.51,41568,30071996.0,2.89,2.35,0.13,3.98
2002-09-10,000935,5.65,5.63,5.65,5.55,16085,11661069.0,1.76,-0.71,-0.04,1.54
2002-09-11,000935,5.62,5.56,5.62,5.47,11687,8367266.5,2.66,-1.24,-0.07,1.12
2002-09-12,000935,5.54,5.53,5.6,5.49,5863,4208124.5,1.98,-0.54,-0.03,0.56
2002-09-13,000935,5.55,5.6,5.64,5.52,9870,7152676.5,2.17,1.27,0.07,0.95
2002-09-16,000935,5.57,5.39,5.6,5.39,9798,6949273.5,3.75,-3.75,-0.21,0.94
2002-09-17,000935,5.39,5.25,5.44,5.23,10358,7177398.5,3.9,-2.6,-0.14,0.99
2002-09-18,000935,5.25,5.2,5.32,5.19,4564,3133073.5,2.48,-0.95,-0.05,0.44
2002-09-19,000935,5.18,5.32,5.35,5.11,7965,5458083.5,4.62,2.31,0.12,0.76
2002-09-20,000935,5.3,5.22,5.3,5.21,3375,2318649.5,1.69,-1.88,-0.1,0.32
2002-09-23,000935,5.17,5.22,5.32,5.16,2400,1645972.75,3.07,0.0,0.0,0.23
2002-09-24,000935,5.23,5.19,5.26,5.17,2986,2035820.62,1.72,-0.57,-0.03,0.29
2002-09-25,000935,5.18,5.18,5.23,5.13,3296,2239839.25,1.93,-0.19,-0.01,0.32
2002-09-26,000935,5.18,5.11,5.22,5.11,4047,2739238.5,2.12,-1.35,-0.07,0.39
2002-09-27,000935,5.14,5.1,5.16,5.06,3750,2512789.0,1.96,-0.2,-0.01,0.36
2002-10-08,000935,5.08,5.07,5.09,5.03,1865,1244631.88,1.18,-0.59,-0.03,0.18
2002-10-09,000935,5.07,4.9,5.07,4.86,3038,1989624.0,4.14,-3.35,-0.17,0.29
2002-10-10,000935,4.9,4.91,4.99,4.88,3167,2065342.25,2.24,0.2,0.01,0.3
2002-10-11,000935,4.92,4.91,4.95,4.9,1966,1282849.5,1.02,0.0,0.0,0.19
2002-10-14,000935,4.9,4.95,4.99,4.85,3048,1976183.75,2.85,0.81,0.04,0.29
2002-10-15,000935,4.9,4.91,4.97,4.88,1980,1290764.5,1.82,-0.81,-0.04,0.19
2002-10-16,000935,4.9,4.97,5.03,4.88,3269,2150421.75,3.05,1.22,0.06,0.31
2002-10-17,000935,4.99,4.85,4.99,4.84,2416,1570617.0,3.02,-2.41,-0.12,0.23
2002-10-18,000935,4.83,4.85,4.9,4.79,2599,1671360.38,2.27,0.0,0.0,0.25
2002-10-21,000935,4.86,4.87,4.88,4.79,2860,1833731.12,1.86,0.41,0.02,0.27
2002-10-22,000935,4.88,4.99,5.04,4.85,4613,3029217.5,3.9,2.46,0.12,0.44
2002-10-23,000935,5.03,4.97,5.03,4.91,2086,1371997.38,2.4,-0.4,-0.02,0.2
2002-10-24,000935,5.01,4.9,5.01,4.89,2374,1551667.0,2.41,-1.41,-0.07,0.23
2002-10-25,000935,4.88,4.83,4.97,4.81,2382,1538993.0,3.27,-1.43,-0.07,0.23
2002-10-29,000935,4.81,4.71,4.81,4.6,4774,2989520.0,4.35,-2.48,-0.12,0.46
2002-10-30,000935,4.71,4.69,4.73,4.63,1753,1098414.25,2.12,-0.42,-0.02,0.17
2002-10-31,000935,4.66,4.68,4.74,4.61,3387,2111990.0,2.77,-0.21,-0.01,0.32
2002-11-01,000935,4.69,4.69,4.7,4.62,1763,1099648.38,1.71,0.21,0.01,0.17
2002-11-04,000935,4.69,4.79,4.79,4.66,5777,3660837.25,2.77,2.13,0.1,0.55
2002-11-05,000935,4.79,4.88,4.91,4.79,5433,3510640.5,2.51,1.88,0.09,0.52
2002-11-06,000935,4.9,4.85,4.9,4.82,2715,1750862.75,1.64,-0.61,-0.03,0.26
2002-11-07,000935,4.85,4.81,4.85,4.77,3201,2047103.25,1.65,-0.82,-0.04,0.31
2002-11-08,000935,4.86,4.63,4.9,4.61,5595,3526156.5,6.03,-3.74,-0.18,0.54
2002-11-11,000935,4.63,4.58,4.67,4.57,2150,1330016.0,2.16,-1.08,-0.05,0.21
2002-11-12,000935,4.62,4.4,4.64,4.35,4348,2624738.25,6.33,-3.93,-0.18,0.42
2002-11-13,000935,4.4,4.41,4.42,4.25,4910,2892049.25,3.86,0.23,0.01,0.47
2002-11-14,000935,4.35,4.2,4.4,4.18,4112,2399399.0,4.99,-4.76,-0.21,0.39
2002-11-15,000935,4.21,4.23,4.31,4.14,2842,1645131.88,4.05,0.71,0.03,0.27
2002-11-18,000935,4.24,4.1,4.25,4.06,2195,1242681.0,4.49,-3.07,-0.13,0.21
2002-11-19,000935,4.1,4.15,4.24,3.98,3072,1734477.88,6.34,1.22,0.05,0.29
2002-11-20,000935,4.14,4.08,4.14,3.99,9369,5246413.0,3.61,-1.69,-0.07,0.9
2002-11-21,000935,4.01,3.79,4.08,3.78,5849,3197641.0,7.35,-7.11,-0.29,0.56
2002-11-22,000935,3.78,3.86,3.96,3.72,4843,2610364.5,6.33,1.85,0.07,0.46
2002-11-25,000935,3.81,3.92,3.99,3.76,2920,1586058.75,5.96,1.55,0.06,0.28
2002-11-26,000935,3.89,3.76,4.01,3.76,3232,1746498.25,6.38,-4.08,-0.16,0.31
2002-11-27,000935,3.78,3.88,3.92,3.71,3855,2060515.0,5.59,3.19,0.12,0.37
2002-11-28,000935,3.88,4.03,4.04,3.86,5531,3034413.0,4.64,3.87,0.15,0.53
2002-11-29,000935,4.01,4.11,4.21,3.98,11522,6535857.5,5.71,1.99,0.08,1.1
2002-12-02,000935,4.1,3.9,4.1,3.87,4136,2280290.0,5.6,-5.11,-0.21,0.4
2002-12-03,000935,3.89,3.97,3.97,3.87,3113,1696961.38,2.56,1.79,0.07,0.3
2002-12-04,000935,3.98,4.0,4.09,3.93,3511,1955421.25,4.03,0.76,0.03,0.34
2002-12-05,000935,3.95,3.95,3.99,3.89,2046,1119599.25,2.5,-1.25,-0.05,0.2
2002-12-06,000935,3.95,3.97,4.01,3.92,1900,1046900.94,2.28,0.51,0.02,0.18
2002-12-09,000935,3.94,3.93,3.99,3.9,2014,1102406.0,2.27,-1.01,-0.04,0.19
2002-12-10,000935,3.92,3.87,4.0,3.86,1724,937890.81,3.56,-1.53,-0.06,0.17
2002-12-11,000935,3.87,3.85,3.88,3.78,2004,1067701.75,2.58,-0.52,-0.02,0.19
2002-12-12,000935,3.84,3.87,3.95,3.84,1620,878414.0,2.86,0.52,0.02,0.16
2002-12-13,000935,3.81,3.97,4.04,3.78,2743,1488788.88,6.72,2.58,0.1,0.26
2002-12-16,000935,3.99,4.07,4.09,3.97,4797,2680328.25,3.02,2.52,0.1,0.46
2002-12-17,000935,4.07,4.12,4.14,4.02,6124,3444915.5,2.95,1.23,0.05,0.59
2002-12-18,000935,4.13,4.04,4.16,4.02,4963,2810239.0,3.4,-1.94,-0.08,0.48
2002-12-19,000935,4.01,4.11,4.23,4.01,7970,4521184.5,5.45,1.73,0.07,0.76
2002-12-20,000935,4.13,4.14,4.16,4.02,4597,2595560.0,3.41,0.73,0.03,0.44
2002-12-23,000935,4.18,4.14,4.25,4.13,6534,3749367.75,2.9,0.0,0.0,0.63
2002-12-24,000935,4.12,4.14,4.15,4.06,2519,1422064.38,2.17,0.0,0.0,0.24
2002-12-25,000935,4.14,4.11,4.18,4.1,2920,1659336.0,1.93,-0.72,-0.03,0.28
2002-12-26,000935,4.06,3.84,4.08,3.83,5640,3090760.0,6.08,-6.57,-0.27,0.54
2002-12-27,000935,3.85,3.86,3.93,3.78,4070,2186786.75,3.91,0.52,0.02,0.39
2002-12-30,000935,3.83,3.78,3.83,3.74,4214,2232156.75,2.33,-2.07,-0.08,0.4
2002-12-31,000935,3.78,3.72,3.83,3.72,3145,1663713.88,2.91,-1.59,-0.06,0.3
2003-01-02,000935,3.72,3.65,3.74,3.64,3245,1681557.75,2.69,-1.88,-0.07,0.31
2003-01-03,000935,3.65,3.73,3.73,3.62,2177,1129753.75,3.01,2.19,0.08,0.21
2003-01-06,000935,3.75,3.8,3.8,3.69,2584,1362457.12,2.95,1.88,0.07,0.25
2003-01-07,000935,3.79,3.75,3.83,3.73,2308,1222306.38,2.63,-1.32,-0.05,0.22
2003-01-08,000935,3.75,3.9,3.91,3.73,4364,2335390.75,4.8,4.0,0.15,0.42
2003-01-09,000935,3.9,3.98,4.03,3.87,7279,3995815.75,4.1,2.05,0.08,0.7
2003-01-10,000935,4.0,3.92,4.04,3.91,5740,3158274.0,3.27,-1.51,-0.06,0.55
2003-01-13,000935,3.88,3.93,3.98,3.86,4161,2257848.75,3.06,0.26,0.01,0.4
2003-01-14,000935,3.97,4.2,4.29,3.93,16206,9204317.0,9.16,6.87,0.27,1.55
2003-01-15,000935,4.2,4.11,4.25,4.08,9976,5692722.0,4.05,-2.14,-0.09,0.96
2003-01-16,000935,4.11,4.2,4.21,4.07,7351,4180713.5,3.41,2.19,0.09,0.7
2003-01-17,000935,4.21,4.25,4.31,4.14,15826,9156573.0,4.05,1.19,0.05,1.52
2003-01-20,000935,4.25,4.38,4.39,4.2,16173,9464518.0,4.47,3.06,0.13,1.55
2003-01-21,000935,4.35,4.18,4.37,4.17,9874,5737685.5,4.57,-4.57,-0.2,0.95
2003-01-22,000935,4.15,4.19,4.24,4.11,5474,3126939.5,3.11,0.24,0.01,0.52
2003-01-23,000935,4.17,4.09,4.26,4.06,7611,4337833.0,4.77,-2.39,-0.1,0.73
2003-01-24,000935,4.11,4.16,4.18,4.07,5103,2895674.25,2.69,1.71,0.07,0.49
2003-01-27,000935,4.22,4.25,4.28,4.15,5884,3396366.0,3.13,2.16,0.09,0.56
2003-01-28,000935,4.23,4.28,4.29,4.22,5354,3112084.5,1.65,0.71,0.03,0.51
2003-01-29,000935,4.25,4.24,4.29,4.23,5156,3001949.75,1.4,-0.93,-0.04,0.49
2003-02-10,000935,4.26,4.16,4.26,4.14,3308,1892196.75,2.83,-1.89,-0.08,0.32
2003-02-11,000935,4.15,4.23,4.23,4.14,1874,1074819.5,2.16,1.68,0.07,0.18
2003-02-12,000935,4.23,4.37,4.42,4.17,9424,5556883.0,5.91,3.31,0.14,0.9
2003-02-13,000935,4.37,4.3,4.41,4.3,6245,3693461.0,2.52,-1.6,-0.07,0.6
2003-02-14,000935,4.34,4.35,4.41,4.34,7141,4233284.5,1.63,1.16,0.05,0.68
2003-02-17,000935,4.38,4.37,4.41,4.31,7295,4321432.0,2.3,0.46,0.02,0.7
2003-02-18,000935,4.36,4.36,4.39,4.3,3779,2227691.0,2.06,-0.23,-0.01,0.36
2003-02-19,000935,4.37,4.43,4.44,4.32,8370,4978956.0,2.75,1.61,0.07,0.8
2003-02-20,000935,4.45,4.45,4.5,4.42,11964,7208003.0,1.81,0.45,0.02,1.15
2003-02-21,000935,4.44,4.33,4.49,4.3,12573,7482192.5,4.27,-2.7,-0.12,1.2
2003-02-24,000935,4.32,4.32,4.37,4.29,4131,2433472.25,1.85,-0.23,-0.01,0.4
2003-02-25,000935,4.32,4.42,4.42,4.3,5731,3409997.75,2.78,2.31,0.1,0.55
2003-02-26,000935,4.42,4.43,4.47,4.39,4423,2650171.75,1.81,0.23,0.01,0.42
2003-02-27,000935,4.42,4.42,4.46,4.4,4590,2752704.25,1.35,-0.23,-0.01,0.44
2003-02-28,000935,4.42,4.36,4.42,4.33,3426,2027624.25,2.04,-1.36,-0.06,0.33
2003-03-03,000935,4.36,4.39,4.4,4.3,4815,2840635.75,2.29,0.69,0.03,0.46
2003-03-04,000935,4.4,4.48,4.48,4.34,8386,5034759.0,3.19,2.05,0.09,0.8
2003-03-05,000935,4.51,4.45,4.54,4.43,14530,8785808.0,2.46,-0.67,-0.03,1.39
2003-03-06,000935,4.43,4.32,4.43,4.31,5180,3064960.5,2.7,-2.92,-0.13,0.5
2003-03-07,000935,4.32,4.3,4.36,4.28,3434,2016949.25,1.85,-0.46,-0.02,0.33
2003-03-10,000935,4.21,4.13,4.29,4.13,4854,2786462.25,3.72,-3.95,-0.17,0.46
2003-03-11,000935,4.13,4.14,4.16,4.11,2550,1448310.0,1.21,0.24,0.01,0.24
2003-03-12,000935,4.15,4.14,4.16,4.01,4410,2481079.5,3.62,0.0,0.0,0.42
2003-03-13,000935,4.11,4.08,4.14,4.06,2449,1380338.25,1.93,-1.45,-0.06,0.23
2003-03-14,000935,4.13,4.07,4.13,4.03,2035,1141530.0,2.45,-0.25,-0.01,0.19
2003-03-17,000935,4.06,4.04,4.06,3.98,2363,1311447.88,1.97,-0.74,-0.03,0.23
2003-03-18,000935,4.06,4.0,4.11,4.0,2242,1252287.0,2.72,-0.99,-0.04,0.21
2003-03-19,000935,3.99,4.0,4.05,3.94,2775,1532616.5,2.75,0.0,0.0,0.27
2003-03-20,000935,4.0,3.99,4.03,3.98,2031,1124024.25,1.25,-0.25,-0.01,0.19
2003-03-21,000935,3.98,4.05,4.07,3.98,1888,1052807.0,2.26,1.5,0.06,0.18
2003-03-24,000935,4.06,4.07,4.08,4.02,1043,582778.0,1.48,0.49,0.02,0.1
2003-03-25,000935,4.04,4.01,4.04,4.0,1250,693896.62,0.98,-1.47,-0.06,0.12
2003-03-26,000935,3.97,3.99,4.05,3.97,1031,569807.0,2.0,-0.5,-0.02,0.1
2003-03-27,000935,3.99,4.11,4.14,3.93,4988,2775000.5,5.26,3.01,0.12,0.48
2003-03-28,000935,4.14,4.19,4.21,4.12,8381,4779787.0,2.19,1.95,0.08,0.8
2003-03-31,000935,4.19,4.22,4.22,4.14,6658,3822760.5,1.91,0.72,0.03,0.64
2003-04-01,000935,4.22,4.23,4.25,4.17,5076,2923668.75,1.9,0.24,0.01,0.49
2003-04-02,000935,4.23,4.23,4.25,4.19,3806,2195111.5,1.42,0.0,0.0,0.36
2003-04-03,000935,4.21,4.17,4.24,4.17,2909,1675373.12,1.65,-1.42,-0.06,0.28
2003-04-04,000935,4.16,4.15,4.19,4.12,3304,1881062.62,1.68,-0.48,-0.02,0.32
2003-04-07,000935,4.16,4.07,4.19,4.06,3203,1813581.75,3.13,-1.93,-0.08,0.31
2003-04-08,000935,4.08,4.0,4.09,3.97,6083,3384557.5,2.95,-1.72,-0.07,0.58
2003-04-09,000935,4.01,4.14,4.17,3.98,6605,3698788.25,4.75,3.5,0.14,0.63
2003-04-10,000935,4.15,4.25,4.34,4.15,12246,7104626.0,4.59,2.66,0.11,1.17
2003-04-11,000935,4.25,4.35,4.39,4.18,13273,7764053.0,4.94,2.35,0.1,1.27
2003-04-14,000935,4.39,4.49,4.6,4.39,25546,15578858.0,4.83,3.22,0.14,2.45
2003-04-15,000935,4.53,4.53,4.59,4.48,16582,10116592.0,2.45,0.89,0.04,1.59
2003-04-16,000935,4.53,4.29,4.53,4.28,19548,11660616.0,5.52,-5.3,-0.24,1.87
2003-04-17,000935,4.3,4.33,4.39,4.23,8661,5080293.5,3.73,0.93,0.04,0.83
2003-04-18,000935,4.33,4.37,4.43,4.22,9522,5599620.0,4.85,0.92,0.04,0.91
2003-04-21,000935,4.39,4.29,4.39,4.25,6927,4043987.0,3.2,-1.83,-0.08,0.66
2003-04-22,000935,4.28,4.26,4.31,4.25,3938,2290372.0,1.4,-0.7,-0.03,0.38
2003-04-23,000935,4.28,4.32,4.5,4.28,19262,11506555.0,5.16,1.41,0.06,1.85
2003-04-24,000935,4.27,4.11,4.34,4.06,11032,6329156.5,6.48,-4.86,-0.21,1.06
2003-04-25,000935,4.07,4.03,4.15,4.01,6626,3727831.5,3.41,-1.95,-0.08,0.63
2003-04-28,000935,4.03,4.13,4.14,3.94,7193,3981758.75,4.96,2.48,0.1,0.69
2003-04-29,000935,4.13,3.96,4.13,3.95,6200,3424293.0,4.36,-4.12,-0.17,0.59
2003-04-30,000935,3.97,3.93,4.0,3.87,7654,4174233.75,3.28,-0.76,-0.03,0.73
2003-05-12,000935,3.94,3.84,3.94,3.83,3986,2146898.5,2.8,-2.29,-0.09,0.38
2003-05-13,000935,3.83,3.64,3.83,3.62,7266,3772226.75,5.47,-5.21,-0.2,0.7
2003-05-14,000935,3.64,3.74,3.76,3.61,5751,2998259.0,4.12,2.75,0.1,0.55
2003-05-15,000935,3.78,3.88,3.89,3.69,7145,3799822.25,5.35,3.74,0.14,0.68
2003-05-16,000935,3.89,3.85,3.89,3.82,5410,2902127.25,1.8,-0.77,-0.03,0.52
2003-05-19,000935,3.88,3.93,3.97,3.87,4415,2409674.5,2.6,2.08,0.08,0.42
2003-05-20,000935,3.88,3.86,3.95,3.84,3381,1828079.62,2.8,-1.78,-0.07,0.32
2003-05-21,000935,3.86,3.84,3.89,3.82,2764,1484752.62,1.81,-0.52,-0.02,0.26
2003-05-22,000935,3.81,3.89,3.9,3.78,2498,1339162.88,3.13,1.3,0.05,0.24
2003-05-23,000935,3.87,3.88,3.93,3.84,5715,3094823.5,2.31,-0.26,-0.01,0.55
2003-05-26,000935,3.88,4.02,4.03,3.88,6382,3507634.5,3.87,3.61,0.14,0.61
2003-05-27,000935,4.03,3.99,4.04,3.97,4289,2366634.25,1.74,-0.75,-0.03,0.41
2003-05-28,000935,3.98,3.96,4.03,3.93,4574,2517450.5,2.51,-0.75,-0.03,0.44
2003-05-29,000935,3.96,3.95,3.96,3.89,3993,2176747.5,1.77,-0.25,-0.01,0.38
2003-05-30,000935,3.95,4.01,4.06,3.92,6485,3591681.75,3.54,1.52,0.06,0.62
2003-06-02,000935,4.04,4.02,4.06,3.97,3159,1749974.88,2.24,0.25,0.01,0.3
2003-06-03,000935,4.02,3.95,4.02,3.92,4379,2410468.75,2.49,-1.74,-0.07,0.42
2003-06-04,000935,3.94,3.96,3.97,3.85,4967,2695539.25,3.04,0.25,0.01,0.48
2003-06-05,000935,3.96,3.9,3.96,3.88,2933,1594863.75,2.02,-1.52,-0.06,0.28
2003-06-06,000935,3.86,3.82,3.87,3.82,3384,1818224.25,1.28,-2.05,-0.08,0.32
2003-06-09,000935,3.81,3.8,3.83,3.77,2672,1418819.62,1.57,-0.52,-0.02,0.26
2003-06-10,000935,3.83,3.85,3.87,3.82,1434,770062.5,1.32,1.32,0.05,0.14
2003-06-11,000935,3.84,3.9,3.91,3.84,2860,1547327.12,1.82,1.3,0.05,0.27
2003-06-12,000935,3.91,3.9,3.91,3.86,2310,1250454.5,1.28,0.0,0.0,0.22
2003-06-13,000935,3.9,4.0,4.0,3.9,4999,2741760.25,2.56,2.56,0.1,0.48
2003-06-16,000935,4.0,3.99,4.0,3.92,2995,1648621.0,2.0,-0.25,-0.01,0.29
2003-06-17,000935,4.01,4.04,4.05,3.97,11674,6491400.5,2.01,1.25,0.05,1.12
2003-06-18,000935,4.09,4.0,4.09,4.0,13336,7417818.5,2.23,-0.99,-0.04,1.28
2003-06-19,000935,4.0,3.89,4.03,3.87,4886,2668793.0,4.0,-2.75,-0.11,0.47
2003-06-20,000935,3.89,3.94,3.96,3.87,2715,1481409.75,2.31,1.29,0.05,0.26
2003-06-23,000935,3.95,3.87,3.95,3.86,2160,1172271.62,2.28,-1.78,-0.07,0.21
2003-06-24,000935,3.86,3.86,3.92,3.84,1977,1067572.25,2.07,-0.26,-0.01,0.19
2003-06-26,000935,3.86,3.82,3.86,3.76,2937,1565437.75,2.59,-1.04,-0.04,0.28
2003-06-27,000935,3.86,3.75,3.86,3.74,2176,1151971.62,3.14,-1.83,-0.07,0.21
2003-06-30,000935,3.73,3.67,3.73,3.67,2513,1309165.0,1.6,-2.13,-0.08,0.24
2003-07-01,000935,3.68,3.7,3.73,3.68,1987,1038755.62,1.36,0.82,0.03,0.19
2003-07-02,000935,3.69,3.74,3.76,3.67,1386,724330.19,2.43,1.08,0.04,0.13
2003-07-03,000935,3.71,3.74,3.76,3.71,866,455600.81,1.34,0.0,0.0,0.08
2003-07-04,000935,3.73,3.75,3.78,3.73,995,524289.0,1.34,0.27,0.01,0.1
2003-07-07,000935,3.73,3.73,3.75,3.69,1464,764571.62,1.6,-0.53,-0.02,0.14
2003-07-08,000935,3.73,3.74,3.75,3.7,1913,1003452.5,1.34,0.27,0.01,0.18
2003-07-09,000935,3.74,3.72,3.74,3.72,1319,690498.0,0.53,-0.53,-0.02,0.13
2003-07-10,000935,3.72,3.77,3.8,3.7,2864,1506450.12,2.69,1.34,0.05,0.27
2003-07-11,000935,3.78,3.76,3.78,3.73,2007,1057539.38,1.33,-0.27,-0.01,0.19
2003-07-14,000935,3.74,3.7,3.76,3.69,1399,731458.31,1.86,-1.6,-0.06,0.13
2003-07-15,000935,3.7,3.71,3.72,3.67,1326,690385.62,1.35,0.27,0.01,0.13
2003-07-16,000935,3.74,3.71,3.74,3.69,1430,746233.25,1.35,0.0,0.0,0.14
2003-07-17,000935,3.71,3.71,3.73,3.69,2723,1419767.38,1.08,0.0,0.0,0.26
2003-07-18,000935,3.71,3.64,3.73,3.64,3437,1791016.62,2.43,-1.89,-0.07,0.33
2003-07-21,000935,3.61,3.55,3.64,3.5,4497,2279770.5,3.85,-2.47,-0.09,0.43
2003-07-22,000935,3.59,3.56,3.6,3.52,2325,1172307.62,2.25,0.28,0.01,0.22
2003-07-23,000935,3.59,3.61,3.61,3.55,1278,649225.75,1.69,1.4,0.05,0.12
2003-07-24,000935,3.58,3.57,3.6,3.56,1165,592600.0,1.11,-1.11,-0.04,0.11
2003-07-25,000935,3.57,3.5,3.58,3.49,2508,1258574.0,2.52,-1.96,-0.07,0.24
2003-07-28,000935,3.52,3.42,3.52,3.41,2402,1188995.88,3.14,-2.29,-0.08,0.23
2003-07-29,000935,3.42,3.44,3.46,3.42,2135,1052614.5,1.17,0.58,0.02,0.2
2003-07-30,000935,3.45,3.39,3.45,3.37,1997,977730.19,2.33,-1.45,-0.05,0.19
2003-07-31,000935,3.4,3.39,3.44,3.36,1819,887595.0,2.36,0.0,0.0,0.17
2003-08-01,000935,3.41,3.4,3.41,3.33,1825,885296.69,2.36,0.29,0.01,0.17
2003-08-04,000935,3.43,3.46,3.46,3.37,2216,1088922.75,2.65,1.76,0.06,0.21
2003-08-05,000935,3.46,3.45,3.46,3.41,1553,766778.88,1.45,-0.29,-0.01,0.15
2003-08-06,000935,3.46,3.47,3.49,3.41,1285,635953.62,2.32,0.58,0.02,0.12
2003-08-07,000935,3.46,3.46,3.5,3.45,1586,788402.0,1.44,-0.29,-0.01,0.15
2003-08-08,000935,3.45,3.38,3.45,3.36,1571,769780.0,2.6,-2.31,-0.08,0.15
2003-08-11,000935,3.36,3.41,3.43,3.34,1194,581449.75,2.66,0.89,0.03,0.11
2003-08-12,000935,3.41,3.46,3.49,3.41,1344,665645.81,2.35,1.47,0.05,0.13
2003-08-13,000935,3.47,3.44,3.49,3.43,897,444450.5,1.73,-0.58,-0.02,0.09
2003-08-14,000935,3.41,3.41,3.47,3.4,1170,575922.0,2.03,-0.87,-0.03,0.11
2003-08-15,000935,3.42,3.42,3.44,3.39,722,353837.19,1.47,0.29,0.01,0.07
2003-08-18,000935,3.44,3.41,3.45,3.39,1237,606515.69,1.75,-0.29,-0.01,0.12
2003-08-19,000935,3.46,3.42,3.46,3.39,605,293824.0,2.05,0.29,0.01,0.06
2003-08-20,000935,3.42,3.41,3.43,3.39,942,454829.59,1.17,-0.29,-0.01,0.09
2003-08-21,000935,3.37,3.41,3.43,3.35,2138,1028398.19,2.35,0.0,0.0,0.2
2003-08-22,000935,3.41,3.46,3.52,3.38,4284,2106916.25,4.11,1.47,0.05,0.41
2003-08-25,000935,3.45,3.39,3.49,3.37,2067,1001509.0,3.47,-2.02,-0.07,0.2
2003-08-26,000935,3.37,3.37,3.41,3.36,1364,654854.69,1.47,-0.59,-0.02,0.13
2003-08-27,000935,3.37,3.36,3.39,3.34,1317,632172.56,1.48,-0.3,-0.01,0.13
2003-08-28,000935,3.35,3.32,3.37,3.31,1491,711593.75,1.79,-1.19,-0.04,0.14
2003-08-29,000935,3.3,3.29,3.3,3.2,2366,1107273.88,3.01,-0.9,-0.03,0.23
2003-09-01,000935,3.31,3.42,3.43,3.31,3276,1576230.0,3.65,3.95,0.13,0.31
2003-09-02,000935,3.4,3.38,3.42,3.33,1929,925933.12,2.63,-1.17,-0.04,0.18
2003-09-03,000935,3.39,3.39,3.41,3.31,1778,851596.0,2.96,0.3,0.01,0.17
2003-09-04,000935,3.38,3.41,3.45,3.35,2250,1090776.12,2.95,0.59,0.02,0.22
2003-09-05,000935,3.41,3.28,3.41,3.26,1934,917838.38,4.4,-3.81,-0.13,0.19
2003-09-08,000935,3.28,3.3,3.35,3.26,981,461927.0,2.74,0.61,0.02,0.09
2003-09-09,000935,3.26,3.31,3.32,3.26,1200,566863.0,1.82,0.3,0.01,0.11
2003-09-10,000935,3.31,3.31,3.31,3.28,1101,520314.0,0.91,0.0,0.0,0.11
2003-09-11,000935,3.28,3.28,3.32,3.27,1508,710474.0,1.51,-0.91,-0.03,0.14
2003-09-12,000935,3.27,3.23,3.28,3.23,1251,583260.0,1.52,-1.52,-0.05,0.12
2003-09-15,000935,3.22,3.14,3.24,3.14,3152,1450052.75,3.1,-2.79,-0.09,0.3
2003-09-16,000935,3.14,3.18,3.18,3.12,1561,711338.69,1.91,1.27,0.04,0.15
2003-09-17,000935,3.2,3.14,3.2,3.07,2411,1089040.0,4.09,-1.26,-0.04,0.23
2003-09-18,000935,3.1,3.13,3.16,3.09,1846,836215.69,2.23,-0.32,-0.01,0.18
2003-09-19,000935,3.13,3.11,3.15,3.08,1408,634876.81,2.24,-0.64,-0.02,0.13
2003-09-22,000935,3.11,3.1,3.14,3.09,847,382006.0,1.61,-0.32,-0.01,0.08
2003-09-23,000935,3.13,3.12,3.13,3.08,1317,595056.0,1.61,0.65,0.02,0.13
2003-09-24,000935,3.15,3.16,3.18,3.13,2017,920117.5,1.6,1.28,0.04,0.19
2003-09-25,000935,3.15,3.09,3.15,3.07,1623,732211.69,2.53,-2.22,-0.07,0.16
2003-09-26,000935,3.12,3.07,3.13,3.04,783,351075.0,2.91,-0.65,-0.02,0.08
2003-09-29,000935,3.07,2.99,3.12,2.99,2319,1025589.62,4.23,-2.61,-0.08,0.22
2003-09-30,000935,3.0,2.96,3.01,2.94,2452,1072953.0,2.34,-1.0,-0.03,0.23
2003-10-08,000935,2.96,3.01,3.02,2.9,2052,892783.0,4.05,1.69,0.05,0.2
2003-10-09,000935,2.96,3.0,3.03,2.96,937,411401.66,2.33,-0.33,-0.01,0.09
2003-10-10,000935,3.0,3.09,3.11,2.95,4100,1832587.12,5.33,3.0,0.09,0.39
2003-10-13,000935,3.1,3.06,3.13,3.04,2343,1052781.5,2.91,-0.97,-0.03,0.22
2003-10-14,000935,3.02,3.08,3.09,3.02,1536,687362.75,2.29,0.65,0.02,0.15
2003-10-15,000935,3.01,3.09,3.14,3.01,1875,846396.75,4.22,0.32,0.01,0.18
2003-10-16,000935,3.04,2.89,3.04,2.88,5684,2465390.5,5.18,-6.47,-0.2,0.54
2003-10-17,000935,2.89,2.88,2.9,2.84,2853,1215344.5,2.08,-0.35,-0.01,0.27
2003-10-20,000935,2.89,2.92,2.96,2.89,3468,1496346.0,2.43,1.39,0.04,0.33
2003-10-21,000935,2.92,2.91,2.95,2.86,2408,1031085.94,3.08,-0.34,-0.01,0.23
2003-10-22,000935,2.92,3.01,3.02,2.89,5548,2421741.0,4.47,3.44,0.1,0.53
2003-10-23,000935,3.01,2.98,3.03,2.95,2509,1103059.38,2.66,-1.0,-0.03,0.24
2003-10-24,000935,2.96,3.06,3.07,2.92,7019,3106366.75,5.03,2.68,0.08,0.67
2003-10-27,000935,3.08,3.1,3.17,3.05,18249,8268026.5,3.92,1.31,0.04,1.75
2003-10-28,000935,3.08,3.02,3.12,2.95,5752,2556197.0,5.48,-2.58,-0.08,0.55
2003-10-29,000935,3.02,2.85,3.04,2.81,6743,2889781.5,7.62,-5.63,-0.17,0.65
2003-10-30,000935,2.81,2.76,2.83,2.72,3748,1552965.88,3.86,-3.16,-0.09,0.36
2003-10-31,000935,2.76,2.82,2.9,2.76,2878,1211836.62,5.07,2.17,0.06,0.28
2003-11-03,000935,2.83,2.94,3.0,2.78,5294,2283005.25,7.8,4.26,0.12,0.51
2003-11-04,000935,2.98,2.96,3.03,2.89,5655,2468579.5,4.76,0.68,0.02,0.54
2003-11-05,000935,3.0,3.03,3.11,3.0,14766,6610604.0,3.72,2.36,0.07,1.41
2003-11-06,000935,2.99,2.86,3.03,2.85,6139,2650019.75,5.94,-5.61,-0.17,0.59
2003-11-07,000935,2.82,2.78,2.85,2.73,5329,2225807.25,4.2,-2.8,-0.08,0.51
2003-11-10,000935,2.75,2.83,2.86,2.75,2096,876465.81,3.96,1.8,0.05,0.2
2003-11-11,000935,2.84,2.85,2.86,2.8,1577,665922.62,2.12,0.71,0.02,0.15
2003-11-12,000935,2.83,2.76,2.83,2.75,2134,889821.19,2.81,-3.16,-0.09,0.2
2003-11-13,000935,2.74,2.8,2.84,2.74,2904,1204906.0,3.62,1.45,0.04,0.28
2003-11-14,000935,2.75,2.81,2.86,2.75,1671,700955.12,3.93,0.36,0.01,0.16
2003-11-17,000935,2.75,2.81,2.85,2.75,1597,670000.62,3.56,0.0,0.0,0.15
2003-11-18,000935,2.81,2.75,2.81,2.75,2363,981485.62,2.14,-2.14,-0.06,0.23
2003-11-19,000935,2.75,2.82,2.85,2.75,3357,1409317.5,3.64,2.55,0.07,0.32
2003-11-20,000935,2.82,2.97,2.98,2.78,9850,4233474.0,7.09,5.32,0.15,0.94
2003-11-21,000935,2.97,2.99,3.17,2.91,22261,9916467.0,8.75,0.67,0.02,2.13
2003-11-24,000935,3.03,3.08,3.08,2.95,11353,5033116.5,4.35,3.01,0.09,1.09
2003-11-25,000935,3.09,3.11,3.17,3.03,16586,7480696.5,4.55,0.97,0.03,1.59
2003-11-26,000935,3.09,3.13,3.16,3.04,7438,3355866.5,3.86,0.64,0.02,0.71
2003-11-27,000935,3.13,3.0,3.13,2.99,6814,3025616.25,4.47,-4.15,-0.13,0.65
2003-11-28,000935,3.03,3.15,3.35,3.03,25237,11620100.0,10.67,5.0,0.15,2.42
2003-12-01,000935,3.09,3.21,3.23,3.09,15046,6935067.0,4.44,1.9,0.06,1.44
2003-12-02,000935,3.23,3.21,3.27,3.15,9569,4411259.5,3.74,0.0,0.0,0.92
2003-12-03,000935,3.2,3.28,3.32,3.11,16870,7840878.0,6.54,2.18,0.07,1.62
2003-12-04,000935,3.37,3.31,3.43,3.29,26737,12775183.0,4.27,0.91,0.03,2.56
2003-12-05,000935,3.31,3.29,3.35,3.22,9063,4242203.0,3.93,-0.6,-0.02,0.87
2003-12-08,000935,3.28,3.2,3.32,3.19,6451,3015477.5,3.95,-2.74,-0.09,0.62
2003-12-09,000935,3.18,3.21,3.21,3.13,5255,2399946.5,2.5,0.31,0.01,0.5
2003-12-10,000935,3.21,3.23,3.24,3.18,5407,2506815.0,1.87,0.62,0.02,0.52
2003-12-11,000935,3.24,3.19,3.25,3.17,5531,2547769.75,2.48,-1.24,-0.04,0.53
2003-12-12,000935,3.19,3.16,3.23,3.13,5723,2616426.25,3.13,-0.94,-0.03,0.55
2003-12-15,000935,3.17,3.31,3.33,3.14,14253,6696000.0,6.01,4.75,0.15,1.37
2003-12-16,000935,3.35,3.27,3.36,3.18,9274,4330128.5,5.44,-1.21,-0.04,0.89
2003-12-17,000935,3.24,3.17,3.3,3.17,7738,3596620.25,3.98,-3.06,-0.1,0.74
2003-12-18,000935,3.13,3.1,3.17,3.09,6423,2914397.5,2.52,-2.21,-0.07,0.62
2003-12-19,000935,3.09,2.87,3.13,2.83,10394,4497371.5,9.68,-7.42,-0.23,1.0
2003-12-22,000935,2.87,2.97,3.0,2.77,7932,3401683.25,8.01,3.48,0.1,0.76
2003-12-23,000935,2.98,3.19,3.24,2.91,15329,6884550.5,11.11,7.41,0.22,1.47
2003-12-24,000935,3.17,3.15,3.26,3.05,13054,5940237.0,6.58,-1.25,-0.04,1.25
2003-12-25,000935,3.17,3.15,3.17,3.06,8874,4026525.75,3.49,0.0,0.0,0.85
2003-12-26,000935,3.11,3.29,3.29,3.11,15265,7109383.0,5.71,4.44,0.14,1.46
2003-12-29,000935,3.41,3.26,3.47,3.26,40605,19397424.0,6.38,-0.91,-0.03,3.89
2003-12-30,000935,3.24,3.3,3.32,3.2,8626,4044721.5,3.68,1.23,0.04,0.83
2003-12-31,000935,3.32,3.22,3.32,3.18,5478,2548778.0,4.24,-2.42,-0.08,0.52
2004-01-02,000935,3.22,3.21,3.23,3.17,5438,2512197.0,1.86,-0.31,-0.01,0.52
2004-01-05,000935,3.18,3.18,3.2,3.09,11378,5171298.0,3.43,-0.93,-0.03,1.09
2004-01-06,000935,3.18,3.16,3.32,3.14,12525,5818134.0,5.66,-0.63,-0.02,1.2
2004-01-07,000935,3.17,3.17,3.28,3.09,12275,5647600.0,6.01,0.32,0.01,1.18
2004-01-08,000935,3.17,3.2,3.25,3.12,10925,5006910.5,4.1,0.95,0.03,1.05
2004-01-09,000935,3.2,3.26,3.28,3.17,14233,6628087.5,3.44,1.88,0.06,1.36
2004-01-12,000935,3.26,3.23,3.3,3.19,7382,3431781.5,3.37,-0.92,-0.03,0.71
2004-01-13,000935,3.26,3.23,3.29,3.16,10900,5043030.5,4.02,0.0,0.0,1.04
2004-01-14,000935,3.24,3.36,3.4,3.16,26960,12758255.0,7.43,4.02,0.13,2.58
2004-01-15,000935,3.39,3.34,3.42,3.33,30235,14535591.0,2.68,-0.6,-0.02,2.9
2004-01-16,000935,3.34,3.3,3.38,3.26,10715,5075691.0,3.59,-1.2,-0.04,1.03
2004-01-29,000935,3.3,3.45,3.45,3.23,14875,7159518.5,6.67,4.55,0.15,1.42
2004-01-30,000935,3.46,3.42,3.48,3.37,12625,6127902.0,3.19,-0.87,-0.03,1.21
2004-02-02,000935,3.45,3.52,3.56,3.31,18035,8787863.0,7.31,2.92,0.1,1.73
2004-02-03,000935,3.37,3.62,3.63,3.37,27892,14018486.0,7.39,2.84,0.1,2.67
2004-02-04,000935,3.62,3.63,3.67,3.56,18979,9590098.0,3.04,0.28,0.01,1.82
2004-02-05,000935,3.62,3.68,3.7,3.57,19178,9710016.0,3.58,1.38,0.05,1.84
2004-02-06,000935,3.65,3.59,3.79,3.56,27418,14038036.0,6.25,-2.45,-0.09,2.63
2004-02-09,000935,3.59,3.65,3.67,3.58,16425,8318998.0,2.51,1.67,0.06,1.57
2004-02-10,000935,3.69,3.62,3.7,3.61,17058,8688120.0,2.47,-0.82,-0.03,1.63
2004-02-11,000935,3.65,3.71,3.73,3.62,18303,9373464.0,3.04,2.49,0.09,1.75
2004-02-12,000935,3.73,3.92,3.93,3.7,33176,17521550.0,6.2,5.66,0.21,3.18
2004-02-13,000935,3.88,3.68,3.89,3.67,16161,8422739.0,5.61,-6.12,-0.24,1.55
2004-02-16,000935,3.68,3.73,3.74,3.65,11928,6162369.0,2.45,1.36,0.05,1.14
2004-02-17,000935,3.74,3.77,3.81,3.73,12125,6346169.5,2.14,1.07,0.04,1.16
2004-02-18,000935,3.77,3.82,3.87,3.71,28717,14985758.0,4.24,1.33,0.05,2.75
2004-02-19,000935,3.79,3.8,3.85,3.76,12701,6683686.0,2.36,-0.52,-0.02,1.22
2004-02-20,000935,3.8,3.8,3.82,3.73,12047,6309171.5,2.37,0.0,0.0,1.15
2004-02-23,000935,3.82,3.75,3.9,3.75,19448,10324232.0,3.95,-1.32,-0.05,1.86
2004-02-24,000935,3.74,3.71,3.8,3.64,21287,10994961.0,4.27,-1.07,-0.04,2.04
2004-02-25,000935,3.71,3.59,3.81,3.57,13865,7159753.5,6.47,-3.23,-0.12,1.33
2004-02-26,000935,3.56,3.46,3.6,3.41,19260,9453586.0,5.29,-3.62,-0.13,1.84
2004-02-27,000935,3.46,3.49,3.53,3.42,8355,4102567.5,3.18,0.87,0.03,0.8
2004-03-01,000935,3.51,3.6,3.63,3.42,11154,5576739.5,6.02,3.15,0.11,1.07
2004-03-02,000935,3.63,3.59,3.63,3.54,11760,5901209.0,2.5,-0.28,-0.01,1.13
2004-03-03,000935,3.59,3.48,3.61,3.47,8521,4227035.0,3.9,-3.06,-0.11,0.82
2004-03-04,000935,3.46,3.59,3.61,3.42,8995,4454714.5,5.46,3.16,0.11,0.86
2004-03-05,000935,3.59,3.54,3.6,3.52,5517,2749391.0,2.23,-1.39,-0.05,0.53
2004-03-08,000935,3.54,3.39,3.54,3.39,6908,3375402.0,4.24,-4.24,-0.15,0.66
2004-03-09,000935,3.39,3.36,3.44,3.35,5017,2422208.0,2.65,-0.88,-0.03,0.48
2004-03-10,000935,3.32,3.43,3.43,3.32,5615,2699597.0,3.27,2.08,0.07,0.54
2004-03-11,000935,3.44,3.54,3.62,3.39,12157,6042733.0,6.71,3.21,0.11,1.16
2004-03-12,000935,3.53,3.54,3.59,3.46,7176,3551983.75,3.67,0.0,0.0,0.69
2004-03-15,000935,3.51,3.59,3.59,3.51,11919,5973065.5,2.26,1.41,0.05,1.14
2004-03-16,000935,3.6,3.59,3.61,3.54,8126,4077397.5,1.95,0.0,0.0,0.78
2004-03-17,000935,3.58,3.59,3.61,3.55,8765,4406085.0,1.67,0.0,0.0,0.84
2004-03-18,000935,3.59,3.58,3.65,3.56,12526,6331526.5,2.51,-0.28,-0.01,1.2
2004-03-19,000935,3.59,3.69,3.7,3.54,14555,7402576.0,4.47,3.07,0.11,1.39
2004-03-22,000935,3.73,3.76,3.81,3.69,18024,9388073.0,3.25,1.9,0.07,1.73
2004-03-23,000935,3.77,3.71,3.77,3.67,9106,4695012.0,2.66,-1.33,-0.05,0.87
2004-03-24,000935,3.66,3.72,3.73,3.66,8562,4411088.0,1.89,0.27,0.01,0.82
2004-03-25,000935,3.69,3.63,3.72,3.6,7670,3907865.25,3.23,-2.42,-0.09,0.73
2004-03-26,000935,3.61,3.56,3.61,3.54,12612,6314912.5,1.93,-1.93,-0.07,1.21
2004-03-29,000935,3.56,3.55,3.61,3.54,6360,3189963.0,1.97,-0.28,-0.01,0.61
2004-03-30,000935,3.55,3.5,3.57,3.47,7537,3728247.25,2.82,-1.41,-0.05,0.72
2004-03-31,000935,3.51,3.59,3.62,3.51,7494,3766140.5,3.14,2.57,0.09,0.72
2004-04-01,000935,3.65,3.72,3.77,3.65,25209,13061094.0,3.34,3.62,0.13,2.41
2004-04-02,000935,3.73,3.7,3.76,3.65,11174,5746762.0,2.96,-0.54,-0.02,1.07
2004-04-05,000935,3.7,3.7,3.72,3.65,10497,5378331.5,1.89,0.0,0.0,1.01
2004-04-06,000935,3.7,3.75,3.75,3.67,14150,7328576.0,2.16,1.35,0.05,1.36
2004-04-07,000935,3.75,3.71,3.79,3.7,11345,5894404.0,2.4,-1.07,-0.04,1.09
2004-04-08,000935,3.7,3.73,3.76,3.67,15468,8006530.5,2.43,0.54,0.02,1.48
2004-04-09,000935,3.73,3.59,3.73,3.57,12543,6378216.0,4.29,-3.75,-0.14,1.2
2004-04-12,000935,3.61,3.74,3.74,3.57,15215,7780004.0,4.74,4.18,0.15,1.46
2004-04-13,000935,3.73,3.74,3.82,3.71,30265,15849825.0,2.94,0.0,0.0,2.9
2004-04-14,000935,3.79,3.95,3.98,3.75,102997,55306808.0,6.15,5.61,0.21,9.87
2004-04-15,000935,3.95,3.75,3.95,3.73,29784,15808648.0,5.57,-5.06,-0.2,2.85
2004-04-16,000935,3.64,3.34,3.64,3.27,54784,25975554.0,9.87,-10.93,-0.41,5.25
2004-04-19,000935,3.32,3.19,3.32,3.14,20558,9535970.0,5.39,-4.49,-0.15,1.97
2004-04-20,000935,3.2,3.21,3.25,3.14,9515,4378914.0,3.45,0.63,0.02,0.91
2004-04-21,000935,3.21,3.14,3.21,3.09,11198,5102222.0,3.74,-2.18,-0.07,1.07
2004-04-22,000935,3.14,3.17,3.18,3.09,11634,5267026.5,2.87,0.96,0.03,1.11
2004-04-23,000935,3.17,3.03,3.18,3.01,9777,4413190.5,5.36,-4.42,-0.14,0.94
2004-04-26,000935,3.02,3.0,3.07,2.96,6329,2799259.0,3.63,-0.99,-0.03,0.61
2004-04-27,000935,3.05,2.88,3.06,2.87,7512,3252915.25,6.33,-4.0,-0.12,0.72
2004-04-28,000935,2.87,2.98,3.01,2.84,10750,4628270.5,5.9,3.47,0.1,1.03
2004-04-29,000935,2.98,2.91,3.0,2.9,6573,2850607.5,3.36,-2.35,-0.07,0.63
2004-04-30,000935,2.9,2.95,2.98,2.87,4180,1809840.88,3.78,1.37,0.04,0.4
2004-05-10,000935,2.96,2.9,2.98,2.89,2935,1266357.5,3.05,-1.69,-0.05,0.28
2004-05-11,000935,2.9,2.91,2.95,2.89,3063,1319320.75,2.07,0.34,0.01,0.29
2004-05-12,000935,2.91,3.03,3.03,2.89,5275,2313527.25,4.81,4.12,0.12,0.51
2004-05-13,000935,3.03,3.0,3.03,2.98,5176,2283459.5,1.65,-0.99,-0.03,0.5
2004-05-14,000935,2.99,2.91,2.99,2.89,4137,1785299.0,3.33,-3.0,-0.09,0.4
2004-05-17,000935,2.93,2.93,2.98,2.9,3996,1732011.0,2.75,0.69,0.02,0.38
2004-05-18,000935,2.93,3.01,3.02,2.92,3616,1581549.25,3.41,2.73,0.08,0.35
2004-05-19,000935,2.98,3.03,3.06,2.95,8693,3843725.5,3.65,0.66,0.02,0.83
2004-05-20,000935,3.0,2.97,3.05,2.95,3801,1669116.38,3.3,-1.98,-0.06,0.36
2004-05-21,000935,2.96,2.94,2.99,2.86,8063,3476107.75,4.38,-1.01,-0.03,0.77
2004-05-24,000935,2.94,2.89,2.95,2.88,3881,1669225.38,2.38,-1.7,-0.05,0.37
2004-05-25,000935,2.89,2.78,2.89,2.77,7613,3198691.5,4.15,-3.81,-0.11,0.73
2004-05-26,000935,2.76,2.76,2.83,2.74,4175,1739967.25,3.24,-0.72,-0.02,0.4
2004-05-27,000935,2.77,2.85,2.86,2.77,3780,1593456.75,3.26,3.26,0.09,0.36
2004-05-28,000935,2.86,2.84,2.89,2.82,4985,2118140.75,2.46,-0.35,-0.01,0.48
2004-05-31,000935,2.79,2.84,2.86,2.79,2002,843514.56,2.46,0.0,0.0,0.19
2004-06-01,000935,2.84,2.92,2.95,2.8,4950,2109657.5,5.28,2.82,0.08,0.47
2004-06-02,000935,2.92,2.85,2.92,2.79,7081,2998590.25,4.45,-2.4,-0.07,0.68
2004-06-03,000935,2.83,2.76,2.84,2.76,4658,1945202.88,2.81,-3.16,-0.09,0.45
2004-06-04,000935,2.76,2.79,2.8,2.74,3107,1295553.5,2.17,1.09,0.03,0.3
2004-06-07,000935,2.78,2.79,2.79,2.73,4068,1685141.62,2.15,0.0,0.0,0.39
2004-06-08,000935,2.79,2.76,2.82,2.74,4869,2033232.38,2.87,-1.08,-0.03,0.47
2004-06-09,000935,2.77,2.56,2.78,2.51,7229,2917635.0,9.78,-7.25,-0.2,0.69
2004-06-10,000935,2.54,2.53,2.6,2.48,6701,2610178.25,4.69,-1.17,-0.03,0.64
2004-06-11,000935,2.53,2.53,2.62,2.51,4406,1733154.75,4.35,0.0,0.0,0.42
2004-06-14,000935,2.53,2.38,2.53,2.34,4442,1677667.88,7.51,-5.93,-0.15,0.43
2004-06-15,000935,2.42,2.51,2.54,2.35,4893,1871627.38,7.98,5.46,0.13,0.47
2004-06-16,000935,2.52,2.53,2.56,2.46,3222,1252892.0,3.98,0.8,0.02,0.31
2004-06-17,000935,2.51,2.48,2.56,2.41,3241,1238260.75,5.93,-1.98,-0.05,0.31
2004-06-18,000935,2.42,2.4,2.45,2.34,4668,1743220.25,4.44,-3.23,-0.08,0.45
2004-06-21,000935,2.42,2.52,2.53,2.38,3960,1505617.75,6.25,5.0,0.12,0.38
2004-06-22,000935,2.56,2.63,2.64,2.48,9799,3870750.5,6.35,4.37,0.11,0.94
2004-06-23,000935,2.66,2.57,2.66,2.49,14555,5734116.5,6.46,-2.28,-0.06,1.39
2004-06-25,000935,2.54,2.45,2.55,2.44,3973,1523549.0,4.28,-4.67,-0.12,0.38
2004-06-28,000935,2.44,2.35,2.44,2.35,3171,1186070.5,3.67,-4.08,-0.1,0.3
2004-06-29,000935,2.34,2.38,2.42,2.27,3856,1419308.0,6.38,1.28,0.03,0.37
2004-06-30,000935,2.37,2.32,2.38,2.28,2829,1041587.5,4.2,-2.52,-0.06,0.27
2004-07-01,000935,2.32,2.46,2.48,2.28,6549,2465263.25,8.62,6.03,0.14,0.63
2004-07-02,000935,2.47,2.45,2.48,2.39,4892,1859318.5,3.66,-0.41,-0.01,0.47
2004-07-05,000935,2.47,2.45,2.47,2.39,1755,661908.5,3.27,0.0,0.0,0.17
2004-07-06,000935,2.44,2.53,2.54,2.41,6565,2525887.0,5.31,3.27,0.08,0.63
2004-07-07,000935,2.56,2.48,2.57,2.43,16808,6456119.5,5.53,-1.98,-0.05,1.61
2004-07-08,000935,2.48,2.46,2.48,2.42,2389,908678.56,2.42,-0.81,-0.02,0.23
2004-07-09,000935,2.45,2.4,2.48,2.39,1776,673211.25,3.66,-2.44,-0.06,0.17
2004-07-12,000935,2.37,2.28,2.37,2.25,2618,955006.0,5.0,-5.0,-0.12,0.25
2004-07-13,000935,2.28,2.3,2.31,2.26,2792,1015255.44,2.19,0.88,0.02,0.27
2004-07-14,000935,2.3,2.19,2.3,2.14,3963,1407869.5,6.96,-4.78,-0.11,0.38
2004-07-15,000935,2.17,2.2,2.22,2.16,2951,1042508.44,2.74,0.46,0.01,0.28
2004-07-16,000935,2.2,2.28,2.31,2.19,4799,1729706.88,5.45,3.64,0.08,0.46
2004-07-19,000935,2.28,2.26,2.28,2.22,3353,1206075.75,2.63,-0.88,-0.02,0.32
2004-07-20,000935,2.24,2.21,2.24,2.18,2569,911054.0,2.65,-2.21,-0.05,0.25
2004-07-21,000935,2.2,2.23,2.24,2.18,2141,760676.44,2.71,0.9,0.02,0.21
2004-07-22,000935,2.24,2.19,2.24,2.16,3597,1266410.5,3.59,-1.79,-0.04,0.34
2004-07-23,000935,2.17,2.19,2.19,2.12,3253,1135686.88,3.2,0.0,0.0,0.31
2004-07-26,000935,2.13,2.08,2.15,2.06,2321,799088.0,4.11,-5.02,-0.11,0.22
2004-07-27,000935,2.06,2.02,2.08,2.0,3605,1217804.25,3.85,-2.88,-0.06,0.35
2004-07-28,000935,2.02,2.0,2.06,1.94,4641,1539261.88,5.94,-0.99,-0.02,0.44
2004-07-29,000935,2.01,2.04,2.04,1.94,3889,1291033.38,5.0,2.0,0.04,0.37
2004-07-30,000935,2.04,1.98,2.04,1.96,3024,1004945.5,3.92,-2.94,-0.06,0.29
2004-08-02,000935,1.97,1.84,1.97,1.84,3480,1124182.0,6.57,-7.07,-0.14,0.33
2004-08-03,000935,1.84,1.89,1.93,1.83,2887,926940.25,5.43,2.72,0.05,0.28
2004-08-04,000935,1.92,1.97,2.02,1.89,3556,1166645.88,6.88,4.23,0.08,0.34
2004-08-05,000935,1.97,1.93,1.99,1.92,1925,632046.31,3.55,-2.03,-0.04,0.18
2004-08-06,000935,1.95,1.97,2.01,1.93,2203,726062.56,4.15,2.07,0.04,0.21
2004-08-09,000935,1.93,1.95,1.97,1.92,1538,502889.0,2.54,-1.02,-0.02,0.15
2004-08-10,000935,1.92,1.94,1.96,1.92,938,306732.5,2.05,-0.51,-0.01,0.09
2004-08-11,000935,1.93,1.9,1.97,1.88,1490,481447.03,4.64,-2.06,-0.04,0.14
2004-08-12,000935,1.89,1.79,1.91,1.78,2694,846249.5,6.84,-5.79,-0.11,0.26
2004-08-13,000935,1.8,1.81,1.84,1.79,1968,614911.31,2.79,1.12,0.02,0.19
2004-08-16,000935,1.8,1.71,1.81,1.69,4284,1302341.75,6.63,-5.52,-0.1,0.41
2004-08-17,000935,1.71,1.69,1.73,1.65,3218,965376.0,4.68,-1.17,-0.02,0.31
2004-08-18,000935,1.69,1.65,1.73,1.65,3399,1023491.75,4.73,-2.37,-0.04,0.33
2004-08-19,000935,1.6,1.55,1.62,1.47,8343,2358143.25,9.09,-6.06,-0.1,0.8
2004-08-20,000935,1.56,1.82,1.82,1.51,26210,8113919.0,20.0,17.42,0.27,2.51
2004-08-23,000935,1.81,1.92,2.03,1.74,38095,12122317.0,15.93,5.49,0.1,3.65
2004-08-24,000935,1.87,1.94,2.07,1.84,27173,8917432.0,11.98,1.04,0.02,2.6
2004-08-25,000935,1.92,1.98,2.14,1.84,27285,9082285.0,15.46,2.06,0.04,2.61
2004-08-26,000935,1.94,1.96,2.01,1.91,11807,3863873.25,5.05,-1.01,-0.02,1.13
2004-08-27,000935,1.89,1.8,1.95,1.76,13195,4131837.5,9.69,-8.16,-0.16,1.26
2004-08-30,000935,1.75,1.82,1.86,1.71,7664,2360053.25,8.33,1.11,0.02,0.73
2004-08-31,000935,1.89,2.11,2.11,1.89,34302,11652870.0,12.09,15.93,0.29,3.29
2004-09-01,000935,2.21,2.04,2.21,2.02,41385,14292148.0,9.0,-3.32,-0.07,3.96
2004-09-02,000935,1.98,2.16,2.17,1.97,18819,6409817.0,9.8,5.88,0.12,1.8
2004-09-03,000935,2.16,2.07,2.16,2.06,12399,4261375.5,4.63,-4.17,-0.09,1.19
2004-09-06,000935,2.06,2.08,2.1,2.0,6588,2220845.5,4.83,0.48,0.01,0.63
2004-09-07,000935,2.1,2.06,2.1,2.0,6810,2298647.0,4.81,-0.96,-0.02,0.65
2004-09-08,000935,2.05,2.1,2.2,2.03,16800,5821645.5,8.25,1.94,0.04,1.61
2004-09-09,000935,2.06,2.01,2.15,1.98,9968,3384194.25,8.1,-4.29,-0.09,0.95
2004-09-10,000935,1.96,2.02,2.05,1.92,8179,2694069.75,6.47,0.5,0.01,0.78
2004-09-13,000935,2.05,2.01,2.1,1.93,9662,3259029.5,8.42,-0.5,-0.01,0.93
2004-09-14,000935,2.02,2.27,2.32,2.02,46630,16641543.0,14.93,12.94,0.26,4.47
2004-09-15,000935,2.27,2.44,2.6,2.2,56541,21259630.0,17.62,7.49,0.17,5.42
2004-09-16,000935,2.42,2.39,2.45,2.29,30054,11190784.0,6.56,-2.05,-0.05,2.88
2004-09-17,000935,2.34,2.47,2.48,2.33,28431,10671087.0,6.28,3.35,0.08,2.72
2004-09-20,000935,2.48,2.59,2.67,2.44,43757,17119798.0,9.31,4.86,0.12,4.19
2004-09-21,000935,2.6,2.48,2.62,2.45,32023,12398866.0,6.56,-4.25,-0.11,3.07
2004-09-22,000935,2.46,2.35,2.46,2.31,18919,7064630.0,6.05,-5.24,-0.13,1.81
2004-09-23,000935,2.34,2.44,2.44,2.33,12997,4884997.0,4.68,3.83,0.09,1.24
2004-09-24,000935,2.45,2.26,2.48,2.24,21470,7973697.5,9.84,-7.38,-0.18,2.06
2004-09-27,000935,2.23,2.2,2.34,2.16,9516,3421954.75,7.96,-2.65,-0.06,0.91
2004-09-29,000935,2.2,2.13,2.28,2.11,6789,2391631.25,7.73,-3.18,-0.07,0.65
2004-09-30,000935,2.12,1.97,2.16,1.97,9048,3048585.75,8.92,-7.51,-0.16,0.87
2004-10-08,000935,1.97,2.04,2.07,1.94,5576,1864616.5,6.6,3.55,0.07,0.53
2004-10-11,000935,2.05,2.06,2.13,1.97,12242,4130051.75,7.84,0.98,0.02,1.17
2004-10-12,000935,2.03,2.0,2.07,1.98,5229,1752529.5,4.37,-2.91,-0.06,0.5
2004-10-13,000935,1.97,2.01,2.08,1.92,6105,2023800.5,8.0,0.5,0.01,0.58
2004-10-14,000935,2.01,1.76,2.01,1.7,10381,3271686.5,15.42,-12.44,-0.25,0.99
2004-10-15,000935,1.75,1.72,1.81,1.67,7979,2425852.5,7.95,-2.27,-0.04,0.76
2004-10-18,000935,1.79,1.74,1.79,1.69,4073,1237134.5,5.81,1.16,0.02,0.39
2004-10-19,000935,1.75,1.71,1.78,1.69,5262,1611670.0,5.17,-1.72,-0.03,0.5
2004-10-20,000935,1.71,1.66,1.77,1.6,5715,1710029.62,9.94,-2.92,-0.05,0.55
2004-10-21,000935,1.71,1.53,1.71,1.51,7310,2093929.38,12.05,-7.83,-0.13,0.7
2004-10-22,000935,1.52,1.58,1.62,1.39,6244,1743630.62,15.03,3.27,0.05,0.6
2004-10-25,000935,1.67,1.52,1.67,1.52,4671,1332355.0,9.49,-3.8,-0.06,0.45
2004-10-26,000935,1.52,1.62,1.68,1.48,4038,1158862.5,13.16,6.58,0.1,0.39
2004-10-27,000935,1.62,1.74,1.78,1.57,9360,2818066.0,12.96,7.41,0.12,0.9
2004-10-28,000935,1.69,1.91,2.03,1.69,24044,7731223.5,19.54,9.77,0.17,2.3
2004-10-29,000935,1.77,1.76,1.87,1.61,11520,3551699.5,13.61,-7.85,-0.15,1.1
2004-11-01,000935,1.72,1.87,1.95,1.66,15629,4931668.5,16.48,6.25,0.11,1.5
2004-11-02,000935,1.84,1.89,1.92,1.74,10744,3382861.75,9.63,1.07,0.02,1.03
2004-11-03,000935,2.09,1.96,2.1,1.88,27784,9098981.0,11.64,3.7,0.07,2.66
2004-11-04,000935,1.93,1.76,1.94,1.69,13342,4182444.0,12.76,-10.2,-0.2,1.28
2004-11-05,000935,1.69,1.69,1.77,1.66,11400,3429785.75,6.25,-3.98,-0.07,1.09
2004-11-08,000935,1.69,1.72,1.78,1.67,5177,1578820.0,6.51,1.78,0.03,0.5
2004-11-09,000935,1.7,1.73,1.76,1.69,3508,1061785.75,4.07,0.58,0.01,0.34
2004-11-10,000935,1.76,1.82,1.85,1.7,9217,2856486.0,8.67,5.2,0.09,0.88
2004-11-11,000935,1.82,1.84,1.91,1.78,16016,5092153.5,7.14,1.1,0.02,1.53
2004-11-12,000935,1.8,1.79,1.85,1.78,6110,1906790.12,3.8,-2.72,-0.05,0.59
2004-11-15,000935,1.79,1.82,1.84,1.78,3298,1033290.0,3.35,1.68,0.03,0.32
2004-11-16,000935,1.82,1.88,1.88,1.81,8208,2604581.5,3.85,3.3,0.06,0.79
2004-11-17,000935,1.89,1.82,1.89,1.78,4461,1396780.75,5.85,-3.19,-0.06,0.43
2004-11-18,000935,1.82,1.83,1.83,1.79,3473,1086975.38,2.2,0.55,0.01,0.33
2004-11-19,000935,1.83,1.86,1.9,1.8,6526,2065350.25,5.46,1.64,0.03,0.63
2004-11-22,000935,1.83,1.89,1.91,1.83,7564,2416212.25,4.3,1.61,0.03,0.72
2004-11-23,000935,1.89,1.91,1.94,1.85,10834,3490571.75,4.76,1.06,0.02,1.04
2004-11-24,000935,1.9,1.82,1.98,1.82,10068,3252599.0,8.38,-4.71,-0.09,0.96
2004-11-25,000935,1.83,1.77,1.83,1.73,6642,2047575.12,5.49,-2.75,-0.05,0.64
2004-11-26,000935,1.76,1.87,1.93,1.76,10903,3485435.25,9.6,5.65,0.1,1.04
2004-11-29,000935,1.86,1.78,1.86,1.74,3601,1127450.12,6.42,-4.81,-0.09,0.34
2004-11-30,000935,1.78,1.8,1.82,1.74,4357,1349870.75,4.49,1.12,0.02,0.42
2004-12-01,000935,1.78,1.83,1.84,1.77,4406,1375378.25,3.89,1.67,0.03,0.42
2004-12-02,000935,1.83,1.89,1.9,1.78,11197,3572939.0,6.56,3.28,0.06,1.07
2004-12-03,000935,1.86,1.88,1.92,1.83,8771,2823531.75,4.76,-0.53,-0.01,0.84
2004-12-06,000935,1.86,1.98,2.03,1.86,22913,7547775.0,9.04,5.32,0.1,2.19
2004-12-07,000935,1.98,1.88,2.01,1.88,10166,3306181.0,6.57,-5.05,-0.1,0.97
2004-12-08,000935,1.91,1.91,1.93,1.83,3562,1142933.25,5.32,1.6,0.03,0.34
2004-12-09,000935,1.88,1.87,1.92,1.83,4454,1422470.5,4.71,-2.09,-0.04,0.43
2004-12-10,000935,1.84,1.77,1.91,1.77,5780,1811474.0,7.49,-5.35,-0.1,0.55
2004-12-13,000935,1.76,1.77,1.77,1.71,4050,1237651.88,3.39,0.0,0.0,0.39
2004-12-14,000935,1.76,1.77,1.79,1.74,1896,581305.88,2.82,0.0,0.0,0.18
2004-12-15,000935,1.77,1.72,1.77,1.65,3893,1168939.0,6.78,-2.82,-0.05,0.37
2004-12-16,000935,1.74,1.68,1.74,1.67,2848,852573.06,4.07,-2.33,-0.04,0.27
2004-12-17,000935,1.69,1.63,1.69,1.63,2688,794330.0,3.57,-2.98,-0.05,0.26
2004-12-20,000935,1.63,1.66,1.74,1.6,1618,481857.5,8.59,1.84,0.03,0.15
2004-12-21,000935,1.67,1.66,1.72,1.66,2043,611062.0,3.61,0.0,0.0,0.2
2004-12-22,000935,1.66,1.78,1.84,1.66,5060,1562505.5,10.84,7.23,0.12,0.48
2004-12-23,000935,1.74,1.74,1.78,1.71,4364,1337472.0,3.93,-2.25,-0.04,0.42
2004-12-24,000935,1.78,1.71,1.78,1.69,4462,1361386.5,5.17,-1.72,-0.03,0.43
2004-12-27,000935,1.71,1.72,1.77,1.71,2491,759961.0,3.51,0.58,0.01,0.24
2004-12-28,000935,1.71,1.7,1.74,1.69,2279,687058.0,2.91,-1.16,-0.02,0.22
2004-12-29,000935,1.65,1.62,1.7,1.6,2823,834151.0,5.88,-4.71,-0.08,0.27
2004-12-30,000935,1.6,1.62,1.67,1.58,1420,416613.0,5.56,0.0,0.0,0.14
2004-12-31,000935,1.62,1.63,1.72,1.62,3130,921523.19,6.17,0.62,0.01,0.3
2005-01-04,000935,1.58,1.59,1.62,1.58,2150,622377.81,2.45,-2.45,-0.04,0.21
2005-01-05,000935,1.58,1.67,1.68,1.58,2372,702447.0,6.29,5.03,0.08,0.23
2005-01-06,000935,1.68,1.61,1.68,1.6,1846,537185.0,4.79,-3.59,-0.06,0.18
2005-01-07,000935,1.65,1.62,1.65,1.6,1195,349025.0,3.11,0.62,0.01,0.11
2005-01-10,000935,1.6,1.64,1.65,1.6,1551,452725.69,3.09,1.23,0.02,0.15
2005-01-11,000935,1.66,1.63,1.66,1.61,1638,480375.91,3.05,-0.61,-0.01,0.16
2005-01-12,000935,1.61,1.62,1.65,1.58,2053,598125.0,4.29,-0.61,-0.01,0.2
2005-01-13,000935,1.6,1.61,1.63,1.59,2345,682008.38,2.47,-0.62,-0.01,0.22
2005-01-14,000935,1.6,1.61,1.65,1.6,1600,468380.47,3.11,0.0,0.0,0.15
2005-01-17,000935,1.6,1.56,1.62,1.54,2544,731707.0,4.97,-3.11,-0.05,0.24
2005-01-18,000935,1.53,1.63,1.65,1.53,4010,1151672.5,7.69,4.49,0.07,0.38
2005-01-19,000935,1.62,1.63,1.65,1.58,3232,942326.19,4.29,0.0,0.0,0.31
2005-01-20,000935,1.63,1.6,1.63,1.57,1842,533387.06,3.68,-1.84,-0.03,0.18
2005-01-21,000935,1.64,1.72,1.84,1.58,14705,4474986.0,16.25,7.5,0.12,1.41
2005-01-24,000935,1.73,1.75,1.79,1.68,7441,2265082.0,6.4,1.74,0.03,0.71
2005-01-25,000935,1.73,1.71,1.74,1.67,3690,1108205.38,4.0,-2.29,-0.04,0.35
2005-01-26,000935,1.72,1.65,1.72,1.62,4321,1282049.12,5.85,-3.51,-0.06,0.41
2005-01-27,000935,1.63,1.61,1.64,1.6,2449,713577.38,2.42,-2.42,-0.04,0.23
2005-01-28,000935,1.59,1.54,1.6,1.52,3542,1008668.19,4.97,-4.35,-0.07,0.34
2005-01-31,000935,1.51,1.42,1.51,1.3,5127,1379856.0,13.64,-7.79,-0.12,0.49
2005-02-01,000935,1.39,1.41,1.46,1.37,2958,802841.0,6.34,-0.7,-0.01,0.28
2005-02-02,000935,1.44,1.52,1.52,1.4,5392,1481465.75,8.51,7.8,0.11,0.52
2005-02-03,000935,1.51,1.44,1.51,1.4,4615,1269481.5,7.24,-5.26,-0.08,0.44
2005-02-04,000935,1.4,1.4,1.42,1.27,7915,2108013.75,10.42,-2.78,-0.04,0.76
2005-02-16,000935,1.51,1.46,1.51,1.44,4025,1115004.0,5.0,4.29,0.06,0.39
2005-02-17,000935,1.51,1.51,1.51,1.44,2523,700299.69,4.79,3.42,0.05,0.24
2005-02-18,000935,1.51,1.52,1.55,1.48,3432,964160.0,4.64,0.66,0.01,0.33
2005-02-21,000935,1.51,1.57,1.63,1.51,6737,1945732.12,7.89,3.29,0.05,0.65
2005-02-22,000935,1.55,1.61,1.62,1.55,5728,1658912.75,4.46,2.55,0.04,0.55
2005-02-23,000935,1.6,1.61,1.63,1.56,5110,1485341.75,4.35,0.0,0.0,0.49
2005-02-24,000935,1.6,1.61,1.65,1.58,4511,1308979.5,4.35,0.0,0.0,0.43
2005-02-25,000935,1.63,1.6,1.64,1.6,7681,2236937.0,2.48,-0.62,-0.01,0.74
2005-02-28,000935,1.6,1.56,1.6,1.55,4851,1392350.25,3.13,-2.5,-0.04,0.46
2005-03-01,000935,1.56,1.59,1.59,1.54,2967,849439.38,3.21,1.92,0.03,0.28
2005-03-02,000935,1.59,1.59,1.65,1.57,4461,1296244.0,5.03,0.0,0.0,0.43
2005-03-03,000935,1.6,1.55,1.6,1.53,3413,976638.38,4.4,-2.52,-0.04,0.33
2005-03-04,000935,1.55,1.5,1.55,1.49,4918,1379752.0,3.87,-3.23,-0.05,0.47
2005-03-07,000935,1.53,1.55,1.6,1.51,3454,989194.0,6.0,3.33,0.05,0.33
2005-03-08,000935,1.55,1.58,1.58,1.52,3786,1081217.0,3.87,1.94,0.03,0.36
2005-03-09,000935,1.58,1.55,1.58,1.53,4220,1206459.0,3.16,-1.9,-0.03,0.4
2005-03-10,000935,1.53,1.49,1.55,1.48,4323,1214214.25,4.52,-3.87,-0.06,0.41
2005-03-11,000935,1.49,1.5,1.51,1.42,3677,1014483.5,6.04,0.67,0.01,0.35
2005-03-14,000935,1.51,1.43,1.51,1.39,4141,1122598.25,8.0,-4.67,-0.07,0.4
2005-03-15,000935,1.4,1.54,1.55,1.39,6518,1791991.62,11.19,7.69,0.11,0.62
2005-03-16,000935,1.56,1.5,1.63,1.5,12953,3716016.5,8.44,-2.6,-0.04,1.24
2005-03-17,000935,1.46,1.43,1.51,1.43,4590,1263025.0,5.33,-4.67,-0.07,0.44
2005-03-18,000935,1.48,1.4,1.48,1.39,3573,966535.19,6.29,-2.1,-0.03,0.34
2005-03-21,000935,1.37,1.41,1.44,1.37,2537,685273.5,5.0,0.71,0.01,0.24
2005-03-22,000935,1.41,1.3,1.41,1.3,5222,1366218.0,7.8,-7.8,-0.11,0.5
2005-03-23,000935,1.28,1.24,1.29,1.1,6534,1621255.38,14.62,-4.62,-0.06,0.63
2005-03-24,000935,1.23,1.24,1.25,1.13,4226,1044531.31,9.68,0.0,0.0,0.4
2005-03-25,000935,1.22,1.21,1.23,1.18,2263,561245.0,4.03,-2.42,-0.03,0.22
2005-03-28,000935,1.19,1.22,1.22,1.17,1591,392207.34,4.13,0.83,0.01,0.15
2005-03-29,000935,1.2,1.19,1.23,1.18,1265,312679.0,4.1,-2.46,-0.03,0.12
2005-03-30,000935,1.17,1.09,1.18,1.09,3947,939481.44,7.56,-8.4,-0.1,0.38
2005-03-31,000935,1.08,1.11,1.14,1.05,2767,656700.44,8.26,1.83,0.02,0.27
2005-04-01,000935,1.09,1.16,1.21,1.04,3730,889698.38,15.32,4.5,0.05,0.36
2005-04-04,000935,1.09,1.11,1.15,1.08,2783,661925.44,6.03,-4.31,-0.05,0.27
2005-04-05,000935,1.09,1.11,1.15,1.09,3326,796770.5,5.41,0.0,0.0,0.32
2005-04-06,000935,1.11,1.14,1.14,1.09,2861,680266.62,4.5,2.7,0.03,0.27
2005-04-07,000935,1.14,1.18,1.2,1.13,3901,952617.25,6.14,3.51,0.04,0.37
2005-04-08,000935,1.15,1.19,1.2,1.14,2716,664226.31,5.08,0.85,0.01,0.26
2005-04-11,000935,1.19,1.21,1.23,1.14,4079,1004600.19,7.56,1.68,0.02,0.39
2005-04-12,000935,1.22,1.25,1.3,1.2,12937,3283326.5,8.26,3.31,0.04,1.24
2005-04-13,000935,1.23,1.39,1.4,1.23,17075,4482007.0,13.6,11.2,0.14,1.64
2005-04-14,000935,1.37,1.47,1.65,1.35,51437,14409404.0,21.58,5.76,0.08,4.93
2005-04-15,000935,1.46,1.37,1.46,1.35,22094,5946440.0,7.48,-6.8,-0.1,2.12
2005-04-18,000935,1.36,1.3,1.37,1.25,9395,2414511.0,8.76,-5.11,-0.07,0.9
2005-04-19,000935,1.3,1.47,1.54,1.23,13853,3770830.0,23.85,13.08,0.17,1.33
2005-04-20,000935,1.42,1.44,1.53,1.37,11014,3038760.5,10.88,-2.04,-0.03,1.05
2005-04-21,000935,1.43,1.37,1.49,1.37,4163,1121930.25,8.33,-4.86,-0.07,0.4
2005-04-22,000935,1.37,1.27,1.4,1.24,6158,1588294.38,11.68,-7.3,-0.1,0.59
2005-04-25,000935,1.23,1.33,1.34,1.23,5147,1324050.88,8.66,4.72,0.06,0.49
2005-04-26,000935,1.37,1.38,1.41,1.29,4129,1087976.62,9.02,3.76,0.05,0.4
2005-04-27,000935,1.35,1.28,1.37,1.28,2933,761639.94,6.52,-7.25,-0.1,0.28
2005-04-28,000935,1.3,1.41,1.44,1.23,7437,1922543.62,16.41,10.16,0.13,0.71
2005-04-29,000935,1.37,1.33,1.39,1.28,5679,1485764.88,7.8,-5.67,-0.08,0.54
2005-05-09,000935,1.36,1.23,1.36,1.23,4956,1262188.0,9.77,-7.52,-0.1,0.47
2005-05-10,000935,1.23,1.06,1.23,0.99,12164,2797105.5,19.51,-13.82,-0.17,1.17
2005-05-11,000935,1.08,1.24,1.27,1.08,14219,3514175.75,17.92,16.98,0.18,1.36
2005-05-12,000935,1.25,1.2,1.32,1.17,6624,1643701.75,12.1,-3.23,-0.04,0.63
2005-05-13,000935,1.18,1.22,1.23,1.15,2504,617736.56,6.67,1.67,0.02,0.24
2005-05-16,000935,1.22,1.14,1.22,1.11,2970,715227.38,9.02,-6.56,-0.08,0.28
2005-05-17,000935,1.11,1.15,1.17,1.09,2364,570636.5,7.02,0.88,0.01,0.23
2005-05-18,000935,1.16,1.23,1.23,1.15,2894,711788.75,6.96,6.96,0.08,0.28
2005-05-19,000935,1.24,1.23,1.28,1.21,4004,1008384.0,5.69,0.0,0.0,0.38
2005-05-20,000935,1.21,1.26,1.33,1.18,5450,1394317.0,12.2,2.44,0.03,0.52
2005-05-23,000935,1.23,1.19,1.23,1.18,3004,743528.0,3.97,-5.56,-0.07,0.29
2005-05-24,000935,1.14,1.23,1.23,1.11,3186,784135.75,10.08,3.36,0.04,0.31
2005-05-25,000935,1.21,1.23,1.26,1.18,3760,940015.88,6.5,0.0,0.0,0.36
2005-05-26,000935,1.24,1.26,1.27,1.19,2741,687481.31,6.5,2.44,0.03,0.26
2005-05-27,000935,1.23,1.23,1.27,1.22,2800,704538.12,3.97,-2.38,-0.03,0.27
2005-05-30,000935,1.2,1.2,1.25,1.18,5612,1393075.0,5.69,-2.44,-0.03,0.54
2005-05-31,000935,1.19,1.17,1.23,1.16,4207,1036138.25,5.83,-2.5,-0.03,0.4
2005-06-01,000935,1.17,1.13,1.17,1.11,3688,886275.0,5.13,-3.42,-0.04,0.35
2005-06-02,000935,1.11,1.13,1.14,1.1,1583,378444.0,3.54,0.0,0.0,0.15
2005-06-03,000935,1.13,1.17,1.2,1.1,2694,651770.0,8.85,3.54,0.04,0.26
2005-06-06,000935,1.13,1.18,1.19,1.13,2428,590467.0,5.13,0.85,0.01,0.23
2005-06-07,000935,1.2,1.2,1.23,1.16,4435,1100992.5,5.93,1.69,0.02,0.42
2005-06-08,000935,1.2,1.35,1.37,1.18,12486,3209768.0,15.83,12.5,0.15,1.2
2005-06-09,000935,1.34,1.31,1.35,1.27,9875,2551242.5,5.93,-2.96,-0.04,0.95
2005-06-10,000935,1.36,1.33,1.49,1.32,17716,4754580.5,12.98,1.53,0.02,1.7
2005-06-13,000935,1.3,1.3,1.34,1.25,5532,1422595.25,6.77,-2.26,-0.03,0.53
2005-06-14,000935,1.34,1.27,1.37,1.26,3925,1012423.19,8.46,-2.31,-0.03,0.38
2005-06-15,000935,1.24,1.16,1.25,1.16,4289,1067738.75,7.09,-8.66,-0.11,0.41
2005-06-16,000935,1.17,1.23,1.24,1.15,2456,606639.06,7.76,6.03,0.07,0.24
2005-06-17,000935,1.27,1.23,1.28,1.19,1957,486388.5,7.32,0.0,0.0,0.19
2005-06-20,000935,1.23,1.27,1.3,1.19,4394,1110390.5,8.94,3.25,0.04,0.42
2005-06-21,000935,1.29,1.23,1.29,1.22,3593,900223.5,5.51,-3.15,-0.04,0.34
2005-06-22,000935,1.22,1.2,1.24,1.18,3086,762927.0,4.88,-2.44,-0.03,0.3
2005-06-24,000935,1.16,1.23,1.26,1.16,2373,588395.62,8.33,2.5,0.03,0.23
2005-06-27,000935,1.27,1.28,1.31,1.24,4912,1260949.12,5.69,4.07,0.05,0.47
2005-06-28,000935,1.23,1.2,1.23,1.18,3685,912097.19,3.91,-6.25,-0.08,0.35
2005-06-29,000935,1.21,1.17,1.21,1.16,2852,698639.0,4.17,-2.5,-0.03,0.27
2005-06-30,000935,1.16,1.15,1.17,1.13,1692,410407.0,3.42,-1.71,-0.02,0.16
2005-07-01,000935,1.13,1.09,1.15,1.09,3376,808328.19,5.22,-5.22,-0.06,0.32
2005-07-04,000935,1.04,1.08,1.09,0.95,4026,906061.5,12.84,-0.92,-0.01,0.39
2005-07-05,000935,1.02,0.98,1.06,0.97,3084,702432.62,8.33,-9.26,-0.1,0.3
2005-07-06,000935,0.98,0.99,1.02,0.98,2639,595885.62,4.08,1.02,0.01,0.25
2005-07-07,000935,0.99,0.99,1.03,0.96,1870,420790.53,7.07,0.0,0.0,0.18
2005-07-08,000935,0.99,1.0,1.06,0.96,3732,845759.69,10.1,1.01,0.01,0.36
2005-07-11,000935,1.05,0.95,1.07,0.93,2181,490598.0,14.0,-5.0,-0.05,0.21
2005-07-12,000935,0.95,0.95,0.96,0.75,10029,2118527.75,22.11,0.0,0.0,0.96
2005-07-13,000935,0.92,0.86,0.95,0.84,3908,829471.0,11.58,-9.47,-0.09,0.37
2005-07-14,000935,0.94,0.94,1.02,0.92,6499,1440667.75,11.63,9.3,0.08,0.62
2005-07-15,000935,0.94,0.85,0.95,0.85,3799,810880.0,10.64,-9.57,-0.09,0.36
2005-07-18,000935,0.85,0.81,0.86,0.78,2762,569802.06,9.41,-4.71,-0.04,0.26
2005-07-19,000935,0.81,0.84,0.85,0.81,1529,316719.56,4.94,3.7,0.03,0.15
2005-07-20,000935,0.85,0.89,0.9,0.8,3316,698652.38,11.9,5.95,0.05,0.32
2005-07-21,000935,0.89,0.85,0.89,0.82,3305,693442.44,7.87,-4.49,-0.04,0.32
2005-07-22,000935,0.88,0.89,0.93,0.83,4235,906323.38,11.76,4.71,0.04,0.41
2005-07-25,000935,0.86,0.87,0.89,0.82,2691,565362.75,7.87,-2.25,-0.02,0.26
2005-07-26,000935,0.86,0.91,0.91,0.86,4663,998707.12,5.75,4.6,0.04,0.45
2005-07-27,000935,0.91,0.95,0.95,0.88,7330,1595520.25,7.69,4.4,0.04,0.7
2005-07-28,000935,0.95,0.97,1.02,0.93,8048,1792070.0,9.47,2.11,0.02,0.77
2005-07-29,000935,0.95,0.94,0.97,0.9,3449,752937.5,7.22,-3.09,-0.03,0.33
2005-08-01,000935,0.94,0.97,0.98,0.91,5205,1153029.12,7.45,3.19,0.03,0.5
2005-08-02,000935,0.96,1.02,1.03,0.94,7456,1680890.5,9.28,5.15,0.05,0.71
2005-08-03,000935,1.04,1.06,1.09,0.98,11821,2725055.5,10.78,3.92,0.04,1.13
2005-08-04,000935,1.04,1.06,1.12,1.02,9378,2191243.75,9.43,0.0,0.0,0.9
2005-08-05,000935,1.03,1.09,1.09,1.02,9304,2164789.25,6.6,2.83,0.03,0.89
2005-08-08,000935,1.11,1.05,1.11,1.03,10038,2327770.75,7.34,-3.67,-0.04,0.96
2005-08-09,000935,1.06,1.09,1.09,1.04,8284,1937186.88,4.76,3.81,0.04,0.79
2005-08-10,000935,1.09,1.14,1.21,1.05,19492,4645024.0,14.68,4.59,0.05,1.87
2005-08-11,000935,1.14,1.11,1.14,1.08,13151,3129808.5,5.26,-2.63,-0.03,1.26
2005-08-12,000935,1.11,1.02,1.13,1.01,12061,2818229.5,10.81,-8.11,-0.09,1.16
2005-08-15,000935,1.04,1.08,1.08,1.0,7257,1672870.38,7.84,5.88,0.06,0.7
2005-08-16,000935,1.09,1.12,1.12,1.05,12954,3048151.5,6.48,3.7,0.04,1.24
2005-08-17,000935,1.1,1.18,1.18,1.07,19471,4678245.0,9.82,5.36,0.06,1.87
2005-08-18,000935,1.18,1.09,1.23,1.08,19949,4890397.0,12.71,-7.63,-0.09,1.91
2005-08-19,000935,1.07,1.13,1.19,1.04,17118,4102111.0,13.76,3.67,0.04,1.64
2005-08-22,000935,1.11,1.23,1.23,1.09,15433,3804623.75,12.39,8.85,0.1,1.48
2005-08-23,000935,1.17,1.2,1.25,1.14,12511,3093137.0,8.94,-2.44,-0.03,1.2
2005-08-24,000935,1.21,1.25,1.27,1.17,11951,2985033.75,8.33,4.17,0.05,1.14
2005-08-25,000935,1.23,1.22,1.24,1.19,6254,1556926.0,4.0,-2.4,-0.03,0.6
2005-08-26,000935,1.22,1.23,1.24,1.17,6544,1623946.5,5.74,0.82,0.01,0.63
2005-08-29,000935,1.26,1.16,1.26,1.15,7411,1820332.0,8.94,-5.69,-0.07,0.71
2005-08-30,000935,1.16,1.18,1.19,1.12,8823,2128764.75,6.03,1.72,0.02,0.85
2005-08-31,000935,1.16,1.17,1.18,1.1,6802,1638476.62,6.78,-0.85,-0.01,0.65
2005-09-01,000935,1.16,1.22,1.23,1.14,11426,2825818.5,7.69,4.27,0.05,1.09
2005-09-02,000935,1.22,1.25,1.25,1.2,11599,2916267.75,4.1,2.46,0.03,1.11
2005-09-05,000935,1.27,1.29,1.34,1.22,13708,3507717.0,9.6,3.2,0.04,1.31
2005-09-06,000935,1.3,1.22,1.32,1.21,11630,2968595.0,8.53,-5.43,-0.07,1.11
2005-09-07,000935,1.23,1.31,1.32,1.21,11394,2893988.0,9.02,7.38,0.09,1.09
2005-09-08,000935,1.31,1.27,1.32,1.25,8972,2294695.0,5.34,-3.05,-0.04,0.86
2005-09-09,000935,1.27,1.27,1.31,1.25,7952,2035159.75,4.72,0.0,0.0,0.76
2005-09-12,000935,1.26,1.26,1.28,1.25,4605,1171489.75,2.36,-0.79,-0.01,0.44
2005-09-13,000935,1.26,1.34,1.35,1.23,17160,4439105.5,9.52,6.35,0.08,1.64
2005-09-14,000935,1.34,1.35,1.38,1.29,15498,4061386.75,6.72,0.75,0.01,1.48
2005-09-15,000935,1.35,1.35,1.38,1.32,10434,2755039.0,4.44,0.0,0.0,1.0
2005-09-16,000935,1.37,1.41,1.44,1.34,18697,5015636.0,7.41,4.44,0.06,1.79
2005-09-19,000935,1.44,1.44,1.45,1.37,14293,3864243.75,5.67,2.13,0.03,1.37
2005-09-20,000935,1.47,1.48,1.58,1.41,51465,14449614.0,11.81,2.78,0.04,4.93
2005-09-21,000935,1.49,1.59,1.62,1.39,39755,11086392.0,15.54,7.43,0.11,3.81
2005-09-22,000935,1.54,1.39,1.54,1.37,21771,5994205.5,10.69,-12.58,-0.2,2.09
2005-09-23,000935,1.39,1.37,1.45,1.36,12931,3496186.0,6.47,-1.44,-0.02,1.24
2005-09-26,000935,1.35,1.28,1.37,1.24,10841,2781943.0,9.49,-6.57,-0.09,1.04
2005-09-27,000935,1.27,1.15,1.29,1.13,13062,3242100.5,12.5,-10.16,-0.13,1.25
2005-09-28,000935,1.15,1.19,1.22,1.15,6629,1629454.0,6.09,3.48,0.04,0.63
2005-09-29,000935,1.17,1.23,1.26,1.17,7002,1755594.5,7.56,3.36,0.04,0.67
2005-09-30,000935,1.23,1.2,1.25,1.19,4690,1169115.0,4.88,-2.44,-0.03,0.45
2005-10-10,000935,1.23,1.17,1.24,1.17,3799,939940.5,5.83,-2.5,-0.03,0.36
2005-10-11,000935,1.18,1.23,1.24,1.15,4217,1053806.0,7.69,5.13,0.06,0.4
2005-10-12,000935,1.21,1.27,1.27,1.18,7673,1920347.75,7.32,3.25,0.04,0.73
2005-10-13,000935,1.26,1.33,1.36,1.24,13564,3490280.0,9.45,4.72,0.06,1.3
2005-10-14,000935,1.34,1.28,1.36,1.25,11078,2861715.25,8.27,-3.76,-0.05,1.06
2005-10-17,000935,1.28,1.23,1.28,1.18,4902,1223995.38,7.81,-3.91,-0.05,0.47
2005-10-18,000935,1.23,1.29,1.31,1.22,5672,1444554.62,7.32,4.88,0.06,0.54
2005-10-19,000935,1.27,1.53,1.53,1.25,57579,15996909.0,21.71,18.6,0.24,5.52
2005-10-20,000935,1.66,1.71,1.76,1.59,138747,41407120.0,11.11,11.76,0.18,13.29
2005-10-21,000935,1.74,1.99,1.99,1.74,75915,24497898.0,14.62,16.37,0.28,7.27
2005-10-24,000935,2.14,1.79,2.2,1.76,131232,42721208.0,22.11,-10.05,-0.2,12.57
2005-10-25,000935,1.71,1.88,1.9,1.65,77404,23798054.0,13.97,5.03,0.09,7.41
2005-10-26,000935,1.87,1.82,1.97,1.77,77106,24828102.0,10.64,-3.19,-0.06,7.39
2005-10-27,000935,1.78,1.79,1.86,1.71,46556,14338980.0,8.24,-1.65,-0.03,4.46
2005-10-28,000935,1.78,1.58,1.8,1.52,37177,11045763.0,15.64,-11.73,-0.21,3.56
2005-10-31,000935,1.52,1.72,1.79,1.47,43506,13021321.0,20.25,8.86,0.14,4.17
2005-11-01,000935,1.72,1.72,1.73,1.63,24434,7275924.5,5.81,0.0,0.0,2.34
2005-11-02,000935,1.72,1.84,1.95,1.66,53534,16777264.0,16.86,6.98,0.12,5.13
2005-11-03,000935,1.83,1.79,1.86,1.74,35129,10895324.0,6.52,-2.72,-0.05,3.36
2005-11-04,000935,1.79,1.79,1.84,1.74,17768,5504727.0,5.59,0.0,0.0,1.7
2005-11-07,000935,1.83,1.82,1.84,1.76,20205,6308111.5,4.47,1.68,0.03,1.94
2005-11-08,000935,1.8,1.76,1.81,1.75,25523,7865253.0,3.3,-3.3,-0.06,2.44
2005-11-09,000935,1.75,1.77,1.86,1.74,26485,8260492.5,6.82,0.57,0.01,2.54
2005-11-10,000935,1.76,1.61,1.76,1.58,30303,8947892.0,10.17,-9.04,-0.16,2.9
2005-11-11,000935,1.57,1.64,1.67,1.56,13175,3854716.75,6.83,1.86,0.03,1.26
2005-11-14,000935,1.66,1.72,1.73,1.66,16876,5079267.0,4.27,4.88,0.08,1.62
2005-11-16,000935,2.0,2.0,2.0,2.0,11725,3904588.25,0.0,16.28,0.28,1.12
2005-11-17,000935,2.31,2.03,2.31,2.02,153000,53995788.0,14.5,1.5,0.03,14.66
2005-11-18,000935,2.03,2.09,2.15,2.0,93152,31761612.0,7.39,2.96,0.06,8.92
2005-11-21,000935,2.06,1.97,2.08,1.96,51032,17023056.0,5.74,-5.74,-0.12,4.89
2005-11-22,000935,1.97,1.83,1.98,1.82,36852,11808675.0,8.12,-7.11,-0.14,3.53
2005-11-23,000935,1.8,1.84,1.89,1.78,18476,5855465.0,6.01,0.55,0.01,1.77
2005-11-24,000935,1.84,1.86,1.91,1.81,19173,6109016.5,5.43,1.09,0.02,1.84
2005-11-25,000935,1.87,1.82,1.87,1.79,15208,4771941.5,4.3,-2.15,-0.04,1.46
2005-11-28,000935,1.79,1.82,1.88,1.78,13708,4318291.0,5.49,0.0,0.0,1.31
2005-11-29,000935,1.84,1.87,1.91,1.81,25668,8195985.5,5.49,2.75,0.05,2.46
2005-11-30,000935,1.84,1.85,1.89,1.8,14129,4446600.5,4.81,-1.07,-0.02,1.35
2005-12-01,000935,1.85,1.78,1.86,1.75,17117,5302599.0,5.95,-3.78,-0.07,1.64
2005-12-02,000935,1.76,1.68,1.77,1.67,19083,5777094.5,5.62,-5.62,-0.1,1.83
2005-12-05,000935,1.68,1.7,1.76,1.67,14162,4296422.0,5.36,1.19,0.02,1.36
2005-12-06,000935,1.7,1.79,1.8,1.7,18290,5618252.5,5.88,5.29,0.09,1.75
2005-12-07,000935,1.79,1.76,1.8,1.73,11788,3612146.75,3.91,-1.68,-0.03,1.13
2005-12-08,000935,1.75,1.8,1.82,1.7,21207,6525020.5,6.82,2.27,0.04,2.03
2005-12-09,000935,1.78,1.78,1.81,1.75,12031,3731550.75,3.33,-1.11,-0.02,1.15
2005-12-12,000935,1.78,1.81,1.83,1.76,13146,4095275.75,3.93,1.69,0.03,1.26
2005-12-13,000935,1.81,1.78,1.81,1.75,10152,3127306.75,3.31,-1.66,-0.03,0.97
2005-12-14,000935,1.78,1.78,1.81,1.73,14599,4515363.0,4.49,0.0,0.0,1.4
2005-12-15,000935,1.78,1.74,1.78,1.73,11054,3386648.0,2.81,-2.25,-0.04,1.06
2005-12-16,000935,1.72,1.74,1.76,1.7,11181,3398342.5,3.45,0.0,0.0,1.07
2005-12-19,000935,1.74,1.71,1.74,1.7,8600,2604463.0,2.3,-1.72,-0.03,0.82
2005-12-20,000935,1.71,1.75,1.75,1.7,7372,2238910.25,2.92,2.34,0.04,0.71
2005-12-21,000935,1.72,1.72,1.73,1.7,8412,2544174.75,1.71,-1.71,-0.03,0.81
2005-12-22,000935,1.7,1.78,1.83,1.67,21216,6493576.0,9.3,3.49,0.06,2.03
2005-12-23,000935,1.78,1.76,1.79,1.74,10327,3174344.25,2.81,-1.12,-0.02,0.99
2005-12-26,000935,1.76,1.75,1.78,1.69,10949,3342214.5,5.11,-0.57,-0.01,1.05
2005-12-27,000935,1.77,1.77,1.78,1.72,10479,3210722.75,3.43,1.14,0.02,1.0
2005-12-28,000935,1.75,1.74,1.77,1.72,7905,2408608.25,2.82,-1.69,-0.03,0.76
2005-12-29,000935,1.72,1.76,1.78,1.72,17340,5315043.5,3.45,1.15,0.02,1.66
2005-12-30,000935,1.76,1.76,1.84,1.76,29475,9181204.0,4.55,0.0,0.0,2.82
2006-01-04,000935,1.76,1.79,1.79,1.74,14747,4541092.0,2.84,1.7,0.03,1.41
2006-01-05,000935,1.84,1.81,1.84,1.78,14337,4468424.0,3.35,1.12,0.02,1.37
2006-01-06,000935,1.84,1.84,1.87,1.81,30891,9770068.0,3.31,1.66,0.03,2.96
2006-01-09,000935,1.84,1.94,1.96,1.81,35513,11437266.0,8.15,5.43,0.1,3.4
2006-01-10,000935,1.94,1.9,1.94,1.85,20854,6689519.5,4.64,-2.06,-0.04,2.0
2006-01-11,000935,1.9,1.79,1.9,1.78,24290,7638529.0,6.32,-5.79,-0.11,2.33
2006-01-12,000935,1.78,1.84,1.84,1.78,16916,5287453.5,3.35,2.79,0.05,1.62
2006-01-13,000935,1.83,1.84,1.86,1.79,19245,6044595.0,3.8,0.0,0.0,1.84
2006-01-16,000935,1.84,1.82,1.84,1.78,15583,4862864.0,3.26,-1.09,-0.02,1.49
2006-01-17,000935,1.83,1.9,1.94,1.83,45742,14764194.0,6.04,4.4,0.08,4.38
2006-01-18,000935,1.9,1.92,1.92,1.84,32122,10356051.0,4.21,1.05,0.02,3.08
2006-01-19,000935,1.94,1.91,1.94,1.86,18129,5836730.5,4.17,-0.52,-0.01,1.74
2006-01-20,000935,1.92,1.88,1.92,1.82,22337,7109438.0,5.24,-1.57,-0.03,2.14
2006-01-23,000935,1.86,1.96,2.01,1.83,34132,11131363.0,9.57,4.26,0.08,3.27
2006-01-24,000935,1.95,1.89,1.96,1.88,22570,7348884.5,4.08,-3.57,-0.07,2.16
2006-01-25,000935,1.91,1.86,1.92,1.82,17155,5457438.0,5.29,-1.59,-0.03,1.64
2006-02-06,000935,1.86,1.93,1.98,1.86,21139,6867213.0,6.45,3.76,0.07,2.02
2006-02-07,000935,1.93,2.02,2.06,1.92,39120,13056019.0,7.25,4.66,0.09,3.75
2006-02-08,000935,2.05,2.01,2.05,1.95,19950,6609174.5,4.95,-0.5,-0.01,1.91
2006-02-09,000935,2.0,2.0,2.01,1.94,19999,6611337.0,3.48,-0.5,-0.01,1.92
2006-02-10,000935,2.0,2.1,2.12,2.0,47636,16297924.0,6.0,5.0,0.1,4.56
2006-02-13,000935,2.1,2.17,2.2,2.06,40574,14157135.0,6.67,3.33,0.07,3.89
2006-02-14,000935,2.2,2.41,2.49,2.2,94661,35044036.0,13.36,11.06,0.24,9.07
2006-02-15,000935,2.38,2.49,2.62,2.32,79000,30277670.0,12.45,3.32,0.08,7.57
2006-02-16,000935,2.49,2.73,2.79,2.41,126253,51009148.0,15.26,9.64,0.24,12.09
2006-02-17,000935,2.7,2.51,2.88,2.47,88146,35620984.0,15.02,-8.06,-0.22,8.44
2006-02-20,000935,2.48,2.37,2.5,2.29,72206,26991572.0,8.37,-5.58,-0.14,6.92
2006-02-21,000935,2.3,2.36,2.44,2.28,40311,14989852.0,6.75,-0.42,-0.01,3.86
2006-02-22,000935,2.39,2.39,2.48,2.34,41573,15670127.0,5.93,1.27,0.03,3.98
2006-02-23,000935,2.38,2.31,2.38,2.22,45344,16454693.0,6.69,-3.35,-0.08,4.34
2006-02-24,000935,2.29,2.31,2.37,2.26,25157,9227394.0,4.76,0.0,0.0,2.41
2006-02-27,000935,2.31,2.2,2.34,2.18,30645,11006795.0,6.93,-4.76,-0.11,2.94
2006-02-28,000935,2.18,2.29,2.3,2.18,29697,10686337.0,5.45,4.09,0.09,2.84
2006-03-01,000935,2.32,2.54,2.62,2.24,61221,23222384.0,16.59,10.92,0.25,5.86
2006-03-02,000935,2.51,2.38,2.58,2.34,54022,20738330.0,9.45,-6.3,-0.16,5.17
2006-03-03,000935,2.35,2.3,2.47,2.23,28645,10598719.0,10.08,-3.36,-0.08,2.74
2006-03-06,000935,2.26,2.35,2.44,2.26,28362,10612591.0,7.83,2.17,0.05,2.72
2006-03-07,000935,2.33,2.39,2.52,2.31,48811,18524380.0,8.94,1.7,0.04,4.68
2006-03-08,000935,2.36,2.29,2.38,2.22,30032,10923430.0,6.69,-4.18,-0.1,2.88
2006-03-09,000935,2.3,2.08,2.36,2.06,29428,10450197.0,13.1,-9.17,-0.21,2.82
2006-03-10,000935,2.06,2.03,2.15,2.02,24435,8363334.5,6.25,-2.4,-0.05,2.34
2006-03-13,000935,2.03,2.15,2.2,2.02,21285,7399677.5,8.87,5.91,0.12,2.04
2006-03-14,000935,2.13,2.25,2.27,2.11,22618,8009504.5,7.44,4.65,0.1,2.17
2006-03-15,000935,2.24,2.21,2.27,2.2,17342,6191723.5,3.11,-1.78,-0.04,1.66
2006-03-16,000935,2.2,2.23,2.32,2.18,15488,5584437.0,6.33,0.9,0.02,1.48
2006-03-17,000935,2.23,2.17,2.23,2.16,13745,4847240.0,3.14,-2.69,-0.06,1.32
2006-03-20,000935,2.16,2.19,2.2,2.08,16126,5599388.5,5.53,0.92,0.02,1.54
2006-03-21,000935,2.19,2.27,2.27,2.14,21602,7745374.0,5.94,3.65,0.08,2.07
2006-03-22,000935,2.31,2.36,2.43,2.28,36217,13522520.0,6.61,3.96,0.09,3.47
2006-03-23,000935,2.35,2.32,2.36,2.28,20664,7565288.0,3.39,-1.69,-0.04,1.98
2006-03-24,000935,2.34,2.32,2.39,2.28,26646,9841075.0,4.74,0.0,0.0,2.55
2006-03-27,000935,2.3,2.39,2.4,2.28,19992,7403361.0,5.17,3.02,0.07,1.91
2006-03-28,000935,2.38,2.3,2.38,2.28,30186,11068091.0,4.18,-3.77,-0.09,2.89
2006-03-29,000935,2.31,2.26,2.34,2.25,25044,9104523.0,3.91,-1.74,-0.04,2.4
2006-03-30,000935,2.28,2.18,2.29,2.17,24272,8600457.0,5.31,-3.54,-0.08,2.32
2006-03-31,000935,2.16,2.18,2.2,2.14,14195,4994662.5,2.75,0.0,0.0,1.36
2006-04-03,000935,2.19,2.28,2.31,2.12,24131,8593106.0,8.72,4.59,0.1,2.31
2006-04-04,000935,2.29,2.34,2.39,2.25,36316,13350543.0,6.14,2.63,0.06,3.48
2006-04-05,000935,2.34,2.34,2.35,2.25,25345,9239858.0,4.27,0.0,0.0,2.43
2006-04-06,000935,2.34,2.35,2.41,2.31,40616,15081403.0,4.27,0.43,0.01,3.89
2006-04-07,000935,2.36,2.49,2.58,2.35,81544,31386844.0,9.79,5.96,0.14,7.81
2006-04-10,000935,2.51,2.53,2.56,2.43,41326,15913094.0,5.22,1.61,0.04,3.96
2006-04-11,000935,2.58,2.46,2.61,2.43,39337,15204389.0,7.11,-2.77,-0.07,3.77
2006-04-12,000935,2.44,2.47,2.48,2.35,27757,10483836.0,5.28,0.41,0.01,2.66
2006-04-13,000935,2.45,2.3,2.5,2.3,23463,8807471.0,8.1,-6.88,-0.17,2.25
2006-04-14,000935,2.29,2.36,2.38,2.25,18781,6870528.5,5.65,2.61,0.06,1.8
2006-04-17,000935,2.33,2.41,2.43,2.32,24514,9146599.0,4.66,2.12,0.05,2.35
2006-04-18,000935,2.45,2.51,2.58,2.45,67342,26244098.0,5.39,4.15,0.1,6.45
2006-04-19,000935,2.53,2.44,2.53,2.37,29951,11367667.0,6.37,-2.79,-0.07,2.87
2006-04-20,000935,2.4,2.32,2.44,2.3,27838,10284237.0,5.74,-4.92,-0.12,2.67
2006-04-21,000935,2.32,2.44,2.46,2.28,33225,12434036.0,7.76,5.17,0.12,3.18
2006-04-24,000935,2.4,2.17,2.44,2.12,37374,13570516.0,13.11,-11.07,-0.27,3.58
2006-04-25,000935,2.16,1.97,2.16,1.92,38615,12842923.0,11.06,-9.22,-0.2,3.7
2006-04-26,000935,1.97,2.04,2.04,1.94,23268,7718855.0,5.08,3.55,0.07,2.23
2006-04-27,000935,2.05,1.96,2.05,1.94,19674,6499341.0,5.39,-3.92,-0.08,1.88
2006-04-28,000935,1.78,1.74,1.88,1.69,39780,12178432.0,9.69,-11.22,-0.22,3.81
2006-05-08,000935,1.75,1.84,1.87,1.7,30126,9344859.0,9.77,5.75,0.1,2.89
2006-05-09,000935,1.83,2.0,2.0,1.78,39632,12769593.0,11.96,8.7,0.16,3.8
2006-05-10,000935,1.97,1.99,2.06,1.91,36969,12296759.0,7.5,-0.5,-0.01,3.54
2006-05-11,000935,1.99,2.01,2.14,1.92,53117,17972442.0,11.06,1.01,0.02,5.09
2006-05-12,000935,2.0,2.11,2.13,1.98,41026,13970149.0,7.46,4.98,0.1,3.93
2006-05-15,000935,2.11,2.27,2.3,2.06,59793,20961270.0,11.37,7.58,0.16,5.73
2006-05-16,000935,2.34,2.25,2.53,2.25,88594,33017710.0,12.33,-0.88,-0.02,8.49
2006-05-17,000935,2.25,2.37,2.48,2.19,51325,19126340.0,12.89,5.33,0.12,4.92
2006-05-18,000935,2.33,2.34,2.37,2.25,28708,10519100.0,5.06,-1.27,-0.03,2.75
2006-05-19,000935,2.34,2.43,2.47,2.32,43117,16291362.0,6.41,3.85,0.09,4.13
2006-05-22,000935,2.43,2.68,2.68,2.39,81813,32305368.0,11.93,10.29,0.25,7.84
2006-05-23,000935,2.62,2.53,2.76,2.52,77073,30762802.0,8.96,-5.6,-0.15,7.38
2006-05-24,000935,2.49,2.44,2.69,2.34,61363,23958286.0,13.83,-3.56,-0.09,5.88
2006-05-25,000935,2.46,2.56,2.58,2.41,33948,13118690.0,6.97,4.92,0.12,3.25
2006-05-26,000935,2.56,2.55,2.68,2.5,32947,13025066.0,7.03,-0.39,-0.01,3.16
2006-05-29,000935,2.54,2.67,2.7,2.48,55680,22294886.0,8.63,4.71,0.12,5.33
2006-05-30,000935,2.67,2.82,2.84,2.56,64138,26336440.0,10.49,5.62,0.15,6.14
2006-05-31,000935,2.83,3.08,3.21,2.77,138934,62482704.0,15.6,9.22,0.26,13.31
2006-06-01,000935,3.12,3.47,3.5,3.12,102292,48979224.0,12.34,12.66,0.39,9.8
2006-06-02,000935,3.65,3.93,3.93,3.6,111449,58327700.0,9.51,13.26,0.46,10.68
2006-06-05,000935,4.02,4.11,4.38,3.56,87077,48128264.0,20.87,4.58,0.18,8.34
2006-06-06,000935,4.15,4.03,4.2,3.86,62737,34781136.0,8.27,-1.95,-0.08,6.01
2006-06-07,000935,4.03,4.09,4.55,3.96,117946,68385176.0,14.64,1.49,0.06,11.3
2006-06-08,000935,4.07,4.19,4.4,3.89,106967,60595348.0,12.47,2.44,0.1,10.25
2006-06-09,000935,4.19,4.42,4.45,4.14,66496,38715036.0,7.4,5.49,0.23,6.37
2006-06-12,000935,4.5,3.99,4.53,3.98,58342,32970778.0,12.44,-9.73,-0.43,5.59
2006-06-13,000935,3.94,3.76,4.1,3.61,49998,26739362.0,12.28,-5.76,-0.23,4.79
2006-06-14,000935,3.86,4.25,4.25,3.82,67525,38067780.0,11.44,13.03,0.49,6.47
2006-06-15,000935,4.28,4.46,4.64,4.21,73691,44070176.0,10.12,4.94,0.21,7.06
2006-06-16,000935,4.45,4.24,4.64,4.13,80873,47516696.0,11.43,-4.93,-0.22,7.75
2006-07-04,000935,4.77,4.56,4.77,4.41,53935,32820782.0,8.49,7.55,0.32,5.17
2006-07-05,000935,4.56,4.48,4.63,4.35,25714,15395715.0,6.14,-1.75,-0.08,2.46
2006-07-06,000935,4.49,4.49,4.6,4.44,18532,11148899.0,3.57,0.22,0.01,1.78
2006-07-07,000935,4.49,4.33,4.57,4.31,19913,11734454.0,5.79,-3.56,-0.16,1.91
2006-07-10,000935,4.33,4.22,4.35,4.13,22479,12753786.0,5.08,-2.54,-0.11,2.15
2006-07-11,000935,4.22,4.37,4.56,4.22,17839,10626156.0,8.06,3.55,0.15,1.71
2006-07-12,000935,4.3,4.14,4.32,4.1,34966,19740992.0,5.03,-5.26,-0.23,3.35
2006-07-13,000935,4.14,3.67,4.15,3.62,41102,21581384.0,12.8,-11.35,-0.47,3.94
2006-07-14,000935,3.67,3.53,3.69,3.53,46085,23288564.0,4.36,-3.81,-0.14,4.41
2006-07-17,000935,3.53,3.65,3.7,3.45,16542,8317520.0,7.08,3.4,0.12,1.58
2006-07-18,000935,3.56,3.66,3.71,3.55,12900,6555389.0,4.38,0.27,0.01,1.24
2006-07-19,000935,3.66,3.64,3.67,3.46,11063,5567869.0,5.74,-0.55,-0.02,1.06
2006-07-20,000935,3.6,3.79,3.83,3.6,14592,7596813.5,6.32,4.12,0.15,1.4
2006-07-21,000935,3.78,3.96,4.07,3.78,20376,11077604.0,7.65,4.49,0.17,1.95
2006-07-24,000935,4.02,4.19,4.26,3.84,24204,13529701.0,10.61,5.81,0.23,2.32
2006-07-25,000935,4.19,4.11,4.25,4.06,13282,7441993.0,4.53,-1.91,-0.08,1.27
2006-07-26,000935,4.1,4.07,4.29,4.02,19764,11159959.0,6.57,-0.97,-0.04,1.89
2006-07-27,000935,4.07,3.86,4.08,3.84,17314,9332137.0,5.9,-5.16,-0.21,1.66
2006-07-28,000935,3.82,3.77,3.93,3.68,10314,5367064.0,6.48,-2.33,-0.09,0.99
2006-07-31,000935,3.79,3.55,3.79,3.55,9205,4626574.0,6.37,-5.84,-0.22,0.88
2006-08-01,000935,3.47,3.59,3.65,3.47,6630,3326440.0,5.07,1.13,0.04,0.64
2006-08-02,000935,3.59,3.45,3.6,3.42,13432,6607594.0,5.01,-3.9,-0.14,1.29
2006-08-03,000935,3.45,3.32,3.53,3.29,9298,4446735.0,6.96,-3.77,-0.13,0.89
2006-08-04,000935,3.27,3.04,3.36,3.04,7365,3418416.25,9.64,-8.43,-0.28,0.71
2006-08-07,000935,3.0,2.96,3.14,2.89,9539,4229707.0,8.22,-2.63,-0.08,0.91
2006-08-08,000935,2.96,3.07,3.09,2.91,10088,4451173.0,6.08,3.72,0.11,0.97
2006-08-09,000935,3.13,2.97,3.13,2.9,16035,6999676.0,7.49,-3.26,-0.1,1.54
2006-08-10,000935,2.95,3.0,3.01,2.91,14558,6359841.0,3.37,1.01,0.03,1.39
2006-08-11,000935,2.99,3.21,3.28,2.96,23703,10806934.0,10.67,7.0,0.21,2.27
2006-08-14,000935,3.24,3.14,3.36,3.04,17783,8245300.5,9.97,-2.18,-0.07,1.7
2006-08-15,000935,3.09,3.18,3.23,3.04,7576,3458008.75,6.05,1.27,0.04,0.73
2006-08-16,000935,3.25,3.29,3.31,3.15,8441,3939240.25,5.03,3.46,0.11,0.81
2006-08-17,000935,3.29,3.21,3.29,3.15,7103,3283734.0,4.26,-2.43,-0.08,0.68
2006-08-18,000935,3.21,3.17,3.24,3.13,3620,1655880.62,3.43,-1.25,-0.04,0.35
2006-08-21,000935,2.95,3.13,3.17,2.95,7271,3241922.5,6.94,-1.26,-0.04,0.7
2006-08-22,000935,3.09,3.17,3.23,3.08,8637,3939366.0,4.79,1.28,0.04,0.83
2006-08-23,000935,3.18,3.39,3.41,3.11,23646,11105710.0,9.46,6.94,0.22,2.26
2006-08-24,000935,3.39,3.36,3.42,3.32,9760,4680279.0,2.95,-0.88,-0.03,0.93
2006-08-25,000935,3.38,3.33,3.38,3.25,11214,5289866.0,3.87,-0.89,-0.03,1.07
2006-08-28,000935,3.28,3.42,3.45,3.21,15675,7474973.5,7.21,2.7,0.09,1.5
2006-08-29,000935,3.42,3.48,3.59,3.37,18278,9051184.0,6.43,1.75,0.06,1.75
2006-08-30,000935,3.47,3.45,3.47,3.37,5245,2553130.25,2.87,-0.86,-0.03,0.5
2006-08-31,000935,3.42,3.51,3.59,3.35,12495,6152255.0,6.96,1.74,0.06,1.2
2006-09-01,000935,3.56,3.38,3.56,3.34,9757,4736212.5,6.27,-3.7,-0.13,0.93
2006-09-04,000935,3.39,3.52,3.54,3.38,11016,5378638.5,4.73,4.14,0.14,1.06
2006-09-05,000935,3.51,3.48,3.54,3.45,7602,3742458.0,2.56,-1.14,-0.04,0.73
2006-09-06,000935,3.49,3.46,3.51,3.43,4569,2236642.0,2.3,-0.57,-0.02,0.44
2006-09-07,000935,3.48,3.34,3.49,3.32,9279,4480671.0,4.91,-3.47,-0.12,0.89
2006-09-08,000935,3.31,3.36,3.44,3.31,5685,2738376.75,3.89,0.6,0.02,0.54
2006-09-11,000935,3.45,3.48,3.51,3.32,6769,3283155.5,5.65,3.57,0.12,0.65
2006-09-12,000935,3.45,3.58,3.64,3.45,20007,10036871.0,5.46,2.87,0.1,1.92
2006-09-13,000935,3.59,3.52,3.6,3.51,9757,4861836.0,2.51,-1.68,-0.06,0.93
2006-09-14,000935,3.47,3.51,3.54,3.4,10404,5076146.0,3.98,-0.28,-0.01,1.0
2006-09-15,000935,3.48,3.49,3.55,3.45,6136,3026858.5,2.85,-0.57,-0.02,0.59
2006-09-18,000935,3.5,3.55,3.55,3.47,9775,4833940.0,2.29,1.72,0.06,0.94
2006-09-19,000935,3.54,4.01,4.01,3.54,41181,22411166.0,13.24,12.96,0.46,3.94
2006-09-20,000935,4.02,3.91,4.06,3.84,44287,23901566.0,5.49,-2.49,-0.1,4.24
2006-09-21,000935,3.93,3.88,3.99,3.85,15835,8476692.0,3.58,-0.77,-0.03,1.52
2006-09-22,000935,3.86,3.98,4.15,3.86,39549,21820932.0,7.47,2.58,0.1,3.79
2006-09-25,000935,3.94,4.03,4.06,3.89,13476,7379554.5,4.27,1.26,0.05,1.29
2006-09-26,000935,4.02,4.1,4.14,3.97,16911,9368298.0,4.22,1.74,0.07,1.62
2006-09-27,000935,4.1,4.15,4.21,4.08,19526,11022566.0,3.17,1.22,0.05,1.87
2006-09-28,000935,4.12,4.01,4.16,4.0,16213,9001485.0,3.86,-3.37,-0.14,1.55
2006-09-29,000935,4.01,3.99,4.07,3.98,22148,12166263.0,2.24,-0.5,-0.02,2.12
2006-10-09,000935,4.03,4.08,4.15,3.99,14695,8156063.5,4.01,2.26,0.09,1.41
2006-10-10,000935,4.07,3.92,4.08,3.91,16342,8879705.0,4.17,-3.92,-0.16,1.57
2006-10-11,000935,3.94,4.01,4.11,3.87,10929,5971825.0,6.12,2.3,0.09,1.05
2006-10-12,000935,4.0,4.0,4.09,3.96,12418,6841551.5,3.24,-0.25,-0.01,1.19
2006-10-13,000935,3.98,3.97,4.05,3.91,9482,5179890.0,3.5,-0.75,-0.03,0.91
2006-10-16,000935,3.94,4.11,4.21,3.94,21456,11948958.0,6.8,3.53,0.14,2.06
2006-10-17,000935,4.07,4.26,4.3,4.04,30479,17309992.0,6.33,3.65,0.15,2.92
2006-10-18,000935,4.25,4.18,4.27,4.13,16941,9619717.0,3.29,-1.88,-0.08,1.62
2006-10-19,000935,4.14,4.16,4.26,4.1,12592,7113322.5,3.83,-0.48,-0.02,1.21
2006-10-20,000935,4.14,4.08,4.19,4.08,9375,5258562.0,2.64,-1.92,-0.08,0.9
2006-10-23,000935,4.08,3.72,4.08,3.66,17237,9171704.0,10.29,-8.82,-0.36,1.65
2006-10-24,000935,3.74,3.83,3.89,3.74,12035,6356962.0,4.03,2.96,0.11,1.15
2006-10-25,000935,3.92,3.88,3.95,3.77,8877,4724774.5,4.7,1.31,0.05,0.85
2006-10-26,000935,3.86,4.07,4.15,3.82,22271,12306403.0,8.51,4.9,0.19,2.13
2006-10-27,000935,4.02,4.08,4.28,4.0,27091,15331975.0,6.88,0.25,0.01,2.59
2006-10-30,000935,4.03,4.07,4.08,3.84,11524,6276359.0,5.88,-0.25,-0.01,1.1
2006-10-31,000935,4.03,3.84,4.1,3.84,21184,11501894.0,6.39,-5.65,-0.23,2.03
2006-11-01,000935,3.86,4.08,4.08,3.7,58796,31903972.0,9.9,6.25,0.24,5.63
2006-11-02,000935,4.04,3.98,4.11,3.93,14577,7951772.0,4.41,-2.45,-0.1,1.4
2006-11-03,000935,3.94,3.92,4.03,3.91,13549,7349182.0,3.02,-1.51,-0.06,1.3
2006-11-06,000935,3.88,3.94,3.94,3.85,10678,5714593.0,2.3,0.51,0.02,1.02
2006-11-07,000935,3.92,3.88,3.96,3.82,10041,5345392.5,3.55,-1.52,-0.06,0.96
2006-11-08,000935,3.9,4.25,4.39,3.9,74537,42770720.0,12.63,9.54,0.37,7.14
2006-11-09,000935,4.2,4.52,4.68,4.13,54478,32642538.0,12.94,6.35,0.27,5.22
2006-11-10,000935,4.51,4.34,4.56,4.28,32772,19431946.0,6.19,-3.98,-0.18,3.14
2006-11-13,000935,4.34,4.18,4.49,4.14,20085,11639062.0,8.06,-3.69,-0.16,1.92
2006-11-14,000935,4.18,4.14,4.28,4.06,16902,9518293.0,5.26,-0.96,-0.04,1.62
2006-11-15,000935,4.14,4.16,4.2,4.08,25782,14533633.0,2.9,0.48,0.02,2.47
2006-11-16,000935,4.21,4.35,4.4,4.09,36007,20686750.0,7.45,4.57,0.19,3.45
2006-11-17,000935,4.26,4.3,4.42,4.25,19852,11607337.0,3.91,-1.15,-0.05,1.9
2006-11-20,000935,4.3,4.2,4.3,4.02,25858,14544928.0,6.51,-2.33,-0.1,2.48
2006-11-21,000935,4.15,4.18,4.21,4.0,15313,8523468.0,5.0,-0.48,-0.02,1.47
2006-11-22,000935,4.17,4.47,4.48,4.07,44162,25872804.0,9.81,6.94,0.29,4.23
2006-11-23,000935,4.42,4.43,4.76,4.35,72726,44222076.0,9.17,-0.89,-0.04,6.97
2006-11-24,000935,4.42,4.59,4.68,4.38,48887,29871150.0,6.77,3.61,0.16,4.68
2006-11-27,000935,4.77,4.77,5.14,4.68,62902,40257520.0,10.02,3.92,0.18,6.03
2006-11-28,000935,4.83,4.95,5.03,4.68,49293,31474814.0,7.34,3.77,0.18,4.72
2006-11-29,000935,4.94,5.08,5.09,4.79,63046,40864500.0,6.06,2.63,0.13,6.04
2006-11-30,000935,5.1,5.14,5.31,5.1,50307,33941944.0,4.13,1.18,0.06,4.82
2006-12-01,000935,5.19,5.53,5.59,4.98,111059,75952616.0,11.87,7.59,0.39,10.64
2006-12-04,000935,5.41,5.4,5.68,5.31,56680,40048692.0,6.69,-2.35,-0.13,5.43
2006-12-05,000935,5.41,5.44,5.59,5.34,45533,31870244.0,4.63,0.74,0.04,4.36
2006-12-06,000935,5.41,5.19,5.41,4.96,48763,32726270.0,8.27,-4.6,-0.25,4.67
2006-12-07,000935,5.18,5.0,5.18,4.92,36273,23834790.0,5.01,-3.66,-0.19,3.47
2006-12-08,000935,4.94,4.86,5.0,4.79,33466,21441002.0,4.2,-2.8,-0.14,3.21
2006-12-11,000935,4.86,5.04,5.05,4.86,9594,6263480.0,3.91,3.7,0.18,0.92
2006-12-12,000935,5.04,4.99,5.11,4.83,13572,8784523.0,5.56,-0.99,-0.05,1.3
2006-12-13,000935,4.96,5.15,5.23,4.91,21746,14527916.0,6.41,3.21,0.16,2.08
2006-12-14,000935,5.16,5.24,5.31,5.11,18194,12371656.0,3.88,1.75,0.09,1.74
2006-12-15,000935,5.34,5.25,5.34,5.13,17100,11618079.0,4.01,0.19,0.01,1.64
2006-12-18,000935,5.25,5.37,5.54,5.18,41161,28747942.0,6.86,2.29,0.12,3.94
2006-12-19,000935,5.42,5.52,5.56,5.26,34274,23988694.0,5.59,2.79,0.15,3.28
2006-12-20,000935,5.51,5.85,5.9,5.4,49492,36013448.0,9.06,5.98,0.33,4.74
2006-12-21,000935,5.8,5.89,6.12,5.67,66187,49743804.0,7.69,0.68,0.04,6.34
2006-12-22,000935,5.86,6.4,6.52,5.8,83422,65200760.0,12.22,8.66,0.51,7.99
2006-12-25,000935,6.33,6.54,6.62,6.28,54881,44702232.0,5.31,2.19,0.14,5.26
2006-12-26,000935,6.53,6.3,6.59,6.24,33266,26758272.0,5.35,-3.67,-0.24,3.19
2006-12-27,000935,6.31,6.5,6.68,6.31,44949,36855672.0,5.87,3.17,0.2,4.31
2006-12-28,000935,6.45,6.73,6.91,6.45,35122,29545058.0,7.08,3.54,0.23,3.36
2006-12-29,000935,6.64,7.51,7.51,6.64,79344,71897984.0,12.93,11.59,0.78,7.6
2007-01-04,000935,7.59,7.11,7.94,7.01,45774,41903128.0,12.38,-5.33,-0.4,4.38
2007-01-05,000935,6.83,6.92,7.25,6.83,27953,24308328.0,5.91,-2.67,-0.19,2.68
2007-01-08,000935,6.92,7.32,7.33,6.92,29302,26144838.0,5.92,5.78,0.4,2.81
2007-01-09,000935,7.18,7.74,7.74,7.18,21230,19940350.0,7.65,5.74,0.42,2.03
2007-01-10,000935,7.8,8.17,8.17,7.8,42306,42039996.0,4.78,5.56,0.43,4.05
2007-01-11,000935,8.22,8.03,8.55,7.99,39055,38786548.0,6.85,-1.71,-0.14,3.74
2007-01-12,000935,8.13,7.6,8.19,7.58,42959,41018168.0,7.6,-5.35,-0.43,4.11
2007-06-06,000935,16.62,12.7,16.62,12.41,452914,748058688.0,55.39,67.11,5.1,33.37
2007-06-07,000935,12.04,14.08,14.08,11.96,145258,229239392.0,16.69,10.87,1.38,10.7
2007-06-08,000935,15.31,15.6,15.6,14.52,216335,381381440.0,7.67,10.8,1.52,15.94
2007-06-11,000935,16.15,16.48,16.88,15.59,189559,353396896.0,8.27,5.64,0.88,13.97
2007-06-12,000935,16.48,17.36,17.91,15.96,109436,215058560.0,11.83,5.34,0.88,8.06
2007-06-13,000935,17.55,16.92,17.72,16.67,109320,212437584.0,6.05,-2.53,-0.44,8.05
2007-06-14,000935,16.71,16.76,17.73,16.52,91982,179457520.0,7.15,-0.95,-0.16,6.78
2007-06-15,000935,16.65,16.58,16.94,16.06,82267,154380848.0,5.25,-1.07,-0.18,6.06
2007-06-18,000935,16.66,16.71,17.54,16.5,67362,129732416.0,6.27,0.78,0.13,4.96
2007-06-19,000935,16.7,17.23,17.54,16.24,70908,137200016.0,7.78,3.11,0.52,5.22
2007-06-20,000935,17.08,16.52,17.12,16.35,81208,155231104.0,4.47,-4.12,-0.71,5.98
2007-06-21,000935,16.39,16.13,16.79,15.74,44990,82965472.0,6.36,-2.36,-0.39,3.31
2007-06-22,000935,15.96,14.94,15.96,14.4,69679,120750448.0,9.67,-7.38,-1.19,5.13
2007-06-25,000935,14.94,13.4,15.24,13.33,54312,87664456.0,12.78,-10.31,-1.54,4.0
2007-06-27,000935,13.87,14.24,14.54,13.63,56922,92948472.0,6.79,6.27,0.84,4.19
2007-06-28,000935,14.24,12.79,14.25,12.74,66677,102224184.0,10.6,-10.18,-1.45,4.91
2007-06-29,000935,12.32,12.74,13.15,12.14,43897,65360688.0,7.9,-0.39,-0.05,3.23
2007-07-02,000935,12.68,12.04,13.05,11.39,58158,81480984.0,13.03,-5.49,-0.7,4.29
2007-07-03,000935,12.04,12.42,12.74,11.87,40046,57379196.0,7.23,3.16,0.38,2.95
2007-07-04,000935,12.32,12.45,13.12,12.03,28597,42121260.0,8.78,0.24,0.03,2.11
2007-07-05,000935,12.32,11.51,12.32,11.42,25970,35808240.0,7.23,-7.55,-0.94,1.91
2007-07-06,000935,11.3,12.06,12.18,11.11,31923,44150328.0,9.3,4.78,0.55,2.35
2007-07-09,000935,12.17,12.3,12.46,11.97,33220,47567260.0,4.06,1.99,0.24,2.45
2007-07-10,000935,12.4,11.63,12.41,11.58,27885,38705432.0,6.75,-5.45,-0.67,2.05
2007-07-11,000935,11.58,12.42,12.65,11.22,43162,61173884.0,12.3,6.79,0.79,3.18
2007-07-12,000935,12.51,12.56,12.88,12.16,26632,39009048.0,5.8,1.13,0.14,1.96
2007-07-13,000935,12.51,13.47,13.72,12.35,33840,52015908.0,10.91,7.25,0.91,2.49
2007-07-16,000935,13.49,12.61,13.58,12.16,22331,33855868.0,10.54,-6.38,-0.86,1.65
2007-07-17,000935,12.79,13.04,13.29,12.35,20389,30823150.0,7.45,3.41,0.43,1.5
2007-07-18,000935,13.33,13.62,14.38,13.1,31998,51531888.0,9.82,4.45,0.58,2.36
2007-07-19,000935,13.62,13.67,14.18,13.44,17040,27279826.0,5.43,0.37,0.05,1.26
2007-07-20,000935,13.67,13.78,14.14,13.4,20936,33588140.0,5.41,0.8,0.11,1.54
2007-07-23,000935,13.97,14.54,14.66,13.72,33018,54337104.0,6.82,5.52,0.76,2.43
2007-07-24,000935,14.56,14.42,15.1,14.38,29107,49501112.0,4.95,-0.83,-0.12,2.14
2007-07-25,000935,14.43,14.53,14.82,14.39,18701,31401826.0,2.98,0.76,0.11,1.38
2007-07-26,000935,14.62,14.06,14.67,13.97,36244,59481628.0,4.82,-3.23,-0.47,2.67
2007-07-27,000935,14.08,13.56,14.08,13.33,62610,98840336.0,5.33,-3.56,-0.5,4.61
2007-07-30,000935,13.52,13.83,13.92,13.37,44356,70169296.0,4.06,1.99,0.27,3.27
2007-07-31,000935,13.77,15.32,15.32,13.55,76998,131476888.0,12.8,10.77,1.49,5.67
2007-08-01,000935,15.59,14.76,16.14,14.29,85778,151604944.0,12.08,-3.66,-0.56,6.32
2007-08-02,000935,14.77,15.31,15.68,14.77,48912,85997816.0,6.17,3.73,0.55,3.6
2007-08-03,000935,15.36,15.29,15.62,15.01,40071,70251048.0,3.98,-0.13,-0.02,2.95
2007-08-06,000935,15.31,15.04,15.66,14.84,33989,59375308.0,5.36,-1.64,-0.25,2.5
2007-08-07,000935,15.04,14.86,15.04,14.29,31920,53756668.0,4.99,-1.2,-0.18,2.35
2007-08-08,000935,14.75,14.73,15.03,14.3,28018,46982468.0,4.91,-0.87,-0.13,2.06
2007-08-10,000935,14.73,14.05,15.03,13.8,39259,65187460.0,8.35,-4.62,-0.68,2.89
2007-08-13,000935,13.92,13.16,13.99,12.91,47231,72610120.0,7.69,-6.33,-0.89,3.48
2007-08-14,000935,13.17,13.4,13.8,13.16,22663,35293120.0,4.86,1.82,0.24,1.67
2007-08-15,000935,13.54,13.26,13.54,12.68,32066,48804172.0,6.42,-1.04,-0.14,2.36
2007-08-16,000935,13.35,13.46,13.79,12.7,20909,32736532.0,8.22,1.51,0.2,1.54
2007-08-17,000935,13.46,13.49,13.72,13.21,23874,37119704.0,3.79,0.22,0.03,1.76
2007-08-20,000935,13.71,13.72,14.19,12.88,36308,57983212.0,9.71,1.7,0.23,2.68
2007-08-21,000935,13.72,14.51,14.69,13.63,48883,80446320.0,7.73,5.76,0.79,3.6
2007-08-22,000935,14.1,14.44,14.84,14.05,39632,65880960.0,5.44,-0.48,-0.07,2.92
2007-08-23,000935,14.44,15.12,15.22,14.04,57803,98018264.0,8.17,4.71,0.68,4.26
2007-08-24,000935,15.12,16.22,16.5,14.94,90462,163247104.0,10.32,7.28,1.1,6.67
2007-08-27,000935,16.22,15.24,16.34,15.23,63217,112636824.0,6.84,-6.04,-0.98,4.66
2007-08-28,000935,15.08,14.53,15.08,13.86,35207,58919256.0,8.01,-4.66,-0.71,2.59
2007-08-29,000935,14.3,14.21,15.11,14.19,35740,59889824.0,6.33,-2.2,-0.32,2.63
2007-08-30,000935,14.17,14.52,14.73,13.91,32930,54206084.0,5.77,2.18,0.31,2.43
2007-08-31,000935,14.52,14.3,14.68,14.05,34566,57256456.0,4.34,-1.52,-0.22,2.55
2007-09-03,000935,14.28,13.93,14.5,13.82,69658,112959928.0,4.76,-2.59,-0.37,5.13
2007-09-04,000935,13.93,13.35,14.0,13.29,81531,127444344.0,5.1,-4.16,-0.58,6.01
2007-09-05,000935,13.37,13.98,13.99,13.37,49885,79051968.0,4.64,4.72,0.63,3.68
2007-09-06,000935,14.0,13.9,14.17,13.84,35222,56817656.0,2.36,-0.57,-0.08,2.6
2007-09-07,000935,13.9,13.21,13.9,13.13,38819,60734404.0,5.54,-4.96,-0.69,2.86
2007-09-10,000935,12.96,13.15,13.21,12.42,32044,47958768.0,5.98,-0.45,-0.06,2.36
2007-09-11,000935,13.15,12.88,13.71,12.88,28530,43964264.0,6.31,-2.05,-0.27,2.1
2007-09-12,000935,12.84,12.77,13.21,12.32,21072,31092486.0,6.91,-0.85,-0.11,1.55
2007-09-13,000935,12.77,14.16,14.16,12.77,92052,147723472.0,10.88,10.88,1.39,6.78
2007-09-14,000935,14.24,15.25,15.5,13.72,104451,177052880.0,12.57,7.7,1.09,7.7
2007-09-17,000935,15.03,14.85,15.4,14.76,41533,71876792.0,4.2,-2.62,-0.4,3.06
2007-09-18,000935,14.89,14.64,15.03,14.26,42500,71321520.0,5.19,-1.41,-0.21,3.13
2007-09-19,000935,14.73,14.7,15.2,14.61,31125,53328188.0,4.03,0.41,0.06,2.29
2007-09-20,000935,14.77,15.66,15.87,14.56,70866,124833312.0,8.91,6.53,0.96,5.22
2007-09-21,000935,15.75,15.14,15.87,14.96,36906,65006204.0,5.81,-3.32,-0.52,2.72
2007-09-24,000935,14.93,14.52,15.12,14.47,30594,51741948.0,4.29,-4.1,-0.62,2.25
2007-09-25,000935,14.52,14.6,14.97,14.29,19348,32528084.0,4.68,0.55,0.08,1.43
2007-09-26,000935,14.54,13.78,14.64,13.49,44030,70927768.0,7.88,-5.62,-0.82,3.24
2007-09-27,000935,13.77,13.12,13.77,12.95,46892,71481936.0,5.95,-4.79,-0.66,3.46
2007-09-28,000935,13.35,13.63,13.82,13.28,27772,43627820.0,4.12,3.89,0.51,2.05
2007-10-08,000935,13.82,13.63,13.92,13.35,19239,30294758.0,4.18,0.0,0.0,1.42
2007-10-09,000935,13.63,13.9,14.05,13.63,14867,23828332.0,3.08,1.98,0.27,1.1
2007-10-10,000935,13.83,13.48,14.05,13.44,23643,37397660.0,4.39,-3.02,-0.42,1.74
2007-10-11,000935,13.49,13.13,13.71,12.96,33302,51253416.0,5.56,-2.6,-0.35,2.45
2007-10-12,000935,13.14,12.64,13.35,11.7,67124,95829152.0,12.57,-3.73,-0.49,4.95
2007-10-15,000935,12.6,12.68,12.95,11.96,20169,29408170.0,7.83,0.32,0.04,1.49
2007-10-16,000935,12.68,12.88,12.88,12.32,17303,25379092.0,4.42,1.58,0.2,1.27
2007-10-17,000935,12.87,13.09,13.44,12.57,17424,26489782.0,6.75,1.63,0.21,1.28
2007-10-18,000935,13.07,12.45,13.07,12.32,17570,25633456.0,5.73,-4.89,-0.64,1.29
2007-10-19,000935,12.74,12.47,12.74,12.25,10831,15720791.0,3.94,0.16,0.02,0.8
2007-10-22,000935,12.32,12.05,12.41,12.04,11149,15855791.0,2.97,-3.37,-0.42,0.82
2007-10-23,000935,12.04,11.7,12.04,11.37,29266,39808800.0,5.56,-2.9,-0.35,2.16
2007-10-24,000935,11.93,11.49,11.94,11.36,23065,31133876.0,4.96,-1.79,-0.21,1.7
2007-10-25,000935,11.37,10.6,11.37,10.44,23851,30440230.0,8.09,-7.75,-0.89,1.76
2007-10-26,000935,10.51,10.07,10.51,9.71,20126,24085426.0,7.55,-5.0,-0.53,1.48
2007-10-29,000935,9.9,10.09,10.41,9.27,18606,22189964.0,11.32,0.2,0.02,1.37
2007-10-30,000935,10.09,10.44,10.52,10.04,12192,14835090.0,4.76,3.47,0.35,0.9
2007-10-31,000935,10.6,10.88,10.93,10.37,17382,21984376.0,5.36,4.21,0.44,1.28
2007-11-01,000935,10.83,10.34,11.01,10.25,20071,24979816.0,6.99,-4.96,-0.54,1.48
2007-11-02,000935,10.23,10.6,10.97,10.18,13739,17257852.0,7.64,2.51,0.26,1.01
2007-11-05,000935,10.6,10.7,11.44,10.6,21347,27717680.0,7.92,0.94,0.1,1.57
2007-11-06,000935,10.93,10.94,11.35,10.68,16015,20633970.0,6.26,2.24,0.24,1.18
2007-11-07,000935,11.0,10.65,11.16,10.44,12670,15912459.0,6.58,-2.65,-0.29,0.93
2007-11-08,000935,10.55,9.9,10.76,9.8,21466,25965470.0,9.01,-7.04,-0.75,1.58
2007-11-09,000935,9.98,9.65,10.16,9.53,11450,13369842.0,6.36,-2.53,-0.25,0.84
2007-11-12,000935,9.34,9.48,9.6,9.01,21177,23440866.0,6.11,-1.76,-0.17,1.56
2007-11-13,000935,9.53,9.48,9.73,9.24,10215,11585061.0,5.17,0.0,0.0,0.75
2007-11-14,000935,9.64,9.71,9.73,9.32,22411,25488988.0,4.32,2.43,0.23,1.65
2007-11-15,000935,9.67,9.4,9.67,9.25,24791,27877896.0,4.33,-3.19,-0.31,1.83
2007-11-16,000935,9.16,9.3,9.48,9.11,11622,12866694.0,3.94,-1.06,-0.1,0.86
2007-11-19,000935,9.37,10.35,10.35,9.34,9789,11653597.0,10.86,11.29,1.05,0.72
2007-11-20,000935,11.01,11.16,11.46,10.6,68340,89289648.0,8.31,7.83,0.81,5.04
2007-11-22,000935,10.55,10.26,10.92,10.09,24471,30528622.0,7.44,-8.06,-0.9,1.8
2007-11-23,000935,9.9,10.19,10.32,9.48,12566,14872540.0,8.19,-0.68,-0.07,0.93
2007-11-26,000935,10.19,10.34,10.8,10.19,16650,20745160.0,5.99,1.47,0.15,1.23
2007-11-27,000935,10.37,10.45,10.55,10.2,8890,11021487.0,3.38,1.06,0.11,0.66
2007-11-28,000935,10.38,10.46,10.65,10.33,7622,9499549.0,3.06,0.1,0.01,0.56
2007-11-29,000935,10.72,10.63,10.74,10.28,11117,13871492.0,4.4,1.63,0.17,0.82
2007-11-30,000935,10.73,10.46,10.92,10.37,16162,20276762.0,5.17,-1.6,-0.17,1.19
2007-12-03,000935,10.65,10.88,11.16,10.37,13268,17009576.0,7.55,4.02,0.42,0.98
2007-12-04,000935,11.09,10.78,11.09,10.66,7186,9210308.0,3.95,-0.92,-0.1,0.53
2007-12-05,000935,10.83,10.97,11.06,10.65,9163,11812390.0,3.8,1.76,0.19,0.68
2007-12-06,000935,11.04,10.7,11.05,10.66,11979,15273462.0,3.56,-2.46,-0.27,0.88
2007-12-07,000935,10.7,10.88,11.04,10.56,11645,14882837.0,4.49,1.68,0.18,0.86
2007-12-10,000935,10.81,11.08,11.2,10.56,23690,30762102.0,5.88,1.84,0.2,1.75
2007-12-11,000935,11.21,11.03,11.21,10.89,17721,23013034.0,2.89,-0.45,-0.05,1.31
2007-12-12,000935,11.07,10.77,11.07,10.66,20822,26593396.0,3.72,-2.36,-0.26,1.53
2007-12-13,000935,10.61,10.29,10.77,10.21,19012,23828518.0,5.2,-4.46,-0.48,1.4
2007-12-14,000935,10.25,10.72,10.74,10.04,14990,18273992.0,6.8,4.18,0.43,1.1
2007-12-17,000935,10.72,10.44,10.81,10.42,14914,18647760.0,3.64,-2.61,-0.28,1.1
2007-12-18,000935,10.44,10.46,10.79,10.23,9306,11669260.0,5.36,0.19,0.02,0.69
2007-12-19,000935,10.41,10.77,10.97,10.41,14730,18607622.0,5.35,2.96,0.31,1.09
2007-12-20,000935,10.89,11.95,11.95,10.78,116554,160453200.0,10.86,10.96,1.18,8.59
2007-12-21,000935,11.72,11.98,12.28,11.63,58463,81914904.0,5.44,0.25,0.03,4.31
2007-12-24,000935,12.05,12.42,13.05,12.01,47095,68657376.0,8.68,3.67,0.44,3.47
2007-12-25,000935,12.42,12.62,12.82,12.14,26259,38636684.0,5.48,1.61,0.2,1.93
2007-12-26,000935,12.77,12.97,13.41,12.6,40174,61166264.0,6.42,2.77,0.35,2.96
2007-12-27,000935,12.88,12.95,13.32,12.77,32827,49453212.0,4.24,-0.15,-0.02,2.42
2007-12-28,000935,12.8,12.87,13.13,12.66,24011,35816792.0,3.63,-0.62,-0.08,1.77
2008-01-02,000935,12.88,14.26,14.26,12.88,55300,89629896.0,10.72,10.8,1.39,4.07
2008-01-03,000935,14.26,14.56,15.03,14.24,51778,87461192.0,5.54,2.1,0.3,3.82
2008-01-04,000935,14.56,14.94,15.06,13.82,44247,75064896.0,8.52,2.61,0.38,3.26
2008-01-07,000935,14.77,16.06,16.2,14.56,66940,119065624.0,10.98,7.5,1.12,4.93
2008-01-08,000935,16.06,14.99,16.06,14.76,45815,81060304.0,8.09,-6.66,-1.07,3.38
2008-01-09,000935,14.75,15.91,15.91,14.66,47954,85591344.0,8.34,6.14,0.92,3.53
2008-01-10,000935,15.86,15.37,16.01,15.17,35924,63574896.0,5.28,-3.39,-0.54,2.65
2008-01-11,000935,14.95,14.92,15.5,14.73,33472,57353112.0,5.01,-2.93,-0.45,2.47
2008-01-14,000935,14.92,14.52,15.22,14.38,35250,59317844.0,5.63,-2.68,-0.4,2.6
2008-01-15,000935,14.52,15.96,15.96,14.47,70569,126367896.0,10.26,9.92,1.44,5.2
2008-01-16,000935,15.86,15.68,15.98,14.82,33464,59880844.0,7.27,-1.75,-0.28,2.47
2008-01-17,000935,15.32,14.86,15.69,14.0,48860,84142112.0,10.78,-5.23,-0.82,3.6
2008-01-18,000935,14.75,15.01,15.21,14.52,18287,31349350.0,4.64,1.01,0.15,1.35
2008-01-21,000935,14.94,14.43,15.12,14.38,19614,33041324.0,4.93,-3.86,-0.58,1.45
2008-01-22,000935,13.98,12.95,13.98,12.88,45434,70023704.0,7.62,-10.26,-1.48,3.35
2008-01-23,000935,12.88,13.69,13.72,12.79,28825,44891592.0,7.18,5.71,0.74,2.12
2008-01-24,000935,13.74,14.98,15.03,13.37,47044,77822512.0,12.13,9.42,1.29,3.47
2008-01-25,000935,14.66,15.2,15.36,14.56,38870,67187656.0,5.34,1.47,0.22,2.86
2008-01-28,000935,15.05,13.73,15.4,13.73,31158,51649256.0,10.99,-9.67,-1.47,2.3
2008-01-29,000935,14.19,13.82,14.31,13.68,16165,26063996.0,4.59,0.66,0.09,1.19
2008-01-30,000935,14.01,13.85,14.4,13.49,12850,20775342.0,6.58,0.22,0.03,0.95
2008-01-31,000935,13.63,13.02,14.08,12.88,27350,41984488.0,8.66,-5.99,-0.83,2.02
2008-02-01,000935,13.03,11.98,13.34,11.62,25945,37068088.0,13.21,-7.99,-1.04,1.91
2008-02-04,000935,12.42,13.28,13.28,12.42,16182,24381980.0,7.18,10.85,1.3,1.19
2008-02-05,000935,13.3,13.39,13.81,12.81,14326,22368378.0,7.53,0.83,0.11,1.06
2008-02-13,000935,13.44,13.71,14.15,13.07,14365,23016912.0,8.07,2.39,0.32,1.06
2008-02-14,000935,13.85,13.79,14.06,13.57,6109,9748409.0,3.57,0.58,0.08,0.45
2008-02-15,000935,13.91,13.57,14.0,13.35,7844,12283973.0,4.71,-1.6,-0.22,0.58
2008-02-18,000935,13.74,13.68,13.96,13.57,12567,19974062.0,2.87,0.81,0.11,0.93
2008-02-19,000935,13.63,14.25,14.4,13.57,17103,27645714.0,6.07,4.17,0.57,1.26
2008-02-20,000935,14.54,14.25,14.73,14.1,27682,46001584.0,4.42,0.0,0.0,2.04
2008-02-21,000935,14.19,14.4,14.4,13.91,17182,28223272.0,3.44,1.05,0.15,1.27
2008-02-22,000935,14.54,13.82,14.54,13.45,21055,33857964.0,7.57,-4.03,-0.58,1.55
2008-02-26,000935,13.63,12.86,14.1,12.32,43657,65174076.0,12.88,-6.95,-0.96,3.22
2008-02-27,000935,12.79,12.7,12.88,12.33,27555,40480200.0,4.28,-1.24,-0.16,2.03
2008-02-28,000935,12.7,13.26,14.08,12.54,41710,65067716.0,12.13,4.41,0.56,3.07
2008-02-29,000935,13.24,13.4,13.66,13.23,15118,23639902.0,3.24,1.06,0.14,1.11
2008-03-03,000935,13.35,13.56,13.69,13.0,12861,20092654.0,5.15,1.19,0.16,0.95
2008-03-04,000935,13.59,13.65,14.17,13.59,23108,37114288.0,4.28,0.66,0.09,1.7
2008-03-05,000935,13.63,13.7,13.82,13.24,15516,24309800.0,4.25,0.37,0.05,1.14
2008-03-06,000935,13.81,13.76,14.08,13.52,24182,38760016.0,4.09,0.44,0.06,1.78
2008-03-07,000935,13.71,13.23,13.71,13.12,12399,19219580.0,4.29,-3.85,-0.53,0.91
2008-03-10,000935,13.23,12.94,13.4,12.84,8058,12286144.0,4.23,-2.19,-0.29,0.59
2008-03-11,000935,12.74,13.21,13.25,12.71,10815,16462612.0,4.17,2.09,0.27,0.8
2008-03-12,000935,13.27,12.87,13.52,12.84,9168,14028509.0,5.15,-2.57,-0.34,0.68
2008-03-13,000935,12.69,12.53,12.9,12.32,13066,19131848.0,4.51,-2.64,-0.34,0.96
2008-03-14,000935,12.79,12.12,12.79,11.95,14657,20900856.0,6.7,-3.27,-0.41,1.08
2008-03-17,000935,11.77,10.81,12.13,10.8,24719,33039052.0,10.97,-10.81,-1.31,1.82
2008-03-18,000935,10.36,9.63,10.81,9.62,32521,38422576.0,11.01,-10.92,-1.18,2.4
2008-03-19,000935,9.95,10.19,10.35,9.43,29611,35115264.0,9.55,5.82,0.56,2.18
2008-03-20,000935,9.97,10.42,10.65,9.15,25393,30144578.0,14.72,2.26,0.23,1.87
2008-03-21,000935,10.37,10.55,10.74,10.04,22605,28022062.0,6.72,1.25,0.13,1.67
2008-03-24,000935,10.83,9.99,10.91,9.91,22769,28406424.0,9.48,-5.31,-0.56,1.68
2008-03-25,000935,9.96,10.02,10.1,9.56,20844,24484502.0,5.41,0.3,0.03,1.54
2008-03-26,000935,10.09,10.07,10.41,10.02,14691,17821158.0,3.89,0.5,0.05,1.08
2008-03-27,000935,9.84,9.7,9.99,9.62,11019,12871632.0,3.67,-3.67,-0.37,0.81
2008-03-28,000935,9.62,9.94,10.07,9.2,11459,13247598.0,8.97,2.47,0.24,0.84
2008-03-31,000935,9.55,9.48,9.71,9.23,7237,8296271.5,4.83,-4.63,-0.46,0.53
2008-04-01,000935,9.53,8.44,9.79,8.43,17493,18639800.0,14.35,-10.97,-1.04,1.29
2008-04-02,000935,8.55,7.76,8.73,7.61,21491,21114824.0,13.27,-8.06,-0.68,1.58
2008-04-03,000935,7.75,8.31,8.57,7.38,19998,19240100.0,15.34,7.09,0.55,1.47
2008-04-07,000935,8.17,8.94,9.04,8.03,14840,15682317.0,12.15,7.58,0.63,1.09
2008-04-08,000935,8.96,9.07,9.34,8.78,17215,18878200.0,6.26,1.45,0.13,1.27
2008-04-09,000935,8.87,8.31,9.34,8.17,13495,14405345.0,12.9,-8.38,-0.76,0.99
2008-04-10,000935,8.04,8.64,8.69,7.95,11332,11519012.0,8.9,3.97,0.33,0.83
2008-04-11,000935,8.69,8.86,8.96,8.59,7520,7987390.5,4.28,2.55,0.22,0.55
2008-04-14,000935,8.64,8.75,9.32,8.41,25051,26860262.0,10.27,-1.24,-0.11,1.85
2008-04-15,000935,8.65,8.92,8.97,8.27,10486,10959804.0,8.0,1.94,0.17,0.77
2008-04-16,000935,8.97,8.85,9.15,8.74,9501,10242882.0,4.6,-0.78,-0.07,0.7
2008-04-17,000935,8.71,8.17,9.09,7.99,19614,19834926.0,12.43,-7.68,-0.68,1.45
2008-04-18,000935,8.21,7.59,8.21,7.55,12100,11574905.0,8.08,-7.1,-0.58,0.89
2008-04-21,000935,8.45,7.5,8.45,7.43,23363,22430370.0,13.44,-1.19,-0.09,1.72
2008-04-22,000935,7.47,7.3,7.56,6.91,13737,12287756.0,8.67,-2.67,-0.2,1.01
2008-04-23,000935,7.38,7.66,7.88,7.29,18184,17070802.0,8.08,4.93,0.36,1.34
2008-04-24,000935,8.45,8.52,8.54,7.94,48705,49223676.0,7.83,11.23,0.86,3.59
2008-04-25,000935,8.5,8.81,9.05,8.22,44390,46311312.0,9.74,3.4,0.29,3.27
2008-04-28,000935,8.22,8.33,8.68,8.22,21153,21585182.0,5.22,-5.45,-0.48,1.56
2008-04-30,000935,8.55,8.81,8.81,8.55,26333,27931612.0,3.12,5.76,0.48,1.94
2008-05-05,000935,9.3,9.3,9.3,9.3,2105,2349570.5,0.0,5.56,0.49,0.16
2008-05-06,000935,9.83,9.83,9.83,9.63,35306,41342432.0,2.15,5.7,0.53,2.6
2008-05-07,000935,10.13,9.27,10.31,9.27,60225,69846296.0,10.58,-5.7,-0.56,4.44
2008-05-08,000935,9.13,9.46,9.52,9.04,36226,40641948.0,5.18,2.05,0.19,2.67
2008-05-09,000935,9.53,9.06,9.63,8.97,42060,46356736.0,6.98,-4.23,-0.4,3.1
2008-05-12,000935,8.97,9.57,9.57,8.78,23336,25927042.0,8.72,5.63,0.51,1.72
2008-05-16,000935,10.1,10.1,10.1,10.1,9377,11270709.0,0.0,5.54,0.53,0.69
2008-05-19,000935,10.66,10.66,10.66,10.66,20931,26415288.0,0.0,5.54,0.56,1.54
2008-05-20,000935,11.25,11.25,11.25,10.83,248724,328828512.0,3.94,5.53,0.59,18.33
2008-05-21,000935,10.66,11.5,11.86,10.64,165731,220682080.0,10.84,2.22,0.25,12.21
2008-05-22,000935,11.31,11.14,11.45,10.87,98624,129641088.0,5.04,-3.13,-0.36,7.27
2008-05-23,000935,11.16,10.52,11.16,10.52,51289,64734672.0,5.75,-5.57,-0.62,3.78
2008-05-26,000935,9.95,9.95,10.35,9.95,64958,77391952.0,3.8,-5.42,-0.57,4.79
2008-05-27,000935,9.57,9.4,9.75,9.4,61334,69261712.0,3.52,-5.53,-0.55,4.52
2008-05-28,000935,8.88,8.96,9.34,8.88,54882,59884056.0,4.89,-4.68,-0.44,4.04
2008-05-29,000935,8.78,9.12,9.46,8.78,51351,57282132.0,7.59,1.79,0.16,3.78
2008-05-30,000935,8.91,8.61,9.1,8.6,60561,63694600.0,5.48,-5.59,-0.51,4.46
2008-06-02,000935,8.7,9.1,9.1,8.58,50101,53517208.0,6.04,5.69,0.49,3.69
2008-06-03,000935,9.1,8.97,9.22,8.86,38137,41560776.0,3.96,-1.43,-0.13,2.81
2008-06-04,000935,8.84,9.04,9.26,8.84,22695,24715670.0,4.68,0.78,0.07,1.67
2008-06-05,000935,9.01,8.83,9.13,8.82,16994,18264796.0,3.43,-2.32,-0.21,1.25
2008-06-06,000935,8.73,8.34,8.97,8.33,35747,36567828.0,7.25,-5.55,-0.49,2.63
2008-06-10,000935,7.91,7.87,7.91,7.87,11971,11523289.0,0.48,-5.64,-0.47,0.87
2008-06-11,000935,7.42,7.42,7.72,7.42,30580,28104942.0,3.81,-5.72,-0.45,2.22
2008-06-12,000935,7.37,7.24,7.5,7.02,20557,18358094.0,6.47,-2.43,-0.18,1.49
2008-06-13,000935,7.38,6.95,7.46,6.94,15012,13371600.0,7.18,-4.01,-0.29,1.09
2008-06-16,000935,6.82,6.55,7.01,6.55,30956,25543938.0,6.62,-5.76,-0.4,2.24
2008-06-17,000935,6.43,6.17,6.54,6.17,15799,12462763.0,5.65,-5.8,-0.38,1.15
2008-06-18,000935,5.87,6.29,6.4,5.8,44403,33886784.0,9.72,1.94,0.12,3.22
2008-06-19,000935,5.92,5.92,6.14,5.92,13750,10387540.0,3.5,-5.88,-0.37,1.0
2008-06-20,000935,5.56,5.56,6.04,5.56,46907,34078220.0,8.11,-6.08,-0.36,3.4
2008-06-24,000935,5.23,5.65,5.79,5.23,29588,20864388.0,10.07,1.62,0.09,2.14
2008-06-25,000935,5.7,5.96,5.96,5.61,26129,19461458.0,6.19,5.49,0.31,1.89
2008-06-26,000935,5.98,6.32,6.32,5.84,34999,27054860.0,8.05,6.04,0.36,2.54
2008-06-27,000935,6.08,5.94,6.12,5.94,25638,19487602.0,2.85,-6.01,-0.38,1.86
2008-06-30,000935,5.67,5.62,5.83,5.59,20412,14711251.0,4.04,-5.39,-0.32,1.48
2008-07-01,000935,5.67,5.7,5.88,5.59,12616,9249345.0,5.16,1.42,0.08,0.91
2008-07-02,000935,5.69,5.62,5.84,5.54,11353,8295913.5,5.26,-1.4,-0.08,0.82
2008-07-03,000935,5.62,5.8,5.91,5.28,20315,14718358.0,11.21,3.2,0.18,1.47
2008-07-04,000935,5.61,5.71,5.84,5.61,14484,10577557.0,3.97,-1.55,-0.09,1.05
2008-07-07,000935,5.78,6.06,6.06,5.71,21561,16316930.0,6.13,6.13,0.35,1.56
2008-07-08,000935,6.12,6.19,6.22,5.94,24466,18850826.0,4.62,2.15,0.13,1.77
2008-07-09,000935,6.4,6.35,6.41,6.22,18395,14672281.0,3.07,2.58,0.16,1.33
2008-07-10,000935,6.36,6.56,6.72,6.19,38217,31758440.0,8.35,3.31,0.21,2.77
2008-07-11,000935,6.43,6.31,6.55,6.18,37029,29271810.0,5.64,-3.81,-0.25,2.68
2008-07-14,000935,6.31,6.35,6.43,6.12,14254,11369112.0,4.91,0.63,0.04,1.03
2008-07-15,000935,6.35,5.97,6.45,5.97,23770,18353020.0,7.56,-5.98,-0.38,1.72
2008-07-16,000935,5.9,5.62,5.9,5.62,17007,12345687.0,4.69,-5.86,-0.35,1.23
2008-07-17,000935,5.66,5.54,5.84,5.45,22766,16338553.0,6.94,-1.42,-0.08,1.65
2008-07-18,000935,5.54,5.88,5.88,5.47,19958,14680843.0,7.4,6.14,0.34,1.45
2008-07-21,000935,5.88,6.09,6.13,5.8,14572,11193962.0,5.61,3.57,0.21,1.06
2008-07-22,000935,6.17,6.03,6.22,5.96,13532,10391951.0,4.27,-0.99,-0.06,0.98
2008-07-23,000935,6.13,6.08,6.29,6.04,13397,10424197.0,4.15,0.83,0.05,0.97
2008-07-24,000935,6.17,6.26,6.33,6.08,14909,11685140.0,4.11,2.96,0.18,1.08
2008-07-25,000935,6.18,6.16,6.26,6.08,14321,11138993.0,2.88,-1.6,-0.1,1.04
2008-07-28,000935,6.31,6.2,6.31,6.17,8178,6417871.0,2.27,0.65,0.04,0.59
2008-07-29,000935,6.17,5.91,6.17,5.87,12588,9503477.0,4.84,-4.68,-0.29,0.91
2008-07-30,000935,6.03,6.04,6.12,5.88,17051,12999265.0,4.06,2.2,0.13,1.24
2008-07-31,000935,6.06,5.77,6.08,5.77,10773,8106786.5,5.13,-4.47,-0.27,0.78
2008-08-01,000935,5.8,5.76,5.91,5.53,10112,7372311.0,6.59,-0.17,-0.01,0.73
2008-08-04,000935,5.8,5.65,5.8,5.65,8941,6542902.0,2.6,-1.91,-0.11,0.65
2008-08-05,000935,5.61,5.64,5.84,5.52,10505,7676615.0,5.66,-0.18,-0.01,0.76
2008-08-06,000935,5.63,5.79,5.8,5.56,11535,8457296.0,4.26,2.66,0.15,0.84
2008-08-07,000935,5.82,6.13,6.13,5.82,14404,11160750.0,5.35,5.87,0.34,1.04
2008-09-12,000935,5.77,5.77,5.77,5.77,418,308066.0,0.0,-5.87,-0.36,0.03
2008-09-16,000935,5.42,5.42,5.42,5.42,202,141400.0,0.0,-6.07,-0.35,0.01
2008-09-17,000935,5.1,5.1,5.1,5.1,351,233415.0,0.0,-5.9,-0.32,0.03
2008-09-18,000935,4.79,4.79,4.79,4.79,273,172536.0,0.0,-6.08,-0.31,0.02
2008-09-19,000935,4.49,5.09,5.09,4.49,155589,100494296.0,12.53,6.26,0.3,11.28
2008-09-22,000935,5.03,4.78,5.33,4.78,112588,72429808.0,10.81,-6.09,-0.31,8.16
2008-09-23,000935,4.48,4.48,4.48,4.48,2027,1214173.0,0.0,-6.28,-0.3,0.15
2008-09-24,000935,4.2,4.2,4.2,4.2,3703,2107007.0,0.0,-6.25,-0.28,0.27
2008-09-25,000935,3.96,4.0,4.15,3.94,104611,57281644.0,5.0,-4.76,-0.2,7.58
2008-09-26,000935,4.0,4.16,4.18,3.81,53297,29439718.0,9.25,4.0,0.16,3.86
2008-10-06,000935,4.05,3.98,4.15,3.9,29789,16248418.0,6.01,-4.33,-0.18,2.16
2008-10-07,000935,3.76,3.83,3.92,3.75,16030,8500642.0,4.27,-3.77,-0.15,1.16
2008-10-08,000935,3.73,3.76,3.89,3.71,20365,10628252.0,4.7,-1.83,-0.07,1.48
2008-10-09,000935,3.85,3.53,3.88,3.52,24584,12560794.0,9.57,-6.12,-0.23,1.78
2008-10-10,000935,3.32,3.3,3.4,3.3,25995,12312579.0,2.83,-6.52,-0.23,1.88
2008-10-13,000935,3.13,3.11,3.16,3.07,27757,12469716.0,2.73,-5.76,-0.19,2.01
2008-10-14,000935,3.23,2.89,3.31,2.89,29606,13462360.0,13.5,-7.07,-0.22,2.15
2008-10-15,000935,2.79,2.71,2.89,2.7,19613,8157051.5,6.57,-6.23,-0.18,1.42
2008-10-16,000935,2.52,2.52,2.65,2.52,20849,8175779.5,4.8,-7.01,-0.19,1.51
2008-10-17,000935,2.48,2.7,2.7,2.48,29630,11930633.0,8.73,7.14,0.18,2.15
2008-10-20,000935,2.7,2.74,2.79,2.59,25755,10535087.0,7.41,1.48,0.04,1.87
2008-10-21,000935,2.91,2.79,2.91,2.76,19672,8273292.0,5.47,1.82,0.05,1.43
2008-10-22,000935,2.72,2.75,2.86,2.72,12538,5241479.5,5.02,-1.43,-0.04,0.91
2008-10-23,000935,2.72,2.76,2.77,2.63,10434,4284422.5,5.09,0.36,0.01,0.76
2008-10-24,000935,2.75,2.75,2.82,2.72,16362,6811470.5,3.62,-0.36,-0.01,1.19
2008-10-27,000935,2.69,2.56,2.76,2.56,19265,7717976.5,7.27,-6.91,-0.19,1.4
2008-10-28,000935,2.44,2.62,2.67,2.38,16903,6609631.0,11.33,2.34,0.06,1.23
2008-10-29,000935,2.77,2.56,2.77,2.53,12615,5071954.0,9.16,-2.29,-0.06,0.91
2008-10-30,000935,2.59,2.58,2.64,2.53,10468,4151713.5,4.3,0.78,0.02,0.76
2008-10-31,000935,2.58,2.65,2.67,2.54,10366,4135119.0,5.04,2.71,0.07,0.75
2008-11-03,000935,2.62,2.57,2.67,2.56,8717,3470867.5,4.15,-3.02,-0.08,0.63
2008-11-04,000935,2.5,2.53,2.57,2.49,7566,2945987.5,3.11,-1.56,-0.04,0.55
2008-11-05,000935,2.55,2.72,2.72,2.55,19952,8147954.0,6.72,7.51,0.19,1.45
2008-11-06,000935,2.73,2.75,2.9,2.65,35987,15101270.0,9.19,1.1,0.03,2.61
2008-11-07,000935,2.62,2.76,2.81,2.62,18095,7482499.0,6.91,0.36,0.01,1.31
2008-11-10,000935,2.96,2.96,2.96,2.96,6929,3021004.75,0.0,7.25,0.2,0.5
2008-11-11,000935,3.17,3.17,3.17,3.17,6085,2786792.5,0.0,7.09,0.21,0.44
2008-11-12,000935,3.38,3.38,3.38,3.26,116630,55943048.0,3.79,6.62,0.21,8.45
2008-11-13,000935,3.44,3.6,3.6,3.42,30439,15263988.0,5.33,6.51,0.22,2.21
2008-11-14,000935,3.84,3.84,3.84,3.67,113919,60050092.0,4.72,6.67,0.24,8.26
2008-11-17,000935,3.86,4.09,4.09,3.74,87757,47913388.0,9.11,6.51,0.25,6.36
2008-11-18,000935,4.09,3.87,4.35,3.83,114304,63486148.0,12.71,-5.38,-0.22,8.29
2008-11-19,000935,3.91,4.12,4.13,3.68,80053,43451308.0,11.63,6.46,0.25,5.8
2008-11-20,000935,3.96,3.86,4.07,3.86,66259,35663444.0,5.1,-6.31,-0.26,4.8
2008-11-21,000935,3.64,3.99,4.11,3.63,70893,38501672.0,12.44,3.37,0.13,5.14
2008-11-24,000935,4.07,3.73,4.07,3.73,56744,30042684.0,8.52,-6.52,-0.26,4.11
2008-11-25,000935,3.77,3.68,3.88,3.59,31118,16043523.0,7.77,-1.34,-0.05,2.26
2008-11-26,000935,3.73,3.69,3.79,3.6,21878,11328217.0,5.16,0.27,0.01,1.59
2008-11-27,000935,3.93,3.87,3.93,3.83,76288,41098040.0,2.71,4.88,0.18,5.53
2008-11-28,000935,3.85,3.98,4.11,3.75,70123,38368800.0,9.3,2.84,0.11,5.08
2008-12-01,000935,4.07,4.23,4.23,3.89,62320,35116636.0,8.54,6.28,0.25,4.52
2008-12-02,000935,4.22,4.48,4.5,4.12,72757,43113316.0,8.98,5.91,0.25,5.27
2008-12-03,000935,4.58,4.56,4.65,4.32,68328,41156800.0,7.37,1.79,0.08,4.95
2008-12-04,000935,4.6,4.64,4.82,4.49,63414,38890180.0,7.24,1.75,0.08,4.6
2008-12-05,000935,4.58,4.67,4.72,4.54,38353,23544474.0,3.88,0.65,0.03,2.78
2008-12-08,000935,4.7,4.76,4.82,4.58,48101,30067690.0,5.14,1.93,0.09,3.49
2008-12-09,000935,4.67,4.75,5.04,4.63,50287,31950438.0,8.61,-0.21,-0.01,3.65
2008-12-10,000935,4.69,4.74,4.82,4.6,33055,20580508.0,4.63,-0.21,-0.01,2.4
2008-12-11,000935,4.75,4.45,4.75,4.45,43321,26425724.0,6.33,-6.12,-0.29,3.14
2008-12-12,000935,4.45,4.24,4.66,4.17,44700,26394986.0,11.01,-4.72,-0.21,3.24
2008-12-15,000935,4.31,4.51,4.51,4.24,52516,31266714.0,6.37,6.37,0.27,3.81
2008-12-16,000935,4.49,4.65,4.73,4.44,41944,25765650.0,6.43,3.1,0.14,3.04
2008-12-17,000935,4.58,4.82,4.93,4.58,56356,35767892.0,7.53,3.66,0.17,4.09
2008-12-18,000935,4.82,4.8,4.89,4.64,33669,21242668.0,5.19,-0.41,-0.02,2.44
2008-12-19,000935,4.83,5.1,5.1,4.77,68479,45095148.0,6.88,6.25,0.3,4.96
2008-12-22,000935,5.31,5.4,5.4,5.14,68836,47731808.0,5.1,5.88,0.3,4.99
2008-12-23,000935,5.61,5.21,5.61,5.12,66106,45813180.0,9.07,-3.52,-0.19,4.79
2008-12-24,000935,5.14,5.07,5.27,4.89,39935,26603496.0,7.29,-2.69,-0.14,2.89
2008-12-25,000935,5.1,5.03,5.25,4.88,24930,16465134.0,7.3,-0.79,-0.04,1.81
2008-12-26,000935,5.11,5.12,5.21,4.98,20337,13582980.0,4.57,1.79,0.09,1.47
2008-12-29,000935,5.1,5.08,5.16,4.87,21897,14358241.0,5.66,-0.78,-0.04,1.59
2008-12-30,000935,4.98,5.0,5.26,4.84,25852,16961750.0,8.27,-1.57,-0.08,1.87
2008-12-31,000935,4.97,4.7,5.07,4.7,42554,26696420.0,7.4,-6.0,-0.3,3.08
2009-01-05,000935,4.77,4.98,4.98,4.72,50373,32627074.0,5.53,5.96,0.28,3.65
2009-01-06,000935,5.05,5.22,5.27,4.96,52265,34970776.0,6.22,4.82,0.24,3.79
2009-01-07,000935,5.23,5.53,5.53,5.13,55609,38857804.0,7.66,5.94,0.31,4.03
2009-01-08,000935,5.59,5.47,5.87,5.36,96502,69275152.0,9.22,-1.08,-0.06,7.0
2009-01-09,000935,5.6,5.8,5.8,5.43,85614,62135136.0,6.76,6.03,0.33,6.21
2009-01-12,000935,5.77,5.76,5.98,5.75,56575,42062640.0,3.97,-0.69,-0.04,4.1
2009-01-13,000935,5.66,5.42,5.74,5.41,71005,50440232.0,5.73,-5.9,-0.34,5.15
2009-01-14,000935,5.42,5.66,5.69,5.38,42080,30096860.0,5.72,4.43,0.24,3.05
2009-01-15,000935,5.52,5.67,5.84,5.52,51374,37682944.0,5.65,0.18,0.01,3.72
2009-01-16,000935,5.7,5.53,5.8,5.51,65398,46986684.0,5.11,-2.47,-0.14,4.74
2009-01-19,000935,5.58,5.51,5.66,5.4,40209,28462946.0,4.7,-0.36,-0.02,2.91
2009-01-20,000935,5.48,5.69,5.69,5.45,34718,24846824.0,4.36,3.27,0.18,2.52
2009-01-21,000935,5.7,5.77,5.86,5.62,38068,28081036.0,4.22,1.41,0.08,2.76
2009-01-22,000935,5.69,5.7,5.82,5.69,40152,29536652.0,2.25,-1.21,-0.07,2.91
2009-02-02,000935,5.84,6.05,6.05,5.76,27334,20674132.0,5.09,6.14,0.35,1.98
2009-02-03,000935,6.36,6.4,6.4,6.22,102642,82124104.0,2.98,5.79,0.35,7.44
2009-02-04,000935,6.54,6.68,6.78,6.53,128684,107842384.0,3.91,4.38,0.28,9.33
2009-02-05,000935,6.67,6.44,6.7,6.39,96496,79036328.0,4.64,-3.59,-0.24,7.0
2009-02-06,000935,6.46,6.62,6.76,6.46,55328,45899688.0,4.66,2.8,0.18,4.01
2009-02-09,000935,6.91,6.78,6.94,6.68,63878,54123504.0,3.93,2.42,0.16,4.63
2009-02-10,000935,6.82,6.77,6.82,6.6,65616,54900088.0,3.24,-0.15,-0.01,4.76
2009-02-11,000935,6.72,7.01,7.16,6.6,93879,81139400.0,8.27,3.55,0.24,6.81
2009-02-12,000935,6.96,6.92,7.14,6.64,47479,40460052.0,7.13,-1.28,-0.09,3.44
2009-02-13,000935,6.94,7.04,7.06,6.81,55810,48293636.0,3.61,1.73,0.12,4.05
2009-02-16,000935,7.04,7.43,7.45,6.95,80067,72344088.0,7.1,5.54,0.39,5.8
2009-02-17,000935,7.38,7.18,7.56,7.18,53222,48122308.0,5.11,-3.36,-0.25,3.86
2009-02-18,000935,7.05,6.93,7.07,6.8,69993,60266180.0,3.76,-3.48,-0.25,5.07
2009-02-19,000935,7.01,7.26,7.33,6.97,86945,77711840.0,5.19,4.76,0.33,6.3
2009-02-20,000935,7.33,7.52,7.55,7.19,53866,49207064.0,4.96,3.58,0.26,3.9
2009-02-23,000935,7.43,7.94,7.95,7.43,63307,60700968.0,6.91,5.59,0.42,4.59
2009-02-24,000935,7.84,7.92,8.35,7.75,88214,86432816.0,7.56,-0.25,-0.02,6.39
2009-02-25,000935,8.08,7.72,8.14,7.48,62718,59474020.0,8.33,-2.53,-0.2,4.55
2009-02-26,000935,7.66,7.28,7.86,7.28,49105,45457624.0,7.51,-5.7,-0.44,3.56
2009-02-27,000935,6.87,6.86,7.03,6.86,62304,53293872.0,2.34,-5.77,-0.42,4.52
2009-03-02,000935,6.55,7.1,7.18,6.46,57192,49219344.0,10.5,3.5,0.24,4.15
2009-03-03,000935,6.91,6.95,7.33,6.69,61796,53942668.0,9.01,-2.11,-0.15,4.48
2009-03-04,000935,7.03,7.35,7.35,6.98,57690,51555812.0,5.32,5.76,0.4,4.18
2009-03-05,000935,7.52,7.19,7.54,7.1,59938,53899900.0,5.99,-2.18,-0.16,4.34
2009-03-06,000935,7.1,6.97,7.28,6.91,46825,40926396.0,5.15,-3.06,-0.22,3.39
2009-03-09,000935,7.1,6.57,7.18,6.57,40869,34561728.0,8.75,-5.74,-0.4,2.96
2009-03-10,000935,6.52,6.77,6.77,6.47,24781,20523908.0,4.57,3.04,0.2,1.8
2009-03-11,000935,6.88,6.67,6.94,6.64,24982,21164112.0,4.43,-1.48,-0.1,1.81
2009-03-12,000935,6.62,6.73,6.81,6.54,19145,15961015.0,4.05,0.9,0.06,1.39
2009-03-13,000935,6.72,6.68,6.82,6.65,18184,15297774.0,2.53,-0.74,-0.05,1.32
2009-03-16,000935,6.73,7.04,7.07,6.68,36555,31652688.0,5.84,5.39,0.36,2.65
2009-03-17,000935,7.07,7.36,7.38,7.07,45608,41087624.0,4.4,4.55,0.32,3.31
2009-03-18,000935,7.46,7.65,7.77,7.46,50465,47382004.0,4.21,3.94,0.29,3.66
2009-03-19,000935,7.66,7.69,7.82,7.54,47784,44973692.0,3.66,0.52,0.04,3.46
2009-03-20,000935,7.67,7.96,8.12,7.45,72462,68973888.0,8.71,3.51,0.27,5.25
2009-03-23,000935,7.82,7.78,7.97,7.61,54835,52449568.0,4.52,-2.26,-0.18,3.98
2009-03-24,000935,7.77,7.88,8.05,7.75,49171,47559936.0,3.86,1.29,0.1,3.56
2009-03-25,000935,7.85,7.76,8.05,7.75,38963,37561020.0,3.81,-1.52,-0.12,2.82
2009-03-26,000935,7.75,7.82,7.85,7.5,35697,33693896.0,4.51,0.77,0.06,2.59
2009-03-27,000935,7.85,7.99,8.03,7.77,50482,48937468.0,3.32,2.17,0.17,3.66
2009-03-30,000935,7.76,7.53,7.76,7.53,78330,72748032.0,2.88,-5.76,-0.46,5.68
2009-03-31,000935,7.1,7.25,7.35,7.1,70739,62891736.0,3.32,-3.72,-0.28,5.13
2009-04-01,000935,7.26,7.33,7.57,7.26,42271,38524168.0,4.28,1.1,0.08,3.06
2009-04-02,000935,7.52,7.45,7.63,7.38,47866,44152208.0,3.41,1.64,0.12,3.47
2009-04-03,000935,7.45,7.25,7.55,7.15,54813,49087812.0,5.37,-2.68,-0.2,3.97
2009-04-07,000935,7.25,7.25,7.29,7.14,27376,24344396.0,2.07,0.0,0.0,1.98
2009-04-08,000935,7.24,7.24,7.51,7.19,48234,43755708.0,4.41,-0.14,-0.01,3.5
2009-04-09,000935,7.29,7.53,7.58,7.27,56908,52351972.0,4.28,4.01,0.29,4.13
2009-04-10,000935,7.58,7.82,7.92,7.58,84131,80541104.0,4.52,3.85,0.29,6.1
2009-04-13,000935,7.88,7.76,7.93,7.66,52863,50294296.0,3.45,-0.77,-0.06,3.83
2009-04-14,000935,7.76,7.68,7.85,7.48,45709,43039520.0,4.77,-1.03,-0.08,3.31
2009-04-15,000935,7.61,7.66,7.72,7.47,45477,42428152.0,3.26,-0.26,-0.02,3.3
2009-04-16,000935,7.66,7.57,7.75,7.52,39402,36838508.0,3.0,-1.17,-0.09,2.86
2009-04-17,000935,7.57,7.46,7.7,7.29,36961,34102448.0,5.42,-1.45,-0.11,2.68
2009-04-20,000935,7.54,7.62,7.63,7.44,29333,27257698.0,2.55,2.14,0.16,2.13
2009-04-21,000935,7.55,7.45,7.61,7.34,46875,42996932.0,3.54,-2.23,-0.17,3.4
2009-04-22,000935,7.49,7.61,7.88,7.49,91453,86803968.0,5.23,2.15,0.16,6.63
2009-04-23,000935,7.47,7.23,7.47,7.18,78297,69876216.0,3.81,-4.99,-0.38,5.68
2009-04-24,000935,7.29,7.27,7.42,7.26,37649,34074000.0,2.21,0.55,0.04,2.73
2009-04-27,000935,7.08,6.85,7.19,6.85,39591,33966672.0,4.68,-5.78,-0.42,2.87
2009-04-28,000935,6.6,6.67,6.8,6.46,35272,29209842.0,4.96,-2.63,-0.18,2.56
2009-04-29,000935,6.71,6.84,6.93,6.64,29749,25278138.0,4.35,2.55,0.17,2.16
2009-04-30,000935,6.91,7.08,7.14,6.91,33469,29323692.0,3.36,3.51,0.24,2.43
2009-05-04,000935,7.15,7.2,7.28,7.07,26222,23268468.0,2.97,1.69,0.12,1.9
2009-05-05,000935,7.29,7.19,7.34,7.1,27112,24176030.0,3.33,-0.14,-0.01,1.97
2009-05-06,000935,7.18,7.61,7.61,7.16,63034,57663636.0,6.26,5.84,0.42,4.57
2009-05-07,000935,7.62,7.49,7.83,7.36,60084,56038260.0,6.18,-1.58,-0.12,4.36
2009-05-08,000935,7.36,7.63,7.83,7.34,54961,51588576.0,6.54,1.87,0.14,3.98
2009-05-11,000935,7.72,7.19,7.72,7.19,57110,51915824.0,6.95,-5.77,-0.44,4.14
2009-05-12,000935,7.11,7.15,7.15,6.87,60851,52821476.0,3.89,-0.56,-0.04,4.41
2009-05-13,000935,7.09,7.03,7.1,6.93,47838,41555016.0,2.38,-1.68,-0.12,3.47
2009-05-14,000935,6.94,7.01,7.05,6.89,36952,32123878.0,2.28,-0.28,-0.02,2.68
2009-05-15,000935,7.04,7.19,7.41,7.04,56153,50158660.0,5.28,2.57,0.18,4.07
2009-05-18,000935,7.61,7.41,7.61,7.25,52814,48320648.0,5.01,3.06,0.22,3.83
2009-05-19,000935,7.4,7.41,7.41,7.27,44437,40137568.0,1.89,0.0,0.0,3.22
2009-05-21,000935,7.52,7.01,7.52,6.98,64646,57861848.0,7.29,-5.4,-0.4,4.69
2009-05-22,000935,6.99,6.97,7.04,6.85,24180,20865280.0,2.71,-0.57,-0.04,1.75
2009-05-25,000935,6.57,6.89,6.91,6.57,31812,26715026.0,4.88,-1.15,-0.08,2.31
2009-05-26,000935,6.9,6.86,6.99,6.82,24800,21252150.0,2.47,-0.44,-0.03,1.8
2009-05-27,000935,6.89,6.91,6.95,6.8,18326,15657974.0,2.19,0.73,0.05,1.33
2009-06-01,000935,6.94,7.05,7.22,6.82,35099,30545632.0,5.79,2.03,0.14,2.54
2009-06-02,000935,7.13,6.91,7.13,6.89,27267,23556696.0,3.4,-1.99,-0.14,1.98
2009-06-03,000935,6.89,6.83,6.93,6.81,33384,28449226.0,1.74,-1.16,-0.08,2.42
2009-06-04,000935,6.82,6.96,7.01,6.64,56995,48284856.0,5.42,1.9,0.13,4.13
2009-06-05,000935,6.91,6.73,6.91,6.73,27768,23541208.0,2.59,-3.3,-0.23,2.01
2009-06-08,000935,6.79,6.65,6.79,6.64,18898,15810389.0,2.23,-1.19,-0.08,1.37
2009-06-09,000935,6.59,6.62,6.67,6.36,31913,26186836.0,4.66,-0.45,-0.03,2.31
2009-06-10,000935,6.64,6.8,6.83,6.59,34824,29407434.0,3.63,2.72,0.18,2.52
2009-06-11,000935,6.81,6.77,6.86,6.71,30626,25934424.0,2.21,-0.44,-0.03,2.22
2009-06-12,000935,6.77,6.55,6.79,6.54,18494,15456938.0,3.69,-3.25,-0.22,1.34
2009-06-15,000935,6.53,6.49,6.56,6.4,24065,19547788.0,2.44,-0.92,-0.06,1.74
2009-06-16,000935,6.47,6.49,6.54,6.4,20762,16853158.0,2.16,0.0,0.0,1.51
2009-06-17,000935,6.51,6.6,6.64,6.43,22359,18278548.0,3.24,1.69,0.11,1.62
2009-06-18,000935,6.98,6.98,6.98,6.96,51679,44802084.0,0.3,5.76,0.38,3.75
2009-06-19,000935,7.38,7.38,7.38,7.16,79778,72539848.0,3.15,5.73,0.4,5.78
2009-06-22,000935,7.71,7.01,7.71,6.96,102422,92194504.0,10.16,-5.01,-0.37,7.42
2009-06-23,000935,6.91,6.97,7.08,6.68,38114,32708138.0,5.71,-0.57,-0.04,2.76
2009-06-24,000935,6.92,6.97,7.14,6.9,31696,27572720.0,3.44,0.0,0.0,2.3
2009-06-25,000935,7.01,6.83,7.05,6.8,30963,26467724.0,3.59,-2.01,-0.14,2.24
2009-06-26,000935,6.83,6.92,7.04,6.81,25729,22208334.0,3.37,1.32,0.09,1.87
2009-06-29,000935,7.0,6.91,7.01,6.81,32586,28097014.0,2.89,-0.14,-0.01,2.36
2009-07-01,000935,6.78,6.78,6.93,6.73,29977,25337746.0,2.89,-1.88,-0.13,2.17
2009-07-02,000935,6.78,6.88,6.98,6.59,52736,44576508.0,5.75,1.47,0.1,3.82
2009-07-03,000935,6.81,6.8,6.87,6.73,23073,19531924.0,2.03,-1.16,-0.08,1.67
2009-07-06,000935,6.75,6.74,6.8,6.68,35022,29458136.0,1.76,-0.88,-0.06,2.54
2009-07-07,000935,6.73,6.76,6.8,6.69,34127,28717194.0,1.63,0.3,0.02,2.47
2009-07-08,000935,6.78,6.99,7.06,6.74,54030,46554796.0,4.73,3.4,0.23,3.92
2009-07-09,000935,6.99,7.01,7.05,6.92,44849,38988304.0,1.86,0.29,0.02,3.25
2009-07-10,000935,7.02,7.05,7.17,7.0,61609,54156760.0,2.43,0.57,0.04,4.47
2009-07-13,000935,7.1,7.15,7.33,7.05,50867,45060704.0,3.97,1.42,0.1,3.69
2009-07-14,000935,7.13,7.15,7.29,7.07,58610,51855336.0,3.08,0.0,0.0,4.25
2009-07-15,000935,7.17,7.3,7.43,7.14,77782,70120856.0,4.06,2.1,0.15,5.64
2009-07-16,000935,7.33,7.21,7.43,7.19,61914,55814564.0,3.29,-1.23,-0.09,4.49
2009-07-17,000935,7.19,7.29,7.38,7.19,43686,39248820.0,2.64,1.11,0.08,3.17
2009-07-20,000935,7.37,7.71,7.71,7.37,107455,101284816.0,4.66,5.76,0.42,7.79
2009-07-21,000935,7.71,7.48,8.11,7.47,111153,105260336.0,8.3,-2.98,-0.23,8.06
2009-07-22,000935,7.44,7.54,7.72,7.42,58204,53812616.0,4.01,0.8,0.06,4.22
2009-07-23,000935,7.54,7.41,7.54,7.37,48521,44339728.0,2.25,-1.72,-0.13,3.52
2009-07-24,000935,7.41,7.19,7.52,6.98,63230,56866424.0,7.29,-2.97,-0.22,4.58
2009-07-27,000935,7.22,7.24,7.36,7.17,53121,47492580.0,2.64,0.7,0.05,3.85
2009-07-28,000935,7.25,7.43,7.51,7.1,73075,65533252.0,5.66,2.62,0.19,5.3
2009-07-29,000935,7.37,7.0,7.57,7.0,73135,65417444.0,7.67,-5.79,-0.43,5.3
2009-07-30,000935,7.08,7.0,7.16,6.69,52924,45514256.0,6.71,0.0,0.0,3.84
2009-07-31,000935,7.0,7.16,7.16,6.95,42448,37322880.0,3.0,2.29,0.16,3.08
2009-08-03,000935,7.19,7.32,7.35,7.13,53707,47952672.0,3.07,2.23,0.16,3.89
2009-08-04,000935,7.32,7.27,7.36,7.18,43022,38464984.0,2.46,-0.68,-0.05,3.12
2009-08-05,000935,7.28,7.41,7.52,7.23,67602,61726820.0,3.99,1.93,0.14,4.9
2009-08-06,000935,7.46,7.29,7.46,7.15,47401,42687512.0,4.18,-1.62,-0.12,3.44
2009-08-07,000935,7.29,7.2,7.47,7.18,46732,42244932.0,3.98,-1.23,-0.09,3.39
2009-08-10,000935,7.24,7.29,7.4,7.19,31548,28343874.0,2.92,1.25,0.09,2.29
2009-08-11,000935,7.31,7.43,7.49,7.29,41340,37701096.0,2.74,1.92,0.14,3.0
2009-08-12,000935,7.43,7.24,7.5,7.1,53660,48480492.0,5.38,-2.56,-0.19,3.89
2009-08-13,000935,7.24,7.0,7.29,6.91,30139,26359380.0,5.25,-3.31,-0.24,2.18
2009-08-14,000935,6.91,6.6,7.15,6.6,36265,30769026.0,7.86,-5.71,-0.4,2.63
2009-08-17,000935,6.63,6.22,6.63,6.22,34030,27357282.0,6.21,-5.76,-0.38,2.47
2009-08-18,000935,6.22,5.97,6.27,5.86,46404,35335856.0,6.59,-4.02,-0.25,3.36
2009-08-19,000935,6.01,5.62,6.03,5.62,36094,26657022.0,6.87,-5.86,-0.35,2.62
2009-08-20,000935,5.49,5.77,5.8,5.49,42398,30697508.0,5.52,2.67,0.15,3.07
2009-08-21,000935,6.11,6.11,6.11,6.11,11988,9279068.0,0.0,5.89,0.34,0.87
2009-08-24,000935,6.48,6.48,6.48,6.24,84938,68448888.0,3.93,6.06,0.37,6.16
2009-08-25,000935,6.36,6.21,6.45,6.09,45558,35594832.0,5.56,-4.17,-0.27,3.3
2009-08-26,000935,6.13,6.36,6.56,6.13,29973,24157802.0,6.92,2.42,0.15,2.17
2009-08-27,000935,6.38,6.5,6.59,6.31,33892,27518794.0,4.4,2.2,0.14,2.46
2009-08-28,000935,6.5,6.62,6.77,6.26,41406,33958256.0,7.85,1.85,0.12,3.0
2009-08-31,000935,7.0,6.26,7.0,6.23,58740,48209656.0,11.63,-5.44,-0.36,4.26
2009-09-01,000935,6.23,6.08,6.36,6.0,24721,19350104.0,5.75,-2.88,-0.18,1.79
2009-09-02,000935,6.08,6.13,6.22,5.94,21411,16451103.0,4.61,0.82,0.05,1.55
2009-09-03,000935,6.12,6.41,6.45,6.08,29571,23445632.0,6.04,4.57,0.28,2.14
2009-09-04,000935,6.36,6.43,6.5,6.3,32108,25853166.0,3.12,0.31,0.02,2.33
2009-09-07,000935,6.45,6.43,6.54,6.35,33822,27398168.0,2.95,0.0,0.0,2.45
2009-09-08,000935,6.36,6.5,6.59,6.24,37871,30688266.0,5.44,1.09,0.07,2.75
2009-09-09,000935,6.52,6.5,6.55,6.42,29691,24123646.0,2.0,0.0,0.0,2.15
2009-09-10,000935,6.5,6.37,6.5,6.34,28961,23350640.0,2.46,-2.0,-0.13,2.1
2009-09-11,000935,6.37,6.41,6.5,6.36,25106,20268270.0,2.2,0.63,0.04,1.82
2009-09-14,000935,6.48,6.63,6.71,6.44,46337,38237504.0,4.21,3.43,0.22,3.36
2009-09-15,000935,6.64,6.65,6.68,6.54,30900,25607306.0,2.11,0.3,0.02,2.24
2009-09-16,000935,6.65,6.87,7.0,6.59,57448,48622796.0,6.17,3.31,0.22,4.16
2009-09-17,000935,6.88,6.91,7.0,6.8,31537,27003136.0,2.91,0.58,0.04,2.29
2009-09-18,000935,6.91,6.57,6.91,6.51,45669,38217852.0,5.79,-4.92,-0.34,3.31
2009-09-21,000935,6.54,6.69,6.71,6.5,28884,23869956.0,3.2,1.83,0.12,2.09
2009-09-22,000935,6.66,6.5,6.71,6.47,28144,23188898.0,3.59,-2.84,-0.19,2.04
2009-09-23,000935,6.47,6.18,6.56,6.12,49289,39037472.0,6.77,-4.92,-0.32,3.57
2009-09-24,000935,6.12,6.12,6.25,5.91,21264,16466802.0,5.5,-0.97,-0.06,1.54
2009-09-25,000935,6.12,6.14,6.21,6.09,13334,10375963.0,1.96,0.33,0.02,0.97
2009-09-28,000935,6.22,5.94,6.24,5.87,12198,9419328.0,6.03,-3.26,-0.2,0.88
2009-09-29,000935,5.99,5.74,6.01,5.61,17404,12847227.0,6.73,-3.37,-0.2,1.26
2009-09-30,000935,5.95,5.96,6.08,5.86,20691,15695860.0,3.83,3.83,0.22,1.5
2009-10-09,000935,6.06,6.23,6.26,6.01,19296,15049194.0,4.19,4.53,0.27,1.4
2009-10-12,000935,6.31,6.54,6.6,6.22,41871,34114824.0,6.1,4.98,0.31,3.04
2009-10-13,000935,6.56,6.64,6.68,6.45,30806,25275620.0,3.52,1.53,0.1,2.23
2009-10-14,000935,7.03,7.03,7.03,6.99,67815,59133324.0,0.6,5.87,0.39,4.92
2009-10-15,000935,7.03,7.19,7.42,6.93,119950,106733400.0,6.97,2.28,0.16,8.7
2009-10-16,000935,7.14,7.2,7.25,7.05,51789,45846884.0,2.78,0.14,0.01,3.75
2009-10-19,000935,7.29,7.24,7.35,7.21,44197,39661336.0,1.94,0.56,0.04,3.2
2009-10-20,000935,7.27,7.48,7.55,7.21,67245,61372376.0,4.7,3.31,0.24,4.87
2009-10-21,000935,7.47,7.32,7.47,7.32,42818,38870344.0,2.01,-2.14,-0.16,3.1
2009-10-22,000935,7.3,7.35,7.48,7.15,56470,51083984.0,4.51,0.41,0.03,4.09
2009-10-23,000935,7.4,7.45,7.47,7.3,53317,48715652.0,2.31,1.36,0.1,3.86
2009-10-26,000935,7.47,7.29,7.47,7.19,73496,66306144.0,3.76,-2.15,-0.16,5.33
2009-10-27,000935,7.22,7.05,7.27,7.01,51995,45863956.0,3.57,-3.29,-0.24,3.77
2009-10-28,000935,7.09,7.21,7.25,7.02,37734,33380202.0,3.26,2.27,0.16,2.74
2009-10-29,000935,7.08,7.05,7.18,7.02,29446,25835822.0,2.22,-2.22,-0.16,2.13
2009-10-30,000935,7.18,7.1,7.23,7.07,39711,35142924.0,2.27,0.71,0.05,2.88
2009-11-02,000935,7.0,7.38,7.38,6.92,67454,60548044.0,6.48,3.94,0.28,4.89
2009-11-03,000935,7.48,7.76,7.81,7.47,110603,105094608.0,4.61,5.15,0.38,8.02
2009-11-04,000935,7.81,7.71,7.83,7.61,54318,51322952.0,2.84,-0.64,-0.05,3.94
2009-11-05,000935,7.73,7.84,7.98,7.62,58455,55804776.0,4.67,1.69,0.13,4.24
2009-11-06,000935,7.88,8.2,8.28,7.83,120643,119097472.0,5.74,4.59,0.36,8.75
2009-11-09,000935,8.22,8.1,8.26,7.94,65096,64114504.0,3.9,-1.22,-0.1,4.72
2009-11-10,000935,8.14,8.3,8.38,8.04,63495,63504840.0,4.2,2.47,0.2,4.6
2009-11-11,000935,8.25,8.48,8.64,8.25,80660,83078432.0,4.7,2.17,0.18,5.85
2009-11-12,000935,8.55,8.37,8.72,8.3,92679,95396600.0,4.95,-1.3,-0.11,6.72
2009-11-13,000935,8.27,8.38,8.44,8.13,69445,69790848.0,3.7,0.12,0.01,5.03
2009-11-16,000935,8.41,8.54,8.65,8.41,69141,71537232.0,2.86,1.91,0.16,5.01
2009-11-17,000935,8.56,8.48,8.6,8.36,52524,53722640.0,2.81,-0.7,-0.06,3.81
2009-11-18,000935,8.5,8.55,8.66,8.42,58121,60018508.0,2.83,0.83,0.07,4.21
2009-11-19,000935,8.55,9.03,9.03,8.5,126926,135651504.0,6.2,5.61,0.48,9.2
2009-11-20,000935,9.01,9.54,9.54,8.92,103966,116858792.0,6.87,5.65,0.51,7.54
2009-11-23,000935,9.67,10.07,10.07,9.67,96732,115313608.0,4.19,5.56,0.53,7.01
2009-11-24,000935,10.53,9.51,10.53,9.51,185823,220531072.0,10.13,-5.56,-0.56,13.47
2009-11-25,000935,9.32,10.04,10.04,9.26,127983,147282080.0,8.2,5.57,0.53,9.28
2009-11-26,000935,10.37,9.8,10.42,9.49,112169,132633408.0,9.26,-2.39,-0.24,8.13
2009-11-27,000935,9.39,9.26,9.8,9.26,82441,93253472.0,5.51,-5.51,-0.54,5.98
2009-11-30,000935,9.34,9.61,9.61,9.29,58906,66689328.0,3.46,3.78,0.35,4.27
2009-12-01,000935,9.53,10.04,10.1,9.35,83330,96788360.0,7.8,4.47,0.43,6.04
2009-12-02,000935,10.04,9.86,10.11,9.83,71649,85128328.0,2.79,-1.79,-0.18,5.19
2009-12-03,000935,9.93,9.85,10.05,9.68,54477,63972452.0,3.75,-0.1,-0.01,3.95
2009-12-04,000935,9.81,9.78,10.01,9.3,86481,99393648.0,7.21,-0.71,-0.07,6.27
2009-12-07,000935,9.77,9.89,9.9,9.52,53966,62213604.0,3.89,1.12,0.11,3.91
2009-12-08,000935,9.83,9.73,9.88,9.65,34901,40531796.0,2.33,-1.62,-0.16,2.53
2009-12-09,000935,9.62,9.47,9.74,9.39,26928,30754940.0,3.6,-2.67,-0.26,1.95
2009-12-10,000935,9.5,9.57,9.64,9.44,29047,33126592.0,2.11,1.06,0.1,2.11
2009-12-11,000935,9.61,9.5,9.67,9.48,27308,31240878.0,1.99,-0.73,-0.07,1.98
2009-12-14,000935,9.55,9.81,9.98,9.52,69542,80998336.0,4.84,3.26,0.31,5.04
2009-12-15,000935,9.81,9.74,9.9,9.72,36176,42292848.0,1.83,-0.71,-0.07,2.62
2009-12-16,000935,9.73,9.57,9.83,9.56,33625,38845916.0,2.77,-1.75,-0.17,2.44
2009-12-17,000935,9.58,9.07,9.62,9.04,41158,45730432.0,6.06,-5.22,-0.5,2.98
2009-12-18,000935,9.0,8.56,9.0,8.56,49478,51794476.0,4.85,-5.62,-0.51,3.59
2009-12-21,000935,8.42,8.69,8.74,8.4,23623,24663362.0,3.97,1.52,0.13,1.71
2009-12-22,000935,8.69,8.48,8.85,8.44,24747,25820958.0,4.72,-2.42,-0.21,1.79
2009-12-23,000935,8.43,8.56,8.64,8.43,19962,20650404.0,2.48,0.94,0.08,1.45
2009-12-24,000935,8.58,9.03,9.04,8.56,45186,48114184.0,5.61,5.49,0.47,3.28
2009-12-25,000935,9.06,9.02,9.21,8.88,30848,33726044.0,3.65,-0.11,-0.01,2.24
2009-12-28,000935,9.06,9.04,9.13,8.97,34047,37071552.0,1.77,0.22,0.02,2.47
2009-12-29,000935,9.06,9.41,9.43,9.01,39928,44154268.0,4.65,4.09,0.37,2.89
2009-12-30,000935,9.33,9.41,9.5,9.24,31971,35855528.0,2.76,0.0,0.0,2.32
2009-12-31,000935,9.48,9.52,9.59,9.37,29571,33526698.0,2.34,1.17,0.11,2.14
2010-01-04,000935,9.53,9.56,9.61,9.41,30204,34377072.0,2.1,0.42,0.04,2.19
2010-01-05,000935,9.58,9.7,9.74,9.44,38216,43796680.0,3.14,1.46,0.14,2.77
2010-01-06,000935,9.91,9.69,9.93,9.53,51244,59340848.0,4.12,-0.1,-0.01,3.71
2010-01-07,000935,9.57,9.15,9.67,9.15,47018,52727368.0,5.37,-5.57,-0.54,3.41
2010-01-08,000935,8.84,9.14,9.22,8.84,25926,28141068.0,4.15,-0.11,-0.01,1.88
2010-01-11,000935,9.15,9.13,9.31,8.97,27549,30216966.0,3.72,-0.11,-0.01,2.0
2010-01-12,000935,9.15,9.35,9.35,8.99,26070,28899380.0,3.94,2.41,0.22,1.89
2010-01-13,000935,9.15,9.13,9.36,9.01,29766,32908450.0,3.74,-2.35,-0.22,2.16
2010-01-14,000935,9.14,9.47,9.5,9.14,34338,38378148.0,3.94,3.72,0.34,2.49
2010-01-15,000935,9.44,9.43,9.55,9.41,35642,40396052.0,1.48,-0.42,-0.04,2.58
2010-01-18,000935,9.45,9.58,9.62,9.41,49205,55930336.0,2.23,1.59,0.15,3.57
2010-01-19,000935,9.58,9.6,9.71,9.47,33253,37986544.0,2.51,0.21,0.02,2.41
2010-01-20,000935,9.62,9.16,9.65,9.11,39419,44161560.0,5.63,-4.58,-0.44,2.86
2010-01-21,000935,9.15,9.23,9.29,8.92,31975,35129260.0,4.04,0.76,0.07,2.32
2010-01-25,000935,8.97,8.72,9.08,8.72,30871,32860328.0,3.9,-5.53,-0.51,2.24
2010-01-26,000935,8.68,8.22,8.85,8.22,32823,33459290.0,7.22,-5.73,-0.5,2.38
2010-01-27,000935,8.22,8.0,8.27,7.81,25497,24936296.0,5.6,-2.68,-0.22,1.85
2010-01-28,000935,7.99,8.07,8.12,7.86,15117,14806960.0,3.25,0.88,0.07,1.1
2010-01-29,000935,8.06,8.26,8.36,7.96,26428,26461788.0,4.96,2.35,0.19,1.92
2010-02-01,000935,8.45,8.62,8.72,8.31,45393,47134364.0,4.96,4.36,0.36,3.29
2010-02-02,000935,8.64,8.41,8.73,8.41,25033,25887178.0,3.71,-2.44,-0.21,1.81
2010-02-03,000935,8.43,8.44,8.48,7.98,25040,25104300.0,5.95,0.36,0.03,1.82
2010-02-04,000935,8.43,8.5,8.68,8.22,27143,27793396.0,5.45,0.71,0.06,1.97
2010-02-05,000935,8.24,8.24,8.48,8.15,18625,18764276.0,3.88,-3.06,-0.26,1.35
2010-02-08,000935,8.22,8.22,8.3,8.13,11955,11950012.0,2.06,-0.24,-0.02,0.87
2010-02-09,000935,8.2,8.22,8.34,8.05,11009,11048731.0,3.53,0.0,0.0,0.8
2010-02-10,000935,8.25,8.47,8.47,8.25,15806,16113634.0,2.68,3.04,0.25,1.15
2010-02-11,000935,8.48,8.55,8.55,8.39,15180,15580664.0,1.89,0.94,0.08,1.1
2010-02-12,000935,8.55,8.57,8.59,8.52,11586,12007854.0,0.82,0.23,0.02,0.84
2010-02-22,000935,8.5,8.65,8.83,8.43,22339,23310178.0,4.67,0.93,0.08,1.62
2010-02-23,000935,8.62,8.66,8.74,8.44,14913,15519166.0,3.47,0.12,0.01,1.08
2010-02-24,000935,8.72,8.86,8.92,8.61,22852,24365392.0,3.58,2.31,0.2,1.66
2010-02-25,000935,8.88,8.92,9.0,8.83,26927,28970684.0,1.92,0.68,0.06,1.95
2010-02-26,000935,8.92,9.28,9.31,8.84,44515,49034644.0,5.27,4.04,0.36,3.23
2010-03-01,000935,9.32,9.36,9.52,9.28,49280,55382352.0,2.59,0.86,0.08,3.57
2010-03-02,000935,9.38,9.24,9.41,9.15,31794,35248060.0,2.78,-1.28,-0.12,2.3
2010-03-03,000935,9.21,9.24,9.33,9.16,25168,27942840.0,1.84,0.0,0.0,1.82
2010-03-04,000935,9.21,8.76,9.32,8.73,33442,36408160.0,6.39,-5.19,-0.48,2.42
2010-03-05,000935,8.73,8.81,8.94,8.73,19594,20894540.0,2.4,0.57,0.05,1.42
2010-03-08,000935,8.84,9.03,9.12,8.83,21148,22969876.0,3.29,2.5,0.22,1.53
2010-03-09,000935,9.1,8.99,9.14,8.87,21756,23490408.0,2.99,-0.44,-0.04,1.58
2010-03-10,000935,8.98,8.82,9.02,8.78,13594,14553144.0,2.67,-1.89,-0.17,0.99
2010-03-11,000935,8.82,8.87,8.96,8.74,16679,17813966.0,2.49,0.57,0.05,1.21
2010-03-12,000935,8.93,8.62,8.93,8.61,17506,18495480.0,3.61,-2.82,-0.25,1.27
2010-03-15,000935,8.67,8.37,8.67,8.34,20171,20657882.0,3.83,-2.9,-0.25,1.46
2010-03-16,000935,8.37,8.59,8.59,8.37,11420,11748302.0,2.63,2.63,0.22,0.83
2010-03-17,000935,8.67,8.79,8.83,8.65,18418,19440698.0,2.1,2.33,0.2,1.34
2010-03-18,000935,8.79,8.72,8.86,8.7,22715,23988476.0,1.82,-0.8,-0.07,1.65
2010-03-19,000935,8.77,8.92,8.93,8.59,36346,38780588.0,3.9,2.29,0.2,2.63
2010-03-22,000935,8.94,9.01,9.13,8.94,30519,33168518.0,2.13,1.01,0.09,2.21
2010-03-23,000935,8.99,9.02,9.13,8.91,28101,30565644.0,2.44,0.11,0.01,2.04
2010-03-24,000935,9.13,8.94,9.15,8.92,40242,43643780.0,2.55,-0.89,-0.08,2.92
2010-03-25,000935,8.97,8.64,8.99,8.62,32533,34627616.0,4.14,-3.36,-0.3,2.36
2010-03-26,000935,8.72,8.9,8.94,8.67,18947,20171438.0,3.13,3.01,0.26,1.37
2010-03-29,000935,8.9,8.97,9.21,8.88,32602,35395352.0,3.71,0.79,0.07,2.36
2010-03-30,000935,9.04,8.96,9.08,8.91,29869,32270070.0,1.9,-0.11,-0.01,2.17
2010-03-31,000935,9.02,9.07,9.14,8.94,37382,40723744.0,2.23,1.23,0.11,2.71
2010-04-01,000935,9.04,9.29,9.31,9.04,52525,58170216.0,2.98,2.43,0.22,3.81
2010-04-02,000935,9.29,9.46,9.71,9.27,67477,76785256.0,4.74,1.83,0.17,4.89
2010-04-06,000935,9.6,9.52,9.66,9.39,50470,57386848.0,2.85,0.63,0.06,3.66
2010-04-07,000935,9.52,9.63,9.73,9.44,50591,58208820.0,3.05,1.16,0.11,3.67
2010-04-08,000935,9.64,9.53,9.73,9.46,45808,52483488.0,2.8,-1.04,-0.1,3.32
2010-04-09,000935,9.53,9.83,9.86,9.49,61520,71479480.0,3.88,3.15,0.3,4.46
2010-04-12,000935,9.87,9.94,10.08,9.8,63361,74923408.0,2.85,1.12,0.11,4.59
2010-04-13,000935,9.95,9.89,10.01,9.4,64019,74705176.0,6.14,-0.5,-0.05,4.64
2010-04-15,000935,10.44,10.44,10.44,10.36,20409,25255928.0,0.81,5.56,0.55,1.48
2010-04-16,000935,10.92,10.45,11.02,10.44,168239,214018272.0,5.56,0.1,0.01,12.2
2010-04-19,000935,10.27,10.03,10.6,10.0,84771,103069504.0,5.74,-4.02,-0.42,6.15
2010-04-20,000935,10.03,10.05,10.16,9.72,59148,69757472.0,4.39,0.2,0.02,4.29
2010-04-21,000935,10.01,10.52,10.53,10.01,69291,84831552.0,5.17,4.68,0.47,5.02
2010-04-22,000935,10.38,9.95,10.38,9.95,101108,120490176.0,4.09,-5.42,-0.57,7.33
2010-04-23,000935,9.42,9.4,9.76,9.4,110903,125612088.0,3.62,-5.53,-0.55,8.04
2010-04-26,000935,9.34,9.32,9.52,9.16,47723,53589448.0,3.83,-0.85,-0.08,3.46
2010-04-27,000935,9.43,9.45,9.65,9.26,54372,61540564.0,4.18,1.39,0.13,3.94
2010-04-28,000935,9.45,9.33,9.45,9.17,29073,32490504.0,2.96,-1.27,-0.12,2.11
2010-04-29,000935,9.26,8.98,9.39,8.97,32726,36266756.0,4.5,-3.75,-0.35,2.37
2010-04-30,000935,8.97,8.49,9.05,8.47,39932,41419624.0,6.46,-5.46,-0.49,2.89
2010-05-04,000935,8.31,8.02,8.31,8.02,35264,34956816.0,3.42,-5.54,-0.47,2.56
2010-05-05,000935,7.66,8.16,8.16,7.66,23971,23298166.0,6.23,1.75,0.14,1.74
2010-05-06,000935,8.21,7.8,8.28,7.78,23905,23554860.0,6.13,-4.41,-0.36,1.73
2010-05-07,000935,7.78,7.5,7.78,7.43,28255,26305346.0,4.49,-3.85,-0.3,2.05
2010-05-10,000935,7.46,7.47,7.58,7.12,24840,22607070.0,6.13,-0.4,-0.03,1.8
2010-05-11,000935,7.64,7.19,7.69,7.19,21446,19692166.0,6.69,-3.75,-0.28,1.55
2010-05-12,000935,7.18,7.22,7.33,6.92,16383,14404777.0,5.7,0.42,0.03,1.19
2010-05-13,000935,7.12,7.4,7.42,7.12,14249,12859844.0,4.16,2.49,0.18,1.03
2010-05-14,000935,7.31,7.45,7.48,7.27,21483,19554508.0,2.84,0.68,0.05,1.56
2010-05-17,000935,7.36,7.02,7.55,7.02,26250,23537628.0,7.11,-5.77,-0.43,1.9
2010-05-18,000935,6.88,6.88,7.02,6.61,27041,22774946.0,5.84,-1.99,-0.14,1.96
2010-05-19,000935,6.89,6.81,6.95,6.64,14384,12223468.0,4.51,-1.02,-0.07,1.04
2010-05-20,000935,6.69,6.82,7.16,6.65,21017,18224384.0,7.49,0.15,0.01,1.52
2010-05-21,000935,6.55,6.92,6.94,6.5,17567,14811045.0,6.45,1.47,0.1,1.27
2010-05-24,000935,7.02,7.33,7.33,6.92,26605,23771826.0,5.92,5.92,0.41,1.93
2010-05-25,000935,7.33,7.47,7.56,7.19,34138,31168996.0,5.05,1.91,0.14,2.47
2010-05-26,000935,7.43,7.41,7.53,7.32,17207,15727214.0,2.81,-0.8,-0.06,1.25
2010-05-27,000935,7.33,7.53,7.56,7.32,23248,21426638.0,3.24,1.62,0.12,1.69
2010-05-28,000935,7.56,7.49,7.61,7.42,16241,14981793.0,2.52,-0.53,-0.04,1.18
2010-05-31,000935,7.47,7.12,7.54,7.12,19977,18132248.0,5.61,-4.94,-0.37,1.45
2010-06-01,000935,6.92,6.85,7.05,6.71,21189,18027618.0,4.78,-3.79,-0.27,1.54
2010-06-02,000935,6.71,6.93,6.95,6.71,9479,8044940.0,3.5,1.17,0.08,0.69
2010-06-03,000935,6.97,7.32,7.33,6.91,30614,27368262.0,6.06,5.63,0.39,2.22
2010-06-04,000935,7.2,7.19,7.23,7.01,16506,14609405.0,3.01,-1.78,-0.13,1.2
2010-06-07,000935,6.91,7.1,7.19,6.85,10224,8949444.0,4.73,-1.25,-0.09,0.74
2010-06-08,000935,7.16,7.12,7.21,7.03,9173,8090414.5,2.54,0.28,0.02,0.66
2010-06-09,000935,7.14,7.31,7.33,7.05,16206,14474738.0,3.93,2.67,0.19,1.17
2010-06-10,000935,7.25,7.35,7.47,7.2,18470,16751326.0,3.69,0.55,0.04,1.34
2010-06-11,000935,7.36,7.24,7.41,7.21,10096,9088251.0,2.72,-1.5,-0.11,0.73
2010-06-17,000935,7.29,7.3,7.39,7.24,10646,9615396.0,2.07,0.83,0.06,0.77
2010-06-18,000935,7.25,7.05,7.38,6.97,12324,10952798.0,5.62,-3.42,-0.25,0.89
2010-06-21,000935,7.05,7.24,7.29,6.83,13749,12089859.0,6.52,2.7,0.19,1.0
2010-06-22,000935,7.29,7.32,7.43,7.24,15426,13966005.0,2.62,1.1,0.08,1.12
2010-06-23,000935,7.28,7.36,7.43,7.1,11569,10456464.0,4.51,0.55,0.04,0.84
2010-06-24,000935,7.36,7.57,7.57,7.34,18112,16577511.0,3.13,2.85,0.21,1.31
2010-06-25,000935,7.57,7.45,7.57,7.34,18154,16696914.0,3.04,-1.59,-0.12,1.32
2010-06-29,000935,7.43,7.02,7.43,7.02,19461,17203714.0,5.5,-5.77,-0.43,1.41
2010-06-30,000935,6.83,6.69,7.0,6.61,17461,14606707.0,5.56,-4.7,-0.33,1.27
2010-07-01,000935,6.62,6.33,6.73,6.33,13476,11001392.0,5.98,-5.38,-0.36,0.98
2010-07-02,000935,6.38,6.31,6.51,5.97,14611,11478341.0,8.53,-0.32,-0.02,1.06
2010-07-05,000935,6.18,6.36,6.4,6.12,6661,5283036.0,4.44,0.79,0.05,0.48
2010-07-06,000935,6.35,6.45,6.53,6.29,10626,8607578.0,3.77,1.42,0.09,0.77
2010-07-07,000935,6.37,6.5,6.59,6.36,9496,7725557.5,3.57,0.78,0.05,0.69
2010-07-08,000935,6.52,6.41,6.54,6.36,8569,6941610.0,2.77,-1.38,-0.09,0.62
2010-07-09,000935,6.43,6.66,6.71,6.36,14740,12137673.0,5.46,3.9,0.25,1.07
2010-07-12,000935,6.68,6.75,6.83,6.64,10382,8745840.0,2.85,1.35,0.09,0.75
2010-07-13,000935,6.69,6.51,6.69,6.46,8393,6890733.0,3.41,-3.56,-0.24,0.61
2010-07-14,000935,6.57,6.55,6.62,6.5,8404,6913732.5,1.84,0.61,0.04,0.61
2010-07-15,000935,6.53,6.3,6.57,6.29,8695,7058361.5,4.27,-3.82,-0.25,0.63
2010-07-16,000935,6.31,6.38,6.44,6.2,8083,6428596.5,3.81,1.27,0.08,0.59
2010-07-19,000935,6.22,6.59,6.64,6.21,9405,7676653.0,6.74,3.29,0.21,0.68
2010-07-20,000935,6.64,6.78,6.78,6.43,22638,18861330.0,5.31,2.88,0.19,1.64
2010-07-21,000935,6.73,6.76,6.85,6.71,17698,14956081.0,2.06,-0.29,-0.02,1.28
2010-07-22,000935,6.45,6.99,7.05,6.45,22526,19172748.0,8.88,3.4,0.23,1.63
2010-07-23,000935,6.94,6.88,7.0,6.79,16534,14124916.0,3.0,-1.57,-0.11,1.2
2010-07-26,000935,6.91,6.91,6.97,6.83,15233,13081698.0,2.03,0.44,0.03,1.1
2010-07-27,000935,6.91,6.91,6.98,6.83,14137,12141967.0,2.17,0.0,0.0,1.02
2010-07-28,000935,6.89,7.18,7.22,6.89,32956,29005900.0,4.78,3.91,0.27,2.39
2010-07-29,000935,7.19,7.27,7.33,7.13,26595,23787424.0,2.79,1.25,0.09,1.93
2010-07-30,000935,7.21,7.22,7.36,7.13,23231,20783132.0,3.16,-0.69,-0.05,1.68
2010-08-02,000935,7.22,7.27,7.33,7.21,23370,20998800.0,1.66,0.69,0.05,1.69
2010-08-03,000935,7.69,7.69,7.69,7.69,7946,7493068.5,0.0,5.78,0.42,0.58
2010-08-04,000935,8.12,7.9,8.12,7.81,115733,112580040.0,4.03,2.73,0.21,8.39
2010-08-05,000935,7.86,8.35,8.35,7.85,75578,75729912.0,6.33,5.7,0.45,5.48
2010-08-06,000935,8.35,8.58,8.81,8.27,69872,72786320.0,6.47,2.75,0.23,5.07
2010-08-09,000935,8.54,8.43,8.72,8.4,52462,54191804.0,3.73,-1.75,-0.15,3.8
2010-08-10,000935,8.43,8.28,8.69,8.24,41871,42909744.0,5.34,-1.78,-0.15,3.04
2010-08-11,000935,8.28,8.37,8.49,8.14,32130,32498946.0,4.23,1.09,0.09,2.33
2010-08-12,000935,8.27,8.27,8.41,8.22,25400,25617930.0,2.27,-1.19,-0.1,1.84
2010-08-13,000935,8.35,8.73,8.73,8.29,57447,59978664.0,5.32,5.56,0.46,4.16
2010-08-16,000935,8.72,8.81,8.97,8.5,40828,43379552.0,5.38,0.92,0.08,2.96
2010-08-17,000935,8.78,8.73,8.85,8.62,29182,30738230.0,2.61,-0.91,-0.08,2.12
2010-08-18,000935,8.7,9.04,9.2,8.7,42745,46401660.0,5.73,3.55,0.31,3.1
2010-08-19,000935,9.05,9.09,9.12,8.87,31752,34329420.0,2.77,0.55,0.05,2.3
2010-08-20,000935,9.01,8.82,9.05,8.71,34278,36566868.0,3.74,-2.97,-0.27,2.48
2010-08-23,000935,8.93,8.87,8.96,8.72,25314,26968756.0,2.72,0.57,0.05,1.84
2010-08-24,000935,8.78,8.98,9.02,8.75,25216,27038314.0,3.04,1.24,0.11,1.83
2010-08-25,000935,8.88,9.02,9.24,8.86,40194,43920888.0,4.23,0.45,0.04,2.91
2010-08-26,000935,9.01,9.53,9.53,9.01,74869,84644200.0,5.76,5.65,0.51,5.43
2010-08-27,000935,9.53,9.7,9.7,9.39,43568,49798068.0,3.25,1.78,0.17,3.16
2010-08-30,000935,9.66,9.85,9.88,9.44,41107,47764168.0,4.54,1.55,0.15,2.98
2010-08-31,000935,9.58,9.3,9.63,9.3,109874,123335232.0,3.35,-5.58,-0.55,7.96
2010-09-01,000935,9.27,8.78,9.41,8.78,87248,94515112.0,6.77,-5.59,-0.52,6.32
2010-09-02,000935,8.7,8.86,8.99,8.42,86066,90815024.0,6.49,0.91,0.08,6.24
2010-09-03,000935,8.75,9.05,9.1,8.7,51205,54918840.0,4.51,2.14,0.19,3.71
2010-09-06,000935,9.15,9.02,9.21,8.83,57559,62288640.0,4.2,-0.33,-0.03,4.17
2010-09-07,000935,8.99,9.02,9.06,8.85,35478,38324988.0,2.33,0.0,0.0,2.57
2010-09-08,000935,8.96,9.13,9.24,8.9,42423,46490120.0,3.77,1.22,0.11,3.08
2010-09-09,000935,9.06,8.78,9.12,8.73,56249,60230788.0,4.27,-3.83,-0.35,4.08
2010-09-10,000935,8.73,8.91,8.96,8.7,37811,40351640.0,2.96,1.48,0.13,2.74
2010-09-13,000935,8.84,9.14,9.2,8.84,44035,47843468.0,4.04,2.58,0.23,3.19
2010-09-14,000935,9.13,8.99,9.15,8.92,36650,39790596.0,2.52,-1.64,-0.15,2.66
2010-09-15,000935,8.99,9.16,9.31,8.92,58535,64306508.0,4.34,1.89,0.17,4.24
2010-09-16,000935,9.13,8.76,9.2,8.71,43192,46382360.0,5.35,-4.37,-0.4,3.13
2010-09-17,000935,8.74,8.89,8.96,8.74,26885,28670636.0,2.51,1.48,0.13,1.95
2010-09-20,000935,8.87,8.69,8.92,8.5,29824,31278762.0,4.72,-2.25,-0.2,2.16
2010-09-21,000935,8.65,8.85,8.85,8.56,18214,19168052.0,3.34,1.84,0.16,1.32
2010-09-27,000935,8.85,8.92,8.95,8.77,27167,29083114.0,2.03,0.79,0.07,1.97
2010-09-28,000935,8.93,8.76,8.93,8.72,24205,25789366.0,2.35,-1.79,-0.16,1.75
2010-09-29,000935,8.71,8.65,8.76,8.59,23623,24776360.0,1.94,-1.26,-0.11,1.71
2010-09-30,000935,8.58,8.71,8.73,8.53,21041,21942160.0,2.31,0.69,0.06,1.53
2010-10-08,000935,8.72,8.86,8.9,8.68,30906,32879256.0,2.53,1.72,0.15,2.24
2010-10-11,000935,8.87,9.04,9.06,8.77,46706,50166812.0,3.27,2.03,0.18,3.39
2010-10-12,000935,8.96,8.86,9.03,8.85,35616,38324548.0,1.99,-1.99,-0.18,2.58
2010-10-13,000935,9.09,9.15,9.33,8.88,58257,63776712.0,5.08,3.27,0.29,4.22
2010-10-14,000935,9.13,8.77,9.13,8.69,37649,40459324.0,4.81,-4.15,-0.38,2.73
2010-10-15,000935,8.77,9.13,9.15,8.67,56917,61134464.0,5.47,4.1,0.36,4.13
2010-10-18,000935,9.15,9.05,9.23,8.83,52606,57094732.0,4.38,-0.88,-0.08,3.81
2010-10-19,000935,9.09,9.5,9.55,8.92,71860,80335368.0,6.96,4.97,0.45,5.21
2010-10-20,000935,9.35,9.69,9.79,9.22,85967,97662160.0,6.0,2.0,0.19,6.23
2010-10-21,000935,9.53,9.65,9.85,9.53,46529,53699368.0,3.3,-0.41,-0.04,3.37
2010-10-22,000935,9.64,9.67,9.75,9.56,43347,49972976.0,1.97,0.21,0.02,3.14
2010-10-25,000935,9.66,9.89,9.97,9.66,65651,77172544.0,3.21,2.28,0.22,4.76
2010-10-26,000935,9.83,10.32,10.44,9.81,95875,115426648.0,6.37,4.35,0.43,6.95
2010-10-27,000935,10.27,10.35,10.64,10.1,92371,114308136.0,5.23,0.29,0.03,6.7
2010-10-28,000935,10.35,10.16,10.36,10.1,56964,68947256.0,2.51,-1.84,-0.19,4.13
2010-11-01,000935,10.27,9.79,10.52,9.26,204249,241533856.0,12.4,-3.64,-0.37,14.81
2010-11-02,000935,9.62,9.36,9.76,9.25,127112,144012240.0,5.21,-4.39,-0.43,9.21
2010-11-03,000935,9.34,9.39,9.59,9.28,64078,72509336.0,3.31,0.32,0.03,4.65
2010-11-04,000935,9.33,9.32,9.5,9.16,69141,77111376.0,3.62,-0.75,-0.07,5.01
2010-11-05,000935,9.43,9.4,9.43,9.27,69914,78237448.0,1.72,0.86,0.08,5.07
2010-11-08,000935,9.44,9.84,9.88,9.32,118528,136277856.0,5.96,4.68,0.44,8.59
2010-11-09,000935,9.85,9.95,10.22,9.8,120772,143344832.0,4.27,1.12,0.11,8.75
2010-11-10,000935,10.09,10.26,10.38,10.0,123154,149096896.0,3.82,3.12,0.31,8.93
2010-11-11,000935,10.23,10.53,11.2,10.09,166257,210208576.0,10.82,2.63,0.27,12.05
2010-11-12,000935,10.55,9.85,10.99,9.73,123380,150703680.0,11.97,-6.46,-0.68,8.94
2010-11-15,000935,10.02,10.13,10.32,9.62,75451,89913176.0,7.11,2.84,0.28,5.47
2010-11-16,000935,10.17,10.19,10.7,9.98,131503,160916288.0,7.11,0.59,0.06,9.53
2010-11-17,000935,9.96,9.06,9.99,9.06,77864,88263368.0,9.13,-11.09,-1.13,5.64
2010-11-18,000935,9.05,8.93,9.25,8.63,46333,49678780.0,6.84,-1.43,-0.13,3.36
2010-11-19,000935,9.06,9.29,9.33,8.83,42341,46325212.0,5.6,4.03,0.36,3.07
2010-11-25,000935,10.34,10.34,10.34,10.34,6015,7380577.0,0.0,11.3,1.05,0.44
2010-11-26,000935,11.49,10.6,11.49,10.51,300017,393695136.0,9.48,2.51,0.26,21.75
2010-11-29,000935,11.11,11.77,11.77,10.93,265581,355328832.0,7.92,11.04,1.17,19.25
2010-11-30,000935,11.81,11.28,12.07,10.84,211308,283794304.0,10.45,-4.16,-0.49,15.32
2010-12-01,000935,11.28,10.66,11.39,10.55,121006,154756912.0,7.45,-5.5,-0.62,8.77
2010-12-02,000935,10.79,10.69,11.01,10.56,86959,110783808.0,4.22,0.28,0.03,6.3
2010-12-03,000935,10.58,10.27,10.68,10.09,73789,90220384.0,5.52,-3.93,-0.42,5.35
2010-12-06,000935,10.35,10.18,10.5,10.1,50412,61410584.0,3.89,-0.88,-0.09,3.65
2010-12-07,000935,10.1,10.21,10.36,9.66,73245,87421008.0,6.88,0.29,0.03,5.31
2010-12-08,000935,10.1,9.92,10.16,9.92,53660,63937608.0,2.35,-2.84,-0.29,3.89
2010-12-09,000935,9.95,9.45,9.95,9.41,58118,66838444.0,5.44,-4.74,-0.47,4.21
2010-12-10,000935,9.29,9.7,9.76,9.24,46821,53610392.0,5.5,2.65,0.25,3.39
2010-12-13,000935,9.67,10.03,10.18,9.65,68776,81670352.0,5.46,3.4,0.33,4.99
2010-12-14,000935,10.04,10.78,11.01,9.81,122601,150949920.0,11.96,7.48,0.75,8.89
2010-12-15,000935,10.55,10.3,10.66,10.27,80927,99918776.0,3.62,-4.45,-0.48,5.87
2010-12-16,000935,10.22,10.2,10.55,10.18,52095,63872316.0,3.59,-0.97,-0.1,3.78
2010-12-17,000935,10.24,10.25,10.51,10.2,37685,46226292.0,3.04,0.49,0.05,2.73
2010-12-20,000935,10.33,9.8,10.46,9.6,65030,76758792.0,8.39,-4.39,-0.45,4.71
2010-12-21,000935,9.89,9.96,10.0,9.75,39241,46362068.0,2.55,1.63,0.16,2.84
2010-12-22,000935,9.96,9.76,10.0,9.73,34545,40647096.0,2.71,-2.01,-0.2,2.5
2010-12-23,000935,9.82,9.54,9.88,9.44,29801,34413240.0,4.51,-2.25,-0.22,2.16
2010-12-24,000935,9.54,9.71,9.74,9.26,31744,36062696.0,5.03,1.78,0.17,2.3
2010-12-27,000935,9.66,9.34,10.02,9.34,43123,50168092.0,7.0,-3.81,-0.37,3.13
2010-12-28,000935,9.17,8.73,9.34,8.7,41812,45190864.0,6.85,-6.53,-0.61,3.03
2010-12-29,000935,8.74,8.68,8.94,8.5,55313,57540676.0,5.04,-0.57,-0.05,4.01
2010-12-30,000935,8.55,8.52,8.67,8.45,30318,31452198.0,2.53,-1.84,-0.16,2.2
2010-12-31,000935,8.53,8.68,8.71,8.5,30520,31822882.0,2.46,1.88,0.16,2.21
2011-01-04,000935,8.69,8.93,8.94,8.69,39561,42146744.0,2.88,2.88,0.25,2.87
2011-01-05,000935,8.9,9.06,9.25,8.79,45819,49686048.0,5.15,1.46,0.13,3.32
2011-01-06,000935,8.96,8.79,8.96,8.7,50382,53456048.0,2.87,-2.98,-0.27,3.65
2011-01-07,000935,8.78,8.63,8.91,8.6,38115,40247348.0,3.53,-1.82,-0.16,2.76
2011-01-10,000935,8.58,8.16,8.61,8.16,42697,43381892.0,5.21,-5.45,-0.47,3.1
2011-01-11,000935,8.03,8.24,8.3,8.03,21337,21289808.0,3.31,0.98,0.08,1.55
2011-01-12,000935,8.24,8.39,8.39,8.15,18893,18999194.0,2.91,1.82,0.15,1.37
2011-01-13,000935,8.41,8.34,8.42,8.26,17279,17467356.0,1.91,-0.6,-0.05,1.25
2011-01-14,000935,8.32,8.08,8.35,8.05,15763,15640851.0,3.6,-3.12,-0.26,1.14
2011-01-17,000935,8.09,7.47,8.19,7.45,21245,20112130.0,9.16,-7.55,-0.61,1.54
2011-01-18,000935,7.32,7.53,7.65,7.32,13250,12258648.0,4.42,0.8,0.06,0.96
2011-01-19,000935,7.54,7.65,7.75,7.47,14057,13125853.0,3.72,1.59,0.12,1.02
2011-01-20,000935,7.62,7.33,7.73,7.33,20136,18661714.0,5.23,-4.18,-0.32,1.46
2011-01-24,000935,7.37,7.36,7.52,7.29,17121,15588001.0,3.14,0.41,0.03,1.24
2011-01-25,000935,7.32,7.44,7.47,7.32,11125,10153368.0,2.04,1.09,0.08,0.81
2011-01-26,000935,7.38,7.56,7.62,7.38,10945,10131508.0,3.23,1.61,0.12,0.79
2011-01-27,000935,7.48,7.65,7.77,7.46,15887,14943748.0,4.1,1.19,0.09,1.15
2011-01-28,000935,7.65,7.74,7.8,7.65,16411,15492384.0,1.96,1.18,0.09,1.19
2011-01-31,000935,7.74,8.62,8.62,7.74,31665,32695320.0,11.37,11.37,0.88,2.3
2011-02-01,000935,9.06,8.97,9.41,8.76,89251,97199584.0,7.54,4.06,0.35,6.47
2011-02-09,000935,8.77,8.69,8.78,8.53,48322,50538636.0,2.79,-3.12,-0.28,3.5
2011-02-10,000935,8.65,8.88,8.96,8.57,41242,43568980.0,4.49,2.19,0.19,2.99
2011-02-11,000935,8.81,8.94,9.2,8.8,63314,68617944.0,4.5,0.68,0.06,4.59
2011-02-14,000935,8.87,9.45,9.6,8.85,102808,115722800.0,8.39,5.7,0.51,7.45
2011-02-15,000935,9.49,9.31,9.96,9.31,119736,138418048.0,6.88,-1.48,-0.14,8.68
2011-02-16,000935,9.25,9.67,9.8,9.15,82997,93725584.0,6.98,3.87,0.36,6.02
2011-02-17,000935,9.62,9.42,9.62,9.29,53494,60299504.0,3.41,-2.59,-0.25,3.88
2011-02-18,000935,9.42,9.71,10.02,9.25,102844,119335560.0,8.17,3.08,0.29,7.46
2011-02-21,000935,9.62,9.72,9.86,9.5,59552,68693384.0,3.71,0.1,0.01,4.32
2011-02-22,000935,9.74,9.62,10.32,9.54,138552,164003824.0,8.02,-1.03,-0.1,10.04
2011-02-23,000935,9.49,9.44,9.69,9.35,46739,52959940.0,3.53,-1.87,-0.18,3.39
2011-02-24,000935,9.48,9.37,9.6,9.25,45627,51243576.0,3.71,-0.74,-0.07,3.31
2011-02-25,000935,9.4,9.8,9.86,9.18,71458,81498200.0,7.26,4.59,0.43,5.18
2011-02-28,000935,9.76,10.02,10.09,9.64,116287,137551392.0,4.59,2.24,0.22,8.43
2011-03-01,000935,9.99,10.65,10.81,9.82,213299,263197552.0,9.88,6.29,0.63,15.46
2011-03-02,000935,10.47,10.54,10.76,10.27,117447,146292320.0,4.6,-1.03,-0.11,8.51
2011-03-03,000935,10.72,10.91,11.21,10.48,241788,310265760.0,6.93,3.51,0.37,17.53
2011-03-04,000935,10.83,11.13,11.29,10.65,166181,216602656.0,5.87,2.02,0.22,12.05
2011-03-07,000935,11.14,10.94,11.72,10.88,204631,271121312.0,7.55,-1.71,-0.19,14.83
2011-03-08,000935,10.93,11.3,11.49,10.56,196280,256523616.0,8.5,3.29,0.36,14.23
2011-03-09,000935,11.21,11.11,11.44,10.94,90875,119439312.0,4.42,-1.68,-0.19,6.59
2011-03-10,000935,11.16,10.98,11.35,10.93,71204,93018240.0,3.78,-1.17,-0.13,5.16
2011-03-11,000935,10.88,10.91,11.13,10.83,60531,78451784.0,2.73,-0.64,-0.07,4.39
2011-03-14,000935,10.83,11.22,11.35,10.8,78782,103631624.0,5.04,2.84,0.31,5.71
2011-03-15,000935,11.13,10.7,11.21,10.38,68939,87579160.0,7.4,-4.63,-0.52,5.0
2011-03-16,000935,10.76,11.27,11.35,10.57,104675,136429888.0,7.29,5.33,0.57,7.59
2011-03-17,000935,11.16,11.09,11.67,10.91,114852,152978048.0,6.74,-1.6,-0.18,8.33
2011-03-18,000935,11.21,11.6,11.65,11.16,117865,158600560.0,4.42,4.6,0.51,8.54
2011-03-21,000935,11.61,11.82,12.08,11.36,159116,221020800.0,6.21,1.9,0.22,11.53
2011-03-22,000935,11.82,11.93,12.06,11.54,113911,158545392.0,4.4,0.93,0.11,8.26
2011-03-23,000935,11.9,12.31,12.84,11.73,156997,226439584.0,9.3,3.19,0.38,11.38
2011-03-24,000935,12.29,12.35,12.54,12.04,101144,145266880.0,4.06,0.32,0.04,7.33
2011-03-25,000935,12.28,12.64,13.11,12.17,141826,210069920.0,7.61,2.35,0.29,10.28
2011-03-28,000935,12.59,12.14,12.76,11.97,93884,135624640.0,6.25,-3.96,-0.5,6.81
2011-03-29,000935,12.04,12.1,12.29,11.84,68505,96515384.0,3.71,-0.33,-0.04,4.97
2011-03-30,000935,12.1,11.94,12.33,11.67,60528,85459128.0,5.45,-1.32,-0.16,4.39
2011-03-31,000935,11.94,11.17,12.04,11.08,68403,92102808.0,8.04,-6.45,-0.77,4.96
2011-04-01,000935,11.17,11.38,11.57,11.02,40515,53589924.0,4.92,1.88,0.21,2.94
2011-04-06,000935,11.35,11.29,11.54,11.12,34771,46431536.0,3.69,-0.79,-0.09,2.52
2011-04-07,000935,11.35,12.33,12.33,11.35,107927,150977776.0,8.68,9.21,1.04,7.82
2011-04-08,000935,12.23,12.05,12.23,12.02,63493,89792000.0,1.7,-2.27,-0.28,4.6
2011-04-11,000935,12.1,11.74,12.24,11.69,51499,71779104.0,4.56,-2.57,-0.31,3.73
2011-04-12,000935,11.94,11.98,12.32,11.84,78526,111117752.0,4.09,2.04,0.24,5.69
2011-04-13,000935,12.12,11.94,12.14,11.58,45628,63306212.0,4.67,-0.33,-0.04,3.31
2011-04-14,000935,11.9,11.91,12.13,11.62,53934,74792840.0,4.27,-0.25,-0.03,3.91
2011-04-15,000935,12.07,11.75,12.07,11.5,38249,52621396.0,4.79,-1.34,-0.16,2.77
2011-04-18,000935,11.6,11.43,11.77,11.39,40111,54493000.0,3.23,-2.72,-0.32,2.91
2011-04-19,000935,11.21,10.36,11.21,10.18,116532,145247920.0,9.01,-9.36,-1.07,8.45
2011-04-20,000935,10.39,10.42,10.52,10.27,49238,60792832.0,2.41,0.58,0.06,3.57
2011-04-21,000935,10.46,10.63,10.79,10.42,45807,57682068.0,3.55,2.02,0.21,3.32
2011-04-22,000935,10.68,10.29,10.68,10.15,52040,63923720.0,4.99,-3.2,-0.34,3.77
2011-04-25,000935,10.29,9.71,10.29,9.62,44793,52259232.0,6.51,-5.64,-0.58,3.25
2011-04-26,000935,9.7,9.54,9.71,9.37,26666,30365768.0,3.5,-1.75,-0.17,1.93
2011-04-27,000935,9.62,9.76,9.97,9.62,40739,47685424.0,3.67,2.31,0.22,2.95
2011-04-28,000935,9.82,9.65,9.9,9.57,28189,32671416.0,3.38,-1.13,-0.11,2.04
2011-04-29,000935,9.71,9.95,9.98,9.62,26299,30936574.0,3.73,3.11,0.3,1.91
2011-05-03,000935,9.95,10.21,10.23,9.79,37190,44498460.0,4.42,2.61,0.26,2.7
2011-05-04,000935,10.21,9.81,10.21,9.76,40750,48487408.0,4.41,-3.92,-0.4,2.95
2011-05-05,000935,9.71,9.44,9.79,9.27,37065,42078548.0,5.3,-3.77,-0.37,2.69
2011-05-06,000935,9.39,9.36,9.43,9.13,39594,44073816.0,3.18,-0.85,-0.08,2.87
2011-05-09,000935,9.39,9.95,9.95,9.36,82363,95815944.0,6.3,6.3,0.59,5.97
2011-05-10,000935,9.9,10.4,10.4,9.81,97068,117781000.0,5.93,4.52,0.45,7.04
2011-05-11,000935,10.4,10.27,10.51,10.21,83020,101941976.0,2.88,-1.25,-0.13,6.02
2011-05-12,000935,10.14,10.09,10.41,10.09,57652,70339976.0,3.12,-1.75,-0.18,4.18
2011-05-13,000935,10.06,10.0,10.25,9.69,64001,75994072.0,5.55,-0.89,-0.09,4.64
2011-05-16,000935,10.0,9.89,10.17,9.79,36001,42887232.0,3.8,-1.1,-0.11,2.61
2011-05-17,000935,9.9,9.93,10.03,9.71,30472,35949016.0,3.24,0.4,0.04,2.21
2011-05-18,000935,9.92,11.03,11.03,9.87,203666,257628656.0,11.68,11.08,1.1,14.76
2011-05-19,000935,11.02,10.55,11.07,10.47,168709,214278336.0,5.44,-4.35,-0.48,12.23
2011-05-20,000935,10.46,10.64,10.96,10.35,113557,142849408.0,5.78,0.85,0.09,8.23
2011-05-23,000935,10.48,10.99,11.11,10.18,131101,165557216.0,8.74,3.29,0.35,9.5
2011-05-24,000935,10.65,10.67,10.87,10.29,88794,111958176.0,5.28,-2.91,-0.32,6.44
2011-05-25,000935,10.68,11.07,11.45,10.53,203734,266937200.0,8.62,3.75,0.4,14.77
2011-05-26,000935,11.13,11.29,11.94,10.89,217727,293729952.0,9.49,1.99,0.22,15.78
2011-05-27,000935,11.16,10.51,11.65,10.32,146348,188761232.0,11.78,-6.91,-0.78,10.61
2011-05-30,000935,10.21,9.36,10.25,9.35,103259,119861800.0,8.56,-10.94,-1.15,7.49
2011-05-31,000935,9.41,9.73,9.79,9.35,73656,84528784.0,4.7,3.95,0.37,5.34
2011-06-01,000935,9.53,9.9,9.99,9.43,68491,79834024.0,5.76,1.75,0.17,4.96
2011-06-02,000935,9.67,9.6,9.89,9.43,57502,66117180.0,4.65,-3.03,-0.3,4.17
2011-06-03,000935,9.53,9.71,9.85,9.53,39803,46320040.0,3.33,1.15,0.11,2.89
2011-06-07,000935,9.82,10.06,10.07,9.81,64865,77026960.0,2.68,3.6,0.35,4.7
2011-06-08,000935,9.97,10.48,10.62,9.77,102816,125674008.0,8.45,4.17,0.42,7.45
2011-06-09,000935,10.29,10.13,10.62,10.1,79009,97115504.0,4.96,-3.34,-0.35,5.73
2011-06-10,000935,10.2,10.22,10.46,9.74,63110,75936080.0,7.11,0.89,0.09,4.57
2011-06-13,000935,10.09,10.1,10.18,9.89,29006,34668400.0,2.84,-1.17,-0.12,2.1
2011-06-14,000935,10.1,10.91,11.09,10.1,120213,151940096.0,9.8,8.02,0.81,8.71
2011-06-15,000935,10.72,10.51,10.92,10.51,76359,96537712.0,3.76,-3.67,-0.4,5.54
2011-06-16,000935,10.38,10.37,10.75,10.3,74065,92355496.0,4.28,-1.33,-0.14,5.37
2011-06-17,000935,10.31,10.34,10.65,10.25,50552,62628064.0,3.86,-0.29,-0.03,3.66
2011-06-20,000935,10.27,9.81,10.39,9.79,47474,56650388.0,5.8,-5.13,-0.53,3.44
2011-06-21,000935,9.88,10.11,10.49,9.88,55451,67121672.0,6.22,3.06,0.3,4.02
2011-06-23,000935,10.13,11.23,11.23,10.13,193820,250974880.0,10.88,11.08,1.12,14.05
2011-07-01,000935,12.46,12.18,12.46,11.9,488321,702800000.0,4.99,8.46,0.95,35.4
2011-07-04,000935,12.13,12.17,12.22,11.66,361921,507800096.0,4.6,-0.08,-0.01,26.24
2011-07-05,000935,11.98,12.03,12.18,11.8,224900,316495456.0,3.12,-1.15,-0.14,16.3
2011-07-06,000935,11.92,11.99,12.32,11.81,172395,242697824.0,4.24,-0.33,-0.04,12.5
2011-07-07,000935,11.9,11.55,11.95,11.5,166153,227823632.0,3.75,-3.67,-0.44,12.04
2011-07-08,000935,11.55,11.63,11.7,11.45,84823,115549576.0,2.16,0.69,0.08,6.15
2011-07-11,000935,11.7,11.56,11.93,11.55,113714,156803152.0,3.27,-0.6,-0.07,8.24
2011-07-12,000935,11.36,11.63,11.77,11.26,116814,158088544.0,4.41,0.61,0.07,8.47
2011-07-13,000935,11.54,11.89,11.89,11.48,118270,162691888.0,3.53,2.24,0.26,8.57
2011-07-14,000935,11.89,12.03,12.14,11.76,167810,234916320.0,3.2,1.18,0.14,12.16
2011-07-15,000935,11.96,11.98,12.79,11.67,272426,388621696.0,9.31,-0.42,-0.05,19.75
2011-07-18,000935,11.77,11.5,11.77,11.49,150488,204941312.0,2.34,-4.01,-0.48,10.91
2011-07-19,000935,11.46,11.27,11.51,11.25,77137,102969456.0,2.26,-2.0,-0.23,5.59
2011-07-20,000935,11.44,11.42,11.53,11.24,56584,75838624.0,2.57,1.33,0.15,4.1
2011-07-21,000935,11.42,11.29,11.49,11.26,52071,69607408.0,2.01,-1.14,-0.13,3.77
2011-07-22,000935,11.35,11.59,11.72,11.3,98549,133782512.0,3.72,2.66,0.3,7.14
2011-07-25,000935,11.5,11.0,11.75,10.82,97369,130238864.0,8.02,-5.09,-0.59,7.06
2011-07-26,000935,10.88,10.92,11.04,10.76,43405,55716908.0,2.55,-0.73,-0.08,3.15
2011-07-27,000935,10.92,11.1,11.17,10.76,49245,64200052.0,3.75,1.65,0.18,3.57
2011-07-28,000935,11.01,10.6,11.02,10.49,73166,92276544.0,4.77,-4.5,-0.5,5.3
2011-07-29,000935,10.64,10.25,10.71,10.24,47485,59091772.0,4.43,-3.3,-0.35,3.44
2011-08-01,000935,10.12,10.33,10.45,10.12,28158,34547800.0,3.22,0.78,0.08,2.04
2011-08-02,000935,10.35,10.37,10.46,10.15,37017,45339244.0,3.0,0.39,0.04,2.68
2011-08-03,000935,10.23,10.51,10.52,10.2,45836,56298276.0,3.09,1.35,0.14,3.32
2011-08-04,000935,10.47,10.61,10.8,10.47,57949,72896408.0,3.14,0.95,0.1,4.2
2011-08-05,000935,10.09,10.22,10.49,10.05,47020,57379960.0,4.15,-3.68,-0.39,3.41
2011-08-08,000935,10.1,9.17,10.16,9.13,65665,75077792.0,10.08,-10.27,-1.05,4.76
2011-08-09,000935,8.73,9.06,9.37,8.27,78521,82897896.0,12.0,-1.2,-0.11,5.69
2011-08-10,000935,9.28,9.16,9.54,9.15,57963,64947132.0,4.3,1.1,0.1,4.2
2011-08-11,000935,8.79,9.23,9.24,8.78,45871,50180160.0,5.02,0.76,0.07,3.33
2011-08-12,000935,9.38,9.21,9.42,9.21,41893,46783376.0,2.28,-0.22,-0.02,3.04
2011-08-15,000935,9.26,9.41,9.41,9.21,33490,37488016.0,2.17,2.17,0.2,2.43
2011-08-16,000935,9.43,10.46,10.46,9.41,247074,302764736.0,11.16,11.16,1.05,17.91
2011-08-17,000935,10.23,10.28,10.37,10.14,128950,157135296.0,2.2,-1.72,-0.18,9.35
2011-08-18,000935,10.2,9.87,10.28,9.85,75308,89797880.0,4.18,-3.99,-0.41,5.46
2011-08-19,000935,9.55,9.6,9.69,9.35,58431,66546980.0,3.44,-2.74,-0.27,4.24
2011-08-22,000935,9.62,9.52,9.87,9.49,46582,53750876.0,3.96,-0.83,-0.08,3.38
2011-08-23,000935,9.64,9.74,9.77,9.38,61022,70034456.0,4.1,2.31,0.22,4.42
2011-08-24,000935,9.71,9.55,9.9,9.54,51011,59215800.0,3.7,-1.95,-0.19,3.7
2011-08-25,000935,9.58,9.88,9.89,9.55,55588,64760364.0,3.56,3.46,0.33,4.03
2011-08-26,000935,9.85,9.84,10.07,9.72,55881,65869024.0,3.54,-0.4,-0.04,4.05
2011-08-29,000935,9.73,9.47,9.75,9.43,48246,55132520.0,3.25,-3.76,-0.37,3.5
2011-08-30,000935,9.57,9.35,9.64,9.34,30045,34076584.0,3.17,-1.27,-0.12,2.18
2011-08-31,000935,9.3,9.43,9.6,9.27,34225,38693476.0,3.53,0.86,0.08,2.48
2011-09-01,000935,9.45,9.28,9.5,9.23,27726,31116534.0,2.86,-1.59,-0.15,2.01
2011-09-02,000935,9.29,9.05,9.29,8.99,27462,29989050.0,3.23,-2.48,-0.23,1.99
2011-09-05,000935,8.91,8.44,8.91,8.41,36547,38025560.0,5.52,-6.74,-0.61,2.65
2011-09-06,000935,8.31,8.46,8.5,8.29,19172,19579448.0,2.49,0.24,0.02,1.39
2011-09-07,000935,8.53,8.72,8.72,8.51,24120,25192928.0,2.48,3.07,0.26,1.75
2011-09-08,000935,8.79,8.5,8.81,8.45,23437,24462276.0,4.13,-2.52,-0.22,1.7
2011-09-09,000935,8.46,8.41,8.66,8.37,13442,13824970.0,3.41,-1.06,-0.09,0.97
2011-09-13,000935,8.27,8.58,8.73,8.06,58765,60161344.0,7.97,2.02,0.17,4.26
2011-09-14,000935,8.42,8.46,8.51,8.17,34318,34835796.0,3.96,-1.4,-0.12,2.49
2011-09-15,000935,8.47,8.36,8.62,8.36,24404,25166976.0,3.07,-1.18,-0.1,1.77
2011-09-16,000935,8.45,8.36,8.5,8.34,17867,18200694.0,1.91,0.0,0.0,1.3
2011-09-19,000935,8.37,8.23,8.41,8.16,18665,18750106.0,2.99,-1.56,-0.13,1.35
2011-09-20,000935,8.17,8.35,8.5,8.17,29093,29589530.0,4.01,1.46,0.12,2.11
2011-09-21,000935,8.42,8.63,8.76,8.29,46516,48318864.0,5.63,3.35,0.28,3.37
2011-09-22,000935,8.55,8.29,8.58,8.27,32773,33595168.0,3.59,-3.94,-0.34,2.38
2011-09-23,000935,8.03,8.3,8.38,8.0,25562,25600182.0,4.58,0.12,0.01,1.85
2011-09-26,000935,8.25,8.2,8.37,8.16,17707,17782714.0,2.53,-1.2,-0.1,1.28
2011-09-27,000935,8.34,8.34,8.37,8.19,20983,21164326.0,2.2,1.71,0.14,1.52
2011-09-28,000935,8.38,8.18,8.44,8.15,23741,23969490.0,3.48,-1.92,-0.16,1.72
2011-09-29,000935,8.11,7.53,8.12,7.46,22972,21968206.0,8.07,-7.95,-0.65,1.67
2011-09-30,000935,7.65,7.43,7.65,7.31,15550,14274996.0,4.52,-1.33,-0.1,1.13
2011-10-10,000935,7.38,7.42,7.55,7.38,11230,10317611.0,2.29,-0.13,-0.01,0.81
2011-10-11,000935,7.65,7.54,7.85,7.44,20635,19361872.0,5.53,1.62,0.12,1.5
2011-10-12,000935,7.55,7.86,7.89,7.43,32049,30509706.0,6.1,4.24,0.32,2.32
2011-10-13,000935,7.83,8.02,8.15,7.78,35545,34897456.0,4.71,2.04,0.16,2.58
2011-10-14,000935,7.96,8.01,8.09,7.88,17389,16921618.0,2.62,-0.12,-0.01,1.26
2011-10-17,000935,8.01,8.04,8.19,7.94,23630,23248208.0,3.12,0.37,0.03,1.71
2011-10-18,000935,7.93,7.55,7.93,7.54,21346,20229452.0,4.85,-6.09,-0.49,1.55
2011-10-19,000935,7.58,7.5,7.69,7.48,10253,9536920.0,2.78,-0.66,-0.05,0.74
2011-10-20,000935,7.46,7.27,7.52,7.23,17848,16110275.0,3.87,-3.07,-0.23,1.29
2011-10-21,000935,7.29,7.28,7.38,7.21,9096,8194847.0,2.34,0.14,0.01,0.66
2011-10-24,000935,7.38,7.54,7.61,7.34,26600,24524616.0,3.71,3.57,0.26,1.93
2011-10-25,000935,7.57,7.71,7.77,7.47,31216,29289710.0,3.98,2.25,0.17,2.26
2011-10-26,000935,7.65,7.89,8.37,7.59,68739,67035552.0,10.12,2.33,0.18,4.98
2011-10-27,000935,7.86,7.8,8.02,7.76,31814,30622438.0,3.3,-1.14,-0.09,2.31
2011-10-28,000935,7.88,7.96,8.06,7.83,36561,35414956.0,2.95,2.05,0.16,2.65
2011-10-31,000935,7.92,7.95,8.02,7.86,23471,22719676.0,2.01,-0.13,-0.01,1.7
2011-11-01,000935,7.85,7.89,7.98,7.75,26964,26000594.0,2.89,-0.75,-0.06,1.95
2011-11-02,000935,7.75,7.91,7.92,7.59,35953,34165124.0,4.18,0.25,0.02,2.61
2011-11-03,000935,7.94,8.33,8.52,7.92,100442,100418080.0,7.59,5.31,0.42,7.28
2011-11-04,000935,8.32,8.4,8.48,8.17,62186,62791940.0,3.72,0.84,0.07,4.51
2011-11-07,000935,8.3,8.19,8.36,8.17,28892,28960812.0,2.26,-2.5,-0.21,2.09
2011-11-08,000935,8.16,8.03,8.28,8.02,23936,23720798.0,3.17,-1.95,-0.16,1.74
2011-11-09,000935,8.04,8.12,8.13,7.92,34085,33327052.0,2.62,1.12,0.09,2.47
2011-11-10,000935,8.02,7.98,8.1,7.94,26533,25917326.0,1.97,-1.72,-0.14,1.92
2011-11-11,000935,8.01,8.18,8.31,7.92,35779,35377300.0,4.89,2.51,0.2,2.59
2011-11-14,000935,8.22,8.39,8.39,8.17,55520,55941396.0,2.69,2.57,0.21,4.02
2011-11-15,000935,8.31,8.22,8.31,8.15,76452,76633000.0,1.91,-2.03,-0.17,5.54
2011-11-16,000935,8.18,8.62,8.96,7.97,179507,184670800.0,12.04,4.87,0.4,13.01
2011-11-17,000935,8.41,8.29,8.69,8.22,119164,121839744.0,5.45,-3.83,-0.33,8.64
2011-11-18,000935,8.13,7.74,8.2,7.69,59301,57440844.0,6.15,-6.63,-0.55,4.3
2011-11-21,000935,7.88,7.65,8.07,7.49,36219,33996564.0,7.49,-1.16,-0.09,2.63
2011-11-22,000935,7.61,7.58,7.64,7.47,24466,22703400.0,2.22,-0.92,-0.07,1.77
2011-11-23,000935,7.61,7.48,7.61,7.46,23286,21547836.0,1.98,-1.32,-0.1,1.69
2011-11-24,000935,7.37,7.44,7.52,7.33,15931,14580534.0,2.54,-0.53,-0.04,1.15
2011-11-25,000935,7.58,7.58,7.75,7.53,47029,44021168.0,2.96,1.88,0.14,3.41
2011-11-28,000935,7.74,7.64,7.82,7.6,38010,35910520.0,2.9,0.79,0.06,2.76
2011-11-29,000935,7.67,7.69,7.77,7.54,27225,25521358.0,3.01,0.65,0.05,1.97
2011-11-30,000935,7.7,7.39,7.77,7.33,42577,39727092.0,5.72,-3.9,-0.3,3.09
2011-12-01,000935,7.52,7.47,7.71,7.47,35857,33431438.0,3.25,1.08,0.08,2.6
2011-12-02,000935,7.38,7.1,7.46,6.91,35030,31091974.0,7.36,-4.95,-0.37,2.54
2011-12-05,000935,6.97,6.78,7.16,6.73,24197,20678216.0,6.06,-4.51,-0.32,1.75
2011-12-06,000935,6.78,6.64,6.82,6.64,16404,13768170.0,2.65,-2.06,-0.14,1.19
2011-12-07,000935,6.7,6.59,6.73,6.59,13442,11193161.0,2.11,-0.75,-0.05,0.97
2011-12-08,000935,6.59,6.61,6.66,6.37,17099,14062465.0,4.4,0.3,0.02,1.24
2011-12-09,000935,6.5,6.46,6.61,6.4,9856,8052115.0,3.18,-2.27,-0.15,0.71
2011-12-12,000935,6.63,6.44,6.63,6.42,10279,8370113.5,3.25,-0.31,-0.02,0.75
2011-12-13,000935,6.48,5.8,6.48,5.72,27952,21293830.0,11.8,-9.94,-0.64,2.03
2011-12-14,000935,5.82,5.48,5.83,5.45,20130,14551542.0,6.55,-5.52,-0.32,1.46
2011-12-15,000935,5.47,5.08,5.47,5.07,24047,16339877.0,7.3,-7.3,-0.4,1.74
2011-12-16,000935,5.04,5.25,5.26,5.04,21422,14351721.0,4.33,3.35,0.17,1.55
2011-12-19,000935,5.24,5.2,5.24,5.04,18329,12264227.0,3.81,-0.95,-0.05,1.33
2011-12-20,000935,5.21,5.34,5.59,5.19,40537,28386660.0,7.69,2.69,0.14,2.94
2011-12-21,000935,5.41,5.03,5.45,4.98,20315,13997420.0,8.8,-5.81,-0.31,1.47
2011-12-22,000935,4.95,4.94,5.03,4.68,20594,13153393.0,6.96,-1.79,-0.09,1.49
2011-12-23,000935,4.93,5.54,5.54,4.87,46835,32962570.0,13.56,12.15,0.6,3.4
2011-12-26,000935,5.89,6.21,6.21,5.82,95328,73508888.0,7.04,12.09,0.67,6.91
2011-12-27,000935,6.43,6.06,6.43,5.89,146189,112072560.0,8.7,-2.42,-0.15,10.6
2011-12-28,000935,5.92,6.66,6.7,5.92,220407,175944464.0,12.87,9.9,0.6,15.98
2011-12-29,000935,6.4,6.44,6.52,6.31,117910,95107712.0,3.15,-3.3,-0.22,8.55
2011-12-30,000935,6.58,6.48,6.73,6.27,107134,87122856.0,7.14,0.62,0.04,7.77
2012-01-04,000935,6.48,6.27,6.5,6.24,72624,58048060.0,4.01,-3.24,-0.21,5.26
2012-01-05,000935,6.12,6.07,6.38,6.0,86877,68095360.0,6.06,-3.19,-0.2,6.3
2012-01-06,000935,5.94,6.45,6.45,5.9,95222,74618160.0,9.06,6.26,0.38,6.9
2012-01-10,000935,6.87,7.2,7.2,6.73,214019,187504320.0,7.29,11.63,0.75,15.51
2012-01-11,000935,7.13,7.0,7.19,6.91,139446,121759896.0,3.89,-2.78,-0.2,10.11
2012-01-12,000935,6.95,7.18,7.42,6.86,140207,123753352.0,8.0,2.57,0.18,10.16
2012-01-13,000935,7.09,6.54,7.23,6.54,103639,88708024.0,9.61,-8.91,-0.64,7.51
2012-01-16,000935,6.47,6.43,6.73,6.28,56475,46494204.0,6.88,-1.68,-0.11,4.09
2012-01-17,000935,6.36,6.91,7.06,6.36,84289,70970016.0,10.89,7.47,0.48,6.11
2012-01-18,000935,6.83,7.16,7.7,6.8,156101,139364896.0,13.02,3.62,0.25,11.32
2012-01-19,000935,7.03,7.06,7.24,6.86,76617,66981072.0,5.31,-1.4,-0.1,5.55
2012-01-20,000935,7.11,7.13,7.33,6.96,69501,61718404.0,5.24,0.99,0.07,5.04
2012-01-30,000935,7.11,6.88,7.12,6.87,47773,41351008.0,3.51,-3.51,-0.25,3.46
2012-01-31,000935,6.88,7.01,7.01,6.74,35344,30359532.0,3.92,1.89,0.13,2.56
2012-02-01,000935,7.05,6.56,7.05,6.52,49448,41826772.0,7.56,-6.42,-0.45,3.58
2012-02-02,000935,6.49,6.77,6.78,6.48,53719,44354208.0,4.57,3.2,0.21,3.89
2012-02-03,000935,6.73,6.78,6.93,6.59,58569,49320352.0,5.02,0.15,0.01,4.25
2012-02-06,000935,6.79,7.1,7.23,6.74,97422,85117664.0,7.23,4.72,0.32,7.06
2012-02-07,000935,7.01,6.81,7.01,6.69,53096,45189664.0,4.51,-4.08,-0.29,3.85
2012-02-08,000935,6.86,7.1,7.11,6.75,67134,58094244.0,5.29,4.26,0.29,4.87
2012-02-09,000935,7.09,7.05,7.46,7.03,103218,92398392.0,6.06,-0.7,-0.05,7.48
2012-02-10,000935,6.91,7.33,7.84,6.91,140752,128840448.0,13.19,3.97,0.28,10.2
2012-02-13,000935,7.19,7.31,7.35,7.01,88834,79161976.0,4.64,-0.27,-0.02,6.44
2012-02-14,000935,7.2,7.5,7.57,7.11,80988,72894632.0,6.29,2.6,0.19,5.87
2012-02-15,000935,7.42,7.54,7.59,7.33,93320,85954224.0,3.47,0.53,0.04,6.76
2012-02-16,000935,7.51,7.36,7.63,7.26,67612,61978668.0,4.91,-2.39,-0.18,4.9
2012-02-17,000935,7.4,7.33,7.46,7.2,40426,36438520.0,3.53,-0.41,-0.03,2.93
2012-02-20,000935,7.47,7.39,7.58,7.38,74441,68696920.0,2.73,0.82,0.06,5.4
2012-02-21,000935,7.53,7.64,7.89,7.48,122396,115064768.0,5.55,3.38,0.25,8.87
2012-02-22,000935,7.54,7.73,7.74,7.52,95786,89731648.0,2.88,1.18,0.09,6.94
2012-02-23,000935,7.69,7.65,7.8,7.57,64403,60506952.0,2.98,-1.03,-0.08,4.67
2012-02-24,000935,7.68,7.96,8.4,7.57,170465,165892160.0,10.85,4.05,0.31,12.36
2012-02-27,000935,7.89,7.87,8.17,7.87,129192,126162680.0,3.77,-1.13,-0.09,9.37
2012-02-28,000935,7.88,7.88,7.98,7.68,72297,69212840.0,3.81,0.13,0.01,5.24
2012-02-29,000935,7.86,7.55,7.86,7.53,57631,54455736.0,4.19,-4.19,-0.33,4.18
2012-03-01,000935,7.55,7.57,7.67,7.47,33497,31178032.0,2.65,0.26,0.02,2.43
2012-03-02,000935,7.59,7.83,7.87,7.59,47415,45029476.0,3.7,3.43,0.26,3.44
2012-03-05,000935,7.83,7.75,8.08,7.74,49847,48047216.0,4.34,-1.02,-0.08,3.61
2012-03-06,000935,7.72,7.57,7.74,7.55,42453,39613288.0,2.45,-2.32,-0.18,3.08
2012-03-07,000935,7.47,7.5,7.68,7.4,33258,30791684.0,3.7,-0.92,-0.07,2.41
2012-03-08,000935,7.5,7.53,7.64,7.5,33198,30883116.0,1.87,0.4,0.03,2.41
2012-03-09,000935,7.63,7.6,7.65,7.48,41770,38769396.0,2.26,0.93,0.07,3.03
2012-03-12,000935,7.61,7.57,7.63,7.48,43318,40249204.0,1.97,-0.39,-0.03,3.14
2012-03-13,000935,7.57,7.89,7.89,7.52,79270,75218184.0,4.89,4.23,0.32,5.75
2012-03-14,000935,7.88,7.13,7.91,7.09,89772,83599808.0,10.39,-9.63,-0.76,6.51
2012-03-15,000935,7.11,6.66,7.23,6.54,63138,53610400.0,9.68,-6.59,-0.47,4.58
2012-03-16,000935,6.64,6.79,6.8,6.54,40373,33846840.0,3.9,1.95,0.13,2.93
2012-03-19,000935,6.74,7.02,7.02,6.69,43829,37622584.0,4.86,3.39,0.23,3.18
2012-03-20,000935,7.01,6.91,7.08,6.82,30999,26721651.0,3.7,-1.57,-0.11,2.25
2012-03-21,000935,6.91,6.92,6.98,6.68,26905,23006315.0,4.34,0.14,0.01,1.95
2012-03-22,000935,6.84,6.93,7.07,6.84,29388,25455678.0,3.32,0.14,0.01,2.13
2012-03-23,000935,6.91,6.64,6.91,6.64,22274,18732669.0,3.9,-4.18,-0.29,1.61
2012-03-26,000935,6.65,6.58,6.71,6.54,13256,10966115.0,2.56,-0.9,-0.06,0.96
2012-03-27,000935,6.59,6.69,6.75,6.59,13105,10949310.0,2.43,1.67,0.11,0.95
2012-03-28,000935,6.64,6.34,6.71,6.31,20654,16794527.0,5.98,-5.23,-0.35,1.5
2012-03-29,000935,6.18,6.08,6.46,6.08,21634,17002591.0,5.99,-4.1,-0.26,1.57
2012-03-30,000935,6.13,6.15,6.23,6.06,13998,10850279.0,2.8,1.15,0.07,1.01
2012-04-05,000935,6.17,6.48,6.51,6.15,29590,23714831.0,5.85,5.37,0.33,2.14
2012-04-06,000935,6.47,6.51,6.56,6.37,21557,17519498.0,2.93,0.46,0.03,1.56
2012-04-09,000935,6.51,6.92,7.28,6.44,115773,101791463.0,12.9,6.3,0.41,8.39
2012-04-10,000935,6.78,6.86,6.89,6.34,78692,65450891.0,7.95,-0.87,-0.06,5.7
2012-04-11,000935,6.65,6.91,7.08,6.55,62097,53316622.0,7.73,0.73,0.05,4.5
2012-04-16,000935,6.36,6.77,6.91,6.22,70533,58293971.0,9.99,-2.03,-0.14,5.11
2012-04-17,000935,6.6,6.54,6.68,6.48,35687,29401273.0,2.95,-3.4,-0.23,2.59
2012-04-18,000935,6.52,6.76,6.89,6.36,62811,52117705.0,8.1,3.36,0.22,4.55
2012-04-19,000935,6.69,6.83,6.88,6.57,53932,45387255.0,4.59,1.04,0.07,3.91
2012-04-20,000935,6.82,6.78,6.86,6.66,37394,31559725.0,2.93,-0.73,-0.05,2.71
2012-04-23,000935,6.78,7.05,7.18,6.68,94400,82048029.0,7.37,3.98,0.27,6.84
2012-04-24,000935,6.88,6.92,7.08,6.4,69171,58795901.0,9.65,-1.84,-0.13,5.01
2012-04-25,000935,6.87,6.92,7.05,6.64,63687,54347291.0,5.92,0.0,0.0,4.62
2012-04-26,000935,6.96,7.03,7.18,6.85,69324,60607536.0,4.77,1.59,0.11,5.03
2012-04-27,000935,7.04,7.11,7.55,6.93,85613,76316804.0,8.82,1.14,0.08,6.21
2012-05-02,000935,7.11,7.19,7.22,6.91,64217,56497937.0,4.36,1.13,0.08,4.66
2012-05-03,000935,7.16,7.06,7.17,6.96,38207,33427198.0,2.92,-1.81,-0.13,2.77
2012-05-04,000935,7.05,7.05,7.12,7.01,32782,28760579.0,1.56,-0.14,-0.01,2.38
2012-05-07,000935,7.05,6.89,7.05,6.78,36844,31532893.0,3.83,-2.27,-0.16,2.67
2012-05-08,000935,6.91,6.83,6.92,6.78,27733,23642696.0,2.03,-0.87,-0.06,2.01
2012-05-09,000935,6.73,6.5,6.73,6.5,37407,30887592.0,3.37,-4.83,-0.33,2.71
2012-05-10,000935,6.43,6.55,6.57,6.43,15110,12351288.0,2.15,0.77,0.05,1.1
2012-05-11,000935,6.55,6.54,6.62,6.52,13207,10847970.0,1.53,-0.15,-0.01,0.96
2012-05-14,000935,6.64,6.62,6.79,6.57,24378,20381959.0,3.36,1.22,0.08,1.77
2012-05-15,000935,6.5,6.65,6.67,6.47,16362,13455406.0,3.02,0.45,0.03,1.19
2012-05-16,000935,6.66,6.43,6.68,6.43,18621,15221098.0,3.76,-3.31,-0.22,1.35
2012-05-17,000935,6.41,6.51,6.52,6.41,12636,10283918.0,1.71,1.24,0.08,0.92
2012-05-18,000935,6.5,6.25,6.51,6.17,27885,22240785.0,5.22,-3.99,-0.26,2.02
2012-05-21,000935,6.33,6.27,6.39,6.22,18294,14557607.0,2.72,0.32,0.02,1.33
2012-05-22,000935,6.26,6.56,6.72,6.26,50412,41544396.0,7.34,4.63,0.29,3.65
2012-05-23,000935,6.5,6.76,6.83,6.46,55012,45921095.0,5.64,3.05,0.2,3.99
2012-05-24,000935,6.84,6.93,7.15,6.75,99828,86931493.0,5.92,2.51,0.17,7.24
2012-05-28,000935,7.19,7.5,7.57,6.92,163540,147024766.0,9.38,8.23,0.57,11.86
2012-05-29,000935,7.61,7.37,7.74,7.34,152572,140935492.0,5.33,-1.73,-0.13,11.06
2012-05-30,000935,7.29,7.35,7.46,7.15,64162,57958691.0,4.21,-0.27,-0.02,4.65
2012-05-31,000935,7.27,7.16,7.42,7.12,48293,43037149.0,4.08,-2.59,-0.19,3.5
2012-06-01,000935,7.16,7.05,7.25,7.01,33950,29809955.0,3.35,-1.54,-0.11,2.46
2012-06-04,000935,6.91,6.92,7.05,6.76,53114,45596009.0,4.11,-1.84,-0.13,3.85
2012-06-05,000935,6.84,6.91,7.02,6.84,25694,22138763.0,2.6,-0.14,-0.01,1.86
2012-06-06,000935,6.96,6.97,7.06,6.86,34954,30359048.0,2.89,0.87,0.06,2.53
2012-06-07,000935,7.05,6.89,7.05,6.87,25206,21776726.0,2.58,-1.15,-0.08,1.83
2012-06-08,000935,6.97,6.51,7.02,6.5,31160,26228414.0,7.55,-5.52,-0.38,2.26
2012-06-11,000935,6.43,6.6,6.64,6.38,16982,13913542.0,3.99,1.38,0.09,1.23
2012-06-12,000935,6.5,6.52,6.64,6.5,13260,10897560.0,2.12,-1.21,-0.08,0.96
2012-06-13,000935,6.52,6.63,6.67,6.52,15283,12635451.0,2.3,1.69,0.11,1.11
2012-06-14,000935,6.62,6.56,6.64,6.49,17673,14556692.0,2.26,-1.06,-0.07,1.28
2012-06-18,000935,6.58,6.69,6.74,6.58,13431,11220883.0,2.44,1.98,0.13,0.97
2012-06-19,000935,6.72,6.53,6.72,6.5,13327,10981626.0,3.29,-2.39,-0.16,0.97
2012-06-20,000935,6.59,6.43,6.62,6.43,10680,8691535.0,2.91,-1.53,-0.1,0.77
2012-06-21,000935,6.5,6.4,6.67,6.26,12530,10063833.0,6.38,-0.47,-0.03,0.91
2012-06-25,000935,6.4,5.79,6.4,5.67,40577,30897155.0,11.41,-9.53,-0.61,2.94
2012-06-26,000935,5.78,5.92,5.94,5.69,15071,11213490.0,4.32,2.25,0.13,1.09
2012-06-27,000935,5.94,5.82,5.94,5.81,8433,6308862.0,2.2,-1.69,-0.1,0.61
2012-06-28,000935,5.89,5.78,5.94,5.56,15023,11119958.0,6.53,-0.69,-0.04,1.09
2012-06-29,000935,5.59,5.94,5.95,5.59,14032,10488838.0,6.23,2.77,0.16,1.02
2012-07-02,000935,5.91,5.89,5.98,5.87,13543,10222048.0,1.85,-0.84,-0.05,0.98
2012-07-03,000935,5.86,5.73,5.89,5.67,23027,16979182.0,3.74,-2.72,-0.16,1.67
2012-07-04,000935,5.78,5.7,5.78,5.65,13055,9529515.0,2.27,-0.52,-0.03,0.95
2012-07-05,000935,5.73,5.35,5.73,5.24,23273,16284511.0,8.6,-6.14,-0.35,1.69
2012-07-06,000935,5.44,5.5,5.53,5.31,19400,13565440.0,4.11,2.8,0.15,1.41
2012-07-09,000935,5.42,5.03,5.48,5.02,32460,21805562.0,8.36,-8.55,-0.47,2.35
2012-07-10,000935,4.94,4.87,5.05,4.77,23057,14799950.0,5.57,-3.18,-0.16,1.67
2012-07-11,000935,4.91,5.13,5.25,4.86,32769,21765780.0,8.01,5.34,0.26,2.38
2012-07-12,000935,5.13,5.13,5.2,4.99,24063,16037449.0,4.09,0.0,0.0,1.74
2012-07-13,000935,5.07,5.11,5.25,5.03,27670,18537099.0,4.29,-0.39,-0.02,2.01
2012-07-16,000935,5.05,4.81,5.09,4.78,23064,14957953.0,6.07,-5.87,-0.3,1.67
2012-07-17,000935,4.81,4.94,4.96,4.75,23277,14835236.0,4.37,2.7,0.13,1.69
2012-07-18,000935,4.91,4.94,4.94,4.69,22622,14403329.0,5.06,0.0,0.0,1.64
2012-07-19,000935,5.22,5.54,5.54,4.96,115906,81838161.0,11.74,12.15,0.6,8.4
2012-07-20,000935,5.52,5.24,5.52,5.24,88053,60688263.0,5.05,-5.42,-0.3,6.38
2012-07-23,000935,5.2,5.01,5.2,4.95,67625,44357106.0,4.77,-4.39,-0.23,4.9
2012-07-24,000935,5.0,5.11,5.17,4.96,52086,34654532.0,4.19,2.0,0.1,3.78
2012-07-25,000935,5.05,5.18,5.19,4.92,58541,38646453.0,5.28,1.37,0.07,4.24
2012-07-26,000935,5.15,5.39,5.52,5.15,88782,61623109.0,7.14,4.05,0.21,6.44
2012-07-27,000935,5.38,5.81,5.83,5.34,98615,70448229.0,9.09,7.79,0.42,7.15
2012-07-30,000935,5.68,5.89,6.03,5.63,73051,54430174.0,6.88,1.38,0.08,5.3
2012-07-31,000935,5.9,6.3,6.36,5.76,131140,101974641.0,10.19,6.96,0.41,9.51
2012-08-01,000935,6.32,6.3,6.54,6.15,176524,140614131.0,6.19,0.0,0.0,12.8
2012-08-02,000935,6.24,6.25,6.37,6.11,118712,93279325.0,4.13,-0.79,-0.05,8.61
2012-08-03,000935,6.24,6.4,6.5,6.08,166963,133424279.0,6.72,2.4,0.15,12.1
2012-08-06,000935,6.36,6.45,6.63,6.26,144093,116151030.0,5.78,0.78,0.05,10.45
2012-08-07,000935,6.62,6.44,6.62,6.23,114924,92307886.0,6.05,-0.16,-0.01,8.33
2012-08-08,000935,6.45,6.71,6.88,6.34,238483,198229881.0,8.39,4.19,0.27,17.29
2012-08-09,000935,6.65,6.55,6.65,6.38,190493,154466819.0,4.02,-2.38,-0.16,13.81
2012-08-10,000935,6.46,6.06,6.51,6.06,138659,108902096.0,6.87,-7.48,-0.49,10.05
2012-08-13,000935,5.98,5.81,5.98,5.77,70969,52973443.0,3.47,-4.13,-0.25,5.14
2012-08-14,000935,5.8,5.81,5.82,5.61,64400,47103440.0,3.61,0.0,0.0,4.67
2012-08-15,000935,5.75,5.71,5.86,5.68,42277,31189239.0,3.1,-1.72,-0.1,3.06
2012-08-16,000935,5.7,5.68,5.83,5.67,35527,26093509.0,2.8,-0.53,-0.03,2.58
2012-08-17,000935,5.68,5.39,5.69,5.3,55325,38802014.0,6.87,-5.11,-0.29,4.01
2012-08-20,000935,5.32,5.38,5.39,5.19,24976,17129121.0,3.71,-0.19,-0.01,1.81
2012-08-21,000935,5.33,5.46,5.5,5.33,38060,26729085.0,3.16,1.49,0.08,2.76
2012-08-22,000935,5.46,5.3,5.5,5.25,27925,19418250.0,4.58,-2.93,-0.16,2.02
2012-08-23,000935,5.41,5.36,5.41,5.27,22837,15799407.0,2.64,1.13,0.06,1.66
2012-08-24,000935,5.25,5.1,5.36,5.04,34562,23366367.0,5.97,-4.85,-0.26,2.51
2012-08-27,000935,5.07,4.91,5.1,4.87,27385,17847164.0,4.51,-3.73,-0.19,1.99
2012-08-28,000935,4.92,4.98,5.04,4.88,22387,14582316.0,3.26,1.43,0.07,1.62
2012-08-29,000935,4.96,4.89,4.98,4.84,21529,13862244.0,2.81,-1.81,-0.09,1.56
2012-08-30,000935,4.84,4.86,4.95,4.73,23807,15223794.0,4.5,-0.61,-0.03,1.73
2012-08-31,000935,4.89,5.09,5.16,4.89,37385,24765041.0,5.56,4.73,0.23,2.71
2012-09-03,000935,5.13,5.16,5.24,5.1,32907,22135199.0,2.75,1.38,0.07,2.39
2012-09-04,000935,5.16,5.04,5.2,5.01,24973,16533563.0,3.68,-2.33,-0.12,1.81
2012-09-05,000935,4.98,5.06,5.07,4.92,17880,11713658.0,2.98,0.4,0.02,1.3
2012-09-06,000935,5.11,5.25,5.3,5.09,37331,25115425.0,4.15,3.75,0.19,2.71
2012-09-07,000935,5.52,5.89,5.89,5.45,161811,118785636.0,8.38,12.19,0.64,11.73
2012-09-10,000935,5.94,6.0,6.41,5.89,186266,144851107.0,8.83,1.87,0.11,13.5
2012-09-11,000935,5.79,5.67,5.8,5.63,90773,66110996.0,2.83,-5.5,-0.33,6.58
2012-09-12,000935,5.7,5.91,5.95,5.7,77213,57193593.0,4.41,4.23,0.24,5.6
2012-09-13,000935,5.9,5.67,5.91,5.66,45307,33470802.0,4.23,-4.06,-0.24,3.28
2012-09-14,000935,5.58,5.74,5.89,5.58,52566,38703074.0,5.47,1.23,0.07,3.81
2012-09-17,000935,5.68,5.43,5.8,5.42,37738,27075604.0,6.62,-5.4,-0.31,2.74
2012-09-18,000935,5.37,5.37,5.52,5.33,24979,17470410.0,3.5,-1.1,-0.06,1.81
2012-09-19,000935,5.41,5.44,5.5,5.39,17749,12464609.0,2.05,1.3,0.07,1.29
2012-09-20,000935,5.46,5.11,5.5,5.11,35590,24330643.0,7.17,-6.07,-0.33,2.58
2012-09-21,000935,5.0,5.05,5.21,5.0,22724,15141570.0,4.11,-1.17,-0.06,1.65
2012-09-24,000935,5.01,5.67,5.67,4.86,67256,47727120.0,16.04,12.28,0.62,4.88
2012-09-25,000935,5.96,6.04,6.35,5.89,284245,222013445.0,8.11,6.53,0.37,20.6
2012-09-26,000935,5.93,6.17,6.43,5.66,261554,199653040.0,12.75,2.15,0.13,18.96
2012-09-27,000935,5.94,6.17,6.5,5.92,216387,169444349.0,9.4,0.0,0.0,15.69
2012-09-28,000935,6.14,6.08,6.36,5.95,157666,122187276.0,6.65,-1.46,-0.09,11.43
2012-10-08,000935,6.0,6.01,6.13,5.91,86272,65662487.0,3.62,-1.15,-0.07,6.25
2012-10-09,000935,6.03,6.21,6.34,5.93,135511,105621569.0,6.82,3.33,0.2,9.82
2012-10-10,000935,6.13,6.13,6.17,5.96,103385,79531437.0,3.38,-1.29,-0.08,7.49
2012-10-11,000935,6.15,6.05,6.32,5.94,110169,85450113.0,6.2,-1.31,-0.08,7.99
2012-10-12,000935,6.03,5.75,6.09,5.68,89163,66346330.0,6.78,-4.96,-0.3,6.46
2012-10-15,000935,5.61,5.65,5.7,5.53,52950,37982792.0,2.96,-1.74,-0.1,3.84
2012-10-16,000935,5.64,5.62,5.72,5.57,46911,34013727.0,2.65,-0.53,-0.03,3.4
2012-10-17,000935,5.61,5.54,5.67,5.42,51814,36857919.0,4.45,-1.42,-0.08,3.76
2012-10-18,000935,5.52,5.72,5.78,5.5,74220,53882280.0,5.05,3.25,0.18,5.38
2012-10-19,000935,5.7,5.72,5.83,5.67,59563,43812634.0,2.8,0.0,0.0,4.32
2012-10-22,000935,5.66,5.62,5.68,5.52,39321,28268294.0,2.8,-1.75,-0.1,2.85
2012-10-23,000935,5.62,5.53,5.69,5.53,37087,26698840.0,2.85,-1.6,-0.09,2.69
2012-10-24,000935,5.47,5.7,5.91,5.42,67939,49753358.0,8.86,3.07,0.17,4.92
2012-10-25,000935,5.7,5.52,5.74,5.52,44644,32145323.0,3.86,-3.16,-0.18,3.24
2012-10-26,000935,5.52,5.3,5.53,5.26,36057,25003091.0,4.89,-3.99,-0.22,2.61
2012-10-29,000935,5.3,5.38,5.39,5.14,22441,15437570.0,4.72,1.51,0.08,1.63
2012-10-30,000935,5.42,5.38,5.47,5.33,18429,12840003.0,2.6,0.0,0.0,1.34
2012-10-31,000935,5.38,5.41,5.42,5.31,17127,11892233.0,2.04,0.56,0.03,1.24
2012-11-01,000935,5.43,5.68,5.98,5.43,78701,57298311.0,10.17,4.99,0.27,5.71
2012-11-02,000935,5.62,5.66,5.7,5.59,51627,37402573.0,1.94,-0.35,-0.02,3.74
2012-11-05,000935,5.66,5.73,5.75,5.56,45723,33223701.0,3.36,1.24,0.07,3.31
2012-11-06,000935,5.67,5.55,5.75,5.47,40170,28702778.0,4.89,-3.14,-0.18,2.91
2012-11-07,000935,5.55,5.51,5.59,5.47,25203,17902439.0,2.16,-0.72,-0.04,1.83
2012-11-08,000935,5.42,5.26,5.48,5.25,28862,20019683.0,4.17,-4.54,-0.25,2.09
2012-11-09,000935,5.24,5.27,5.37,5.2,20311,13914294.0,3.23,0.19,0.01,1.47
2012-11-12,000935,5.28,5.32,5.37,5.21,19285,13226365.0,3.04,0.95,0.05,1.4
2012-11-13,000935,5.31,5.1,5.31,5.08,22741,15339499.0,4.32,-4.14,-0.22,1.65
2012-11-14,000935,5.11,5.12,5.14,4.96,20371,13457059.0,3.53,0.39,0.02,1.48
2012-11-15,000935,5.12,5.11,5.38,5.02,31507,21354931.0,7.03,-0.2,-0.01,2.28
2012-11-16,000935,5.02,5.13,5.16,4.98,17577,11636441.0,3.52,0.39,0.02,1.27
2012-11-19,000935,5.13,5.22,5.25,5.1,18122,12219611.0,2.92,1.75,0.09,1.31
2012-11-20,000935,5.24,5.15,5.28,5.14,17379,11760709.0,2.68,-1.34,-0.07,1.26
2012-11-21,000935,5.16,5.21,5.24,5.02,22719,15212365.0,4.27,1.17,0.06,1.65
2012-11-22,000935,5.19,5.07,5.19,5.02,16740,11128980.0,3.26,-2.69,-0.14,1.21
2012-11-23,000935,5.07,5.07,5.11,5.03,13431,8913971.0,1.58,0.0,0.0,0.97
2012-11-26,000935,5.07,5.0,5.1,4.98,10963,7205670.0,2.37,-1.38,-0.07,0.79
2012-11-27,000935,5.0,4.77,5.05,4.72,25176,16100971.0,6.6,-4.6,-0.23,1.83
2012-11-28,000935,4.71,4.48,4.72,4.44,24990,15126957.0,5.87,-6.08,-0.29,1.81
2012-11-29,000935,4.48,4.39,4.55,4.36,20325,12160791.0,4.24,-2.01,-0.09,1.47
2012-11-30,000935,4.45,4.68,4.88,4.42,60351,37172122.0,10.48,6.61,0.29,4.37
2012-12-03,000935,4.68,4.5,4.68,4.49,33377,20436050.0,4.06,-3.85,-0.18,2.42
2012-12-04,000935,4.41,4.6,4.62,4.38,25526,15342977.0,5.33,2.22,0.1,1.85
2012-12-05,000935,4.58,5.17,5.17,4.55,128439,84742076.0,13.48,12.39,0.57,9.31
2012-12-06,000935,5.11,5.12,5.22,5.0,92524,61425307.0,4.26,-0.97,-0.05,6.71
2012-12-07,000935,5.14,5.24,5.48,5.0,143309,97940927.0,9.38,2.34,0.12,9.42
2012-12-10,000935,5.19,5.25,5.32,5.11,92602,62935228.0,4.01,0.19,0.01,6.09
2012-12-11,000935,5.18,5.19,5.37,5.07,82203,55646091.0,5.71,-1.14,-0.06,5.41
2012-12-12,000935,5.19,5.19,5.28,5.08,52847,35564808.0,3.85,0.0,0.0,3.48
2012-12-13,000935,5.17,5.18,5.33,5.08,61065,41441603.0,4.82,-0.19,-0.01,4.02
2012-12-14,000935,5.14,5.46,5.55,5.14,124386,87093243.0,7.92,5.41,0.28,8.18
2012-12-17,000935,5.49,5.49,5.81,5.44,122760,87757319.0,6.78,0.55,0.03,8.07
2012-12-18,000935,5.42,5.77,6.12,5.34,182086,134370884.0,14.21,5.1,0.28,11.97
2012-12-19,000935,5.7,5.68,5.79,5.55,102054,73816702.0,4.16,-1.56,-0.09,6.71
2012-12-20,000935,5.64,5.69,5.85,5.52,81223,58959581.0,5.81,0.18,0.01,5.34
2012-12-21,000935,5.62,5.55,5.74,5.52,66900,48120036.0,3.87,-2.46,-0.14,4.4
2012-12-24,000935,5.53,5.6,5.7,5.51,34161,24528951.0,3.42,0.9,0.05,2.25
2012-12-25,000935,5.54,5.81,6.03,5.47,134707,99494845.0,10.0,3.75,0.21,8.86
2012-12-26,000935,5.7,5.75,5.83,5.68,74283,54581339.0,2.58,-1.03,-0.06,4.89
2012-12-27,000935,5.74,5.57,5.8,5.56,73699,53301258.0,4.17,-3.13,-0.18,4.85
2012-12-28,000935,5.57,5.6,5.67,5.52,44986,32281908.0,2.69,0.54,0.03,2.96
2012-12-31,000935,5.59,5.66,5.73,5.56,52585,38146299.0,3.04,1.07,0.06,3.46
2013-01-04,000935,5.69,5.57,5.72,5.54,44834,32330245.0,3.18,-1.59,-0.09,2.95
2013-01-07,000935,5.57,5.67,5.7,5.52,63352,45874611.0,3.23,1.8,0.1,4.17
2013-01-08,000935,5.67,5.75,5.93,5.58,105404,77599208.0,6.17,1.41,0.08,6.93
2013-01-09,000935,5.67,5.67,5.8,5.58,81636,59508684.0,3.83,-1.39,-0.08,5.37
2013-01-10,000935,5.69,5.67,5.73,5.6,46452,33692066.0,2.29,0.0,0.0,3.05
2013-01-11,000935,5.67,5.42,5.67,5.41,59052,42051285.0,4.59,-4.41,-0.25,3.88
2013-01-14,000935,5.34,5.57,5.57,5.34,61176,43372635.0,4.24,2.77,0.15,4.02
2013-01-15,000935,5.57,5.67,5.69,5.53,76207,55062557.0,2.87,1.8,0.1,5.01
2013-01-16,000935,5.62,5.53,5.67,5.49,56562,40532395.0,3.17,-2.47,-0.14,3.72
2013-01-17,000935,5.58,5.59,5.6,5.47,43851,31245576.0,2.35,1.08,0.06,2.88
2013-01-18,000935,5.65,5.71,5.71,5.53,76886,55615642.0,3.22,2.15,0.12,5.06
2013-01-21,000935,5.75,5.74,5.82,5.65,83565,61350580.0,2.98,0.53,0.03,5.5
2013-01-22,000935,5.72,5.67,5.87,5.65,103162,75984633.0,3.83,-1.22,-0.07,6.78
2013-01-23,000935,5.64,5.52,5.64,5.34,86590,61252978.0,5.29,-2.65,-0.15,5.69
2013-01-24,000935,5.5,5.31,5.6,5.26,61807,43433737.0,6.16,-3.8,-0.21,4.06
2013-01-25,000935,5.26,5.33,5.51,5.26,43377,30112855.0,4.71,0.38,0.02,2.85
2013-01-28,000935,5.33,5.53,5.57,5.26,55618,39302781.0,5.82,3.75,0.2,3.66
2013-01-29,000935,5.54,5.5,5.59,5.48,43432,30836510.0,1.99,-0.54,-0.03,2.86
2013-01-30,000935,5.52,5.55,5.63,5.51,44409,31761613.0,2.18,0.91,0.05,2.92
2013-01-31,000935,5.55,5.6,5.68,5.48,66297,47808396.0,3.6,0.9,0.05,4.36
2013-02-01,000935,5.56,5.68,5.79,5.5,76714,55486260.0,5.18,1.43,0.08,5.05
2013-02-04,000935,5.78,5.68,5.96,5.68,99983,74071466.0,4.93,0.0,0.0,6.58
2013-02-05,000935,5.64,5.67,5.73,5.56,54104,39152621.0,2.99,-0.18,-0.01,3.56
2013-02-06,000935,5.68,5.67,5.73,5.61,33688,24461271.0,2.12,0.0,0.0,2.22
2013-02-07,000935,5.68,5.7,5.73,5.59,30837,22369157.0,2.47,0.53,0.03,2.03
2013-02-08,000935,5.7,5.76,5.84,5.67,49729,36658487.0,2.98,1.05,0.06,3.27
2013-02-18,000935,5.78,5.78,5.92,5.76,49240,36587019.0,2.78,0.35,0.02,3.24
2013-02-19,000935,5.79,5.55,5.8,5.52,54168,38998677.0,4.84,-3.98,-0.23,3.56
2013-02-20,000935,5.58,5.6,5.61,5.5,23172,16588092.0,1.98,0.9,0.05,1.52
2013-02-21,000935,5.53,5.46,5.55,5.4,41406,29186320.0,2.68,-2.5,-0.14,2.72
2013-02-22,000935,5.42,5.45,5.5,5.4,18933,13320779.0,1.83,-0.18,-0.01,1.25
2013-02-25,000935,5.46,5.44,5.5,5.43,19581,13778681.0,1.28,-0.18,-0.01,1.29
2013-02-26,000935,5.42,5.38,5.44,5.35,29268,20367200.0,1.65,-1.1,-0.06,1.92
2013-02-27,000935,5.41,5.28,5.42,5.22,48262,33152738.0,3.72,-1.86,-0.1,3.17
2013-02-28,000935,5.29,5.39,5.39,5.24,50669,34918032.0,2.84,2.08,0.11,3.33
2013-03-01,000935,5.33,5.37,5.43,5.26,41374,28624199.0,3.15,-0.37,-0.02,2.72
2013-03-04,000935,5.25,4.82,5.25,4.72,67445,43786695.0,9.87,-10.24,-0.55,4.44
2013-03-05,000935,4.81,4.89,4.91,4.78,28954,18520872.0,2.7,1.45,0.07,1.9
2013-03-06,000935,4.9,4.96,4.97,4.85,25701,16586856.0,2.45,1.43,0.07,1.69
2013-03-07,000935,4.94,4.93,5.01,4.88,24037,15583750.0,2.62,-0.6,-0.03,1.58
2013-03-08,000935,4.97,4.9,5.01,4.89,18772,12153802.0,2.43,-0.61,-0.03,1.23
2013-03-11,000935,4.9,4.85,4.94,4.83,19269,12323914.0,2.24,-1.02,-0.05,1.27
2013-03-12,000935,4.88,4.8,4.97,4.75,25180,16078150.0,4.54,-1.03,-0.05,1.66
2013-03-13,000935,4.82,4.84,4.87,4.77,17195,10952179.0,2.08,0.83,0.04,1.13
2013-03-14,000935,4.84,5.06,5.17,4.84,50479,33179315.0,6.82,4.55,0.22,3.32
2013-03-15,000935,4.98,4.98,5.18,4.95,38272,25332129.0,4.55,-1.58,-0.08,2.52
2013-03-18,000935,4.96,4.85,5.04,4.84,23148,14968201.0,4.02,-2.61,-0.13,1.52
2013-03-19,000935,4.85,5.04,5.04,4.81,30811,20118706.0,4.74,3.92,0.19,2.03
2013-03-20,000935,5.04,5.28,5.5,4.99,81714,55762480.0,10.12,4.76,0.24,5.37
2013-03-21,000935,5.28,5.18,5.34,5.12,57188,38631429.0,4.17,-1.89,-0.1,3.76
2013-03-22,000935,5.18,5.42,5.65,5.15,116606,81575409.0,9.65,4.63,0.24,7.67
2013-03-25,000935,5.36,5.37,5.43,5.26,58668,40581214.0,3.14,-0.92,-0.05,3.86
2013-03-26,000935,5.28,5.28,5.42,5.14,52638,36103543.0,5.21,-1.68,-0.09,3.46
2013-03-27,000935,5.31,5.19,5.34,5.17,33342,22712617.0,3.22,-1.7,-0.09,2.19
2013-03-28,000935,5.14,4.87,5.14,4.87,34176,22265373.0,5.2,-6.17,-0.32,2.25
2013-03-29,000935,4.87,4.91,4.97,4.87,17408,11244335.0,2.05,0.82,0.04,1.14
2013-04-01,000935,4.92,4.93,4.99,4.9,16690,10824189.0,1.83,0.41,0.02,1.1
2013-04-02,000935,4.95,5.0,5.09,4.94,30227,19887905.0,3.04,1.42,0.07,1.99
2013-04-03,000935,4.97,5.0,5.05,4.87,24495,15889486.0,3.6,0.0,0.0,1.61
2013-04-08,000935,4.9,5.16,5.17,4.77,27737,18131399.0,8.0,3.2,0.16,1.82
2013-04-09,000935,5.14,5.13,5.24,5.11,31479,21147017.0,2.52,-0.58,-0.03,2.07
2013-04-10,000935,5.14,4.96,5.14,4.81,53234,34412154.0,6.43,-3.31,-0.17,3.5
2013-04-11,000935,4.95,5.25,5.34,4.88,67086,44735039.0,9.27,5.85,0.29,4.41
2013-04-12,000935,5.11,5.07,5.21,4.97,42149,28029195.0,4.57,-3.43,-0.18,2.77
2013-04-15,000935,5.0,5.11,5.2,4.99,31622,21106645.0,4.14,0.79,0.04,2.08
2013-04-16,000935,5.0,5.19,5.29,5.0,51665,34929840.0,5.68,1.57,0.08,3.4
2013-04-17,000935,5.18,5.31,5.36,5.16,51169,34838819.0,3.85,2.31,0.12,3.37
2013-04-18,000935,5.23,5.24,5.31,5.19,38203,25999581.0,2.26,-1.32,-0.07,2.51
2013-04-19,000935,5.24,5.28,5.34,5.19,55949,38168331.0,2.86,0.76,0.04,3.68
2013-04-22,000935,5.93,5.93,5.93,5.93,71062,53580680.0,0.0,12.31,0.65,4.67
2013-04-23,000935,6.63,6.57,6.63,6.3,564472,461979792.0,5.56,10.79,0.64,37.12
2013-04-24,000935,6.25,6.23,6.31,5.99,308547,240737422.0,4.87,-5.18,-0.34,20.29
2013-04-25,000935,6.22,5.69,6.22,5.64,231100,172925581.0,9.31,-8.67,-0.54,15.2
2013-04-26,000935,5.8,5.7,5.92,5.65,142817,105600040.0,4.75,0.18,0.01,9.39
2013-05-02,000935,5.43,5.61,5.66,5.34,99445,70453969.0,5.61,-1.58,-0.09,6.54
2013-05-03,000935,5.62,5.59,5.75,5.56,90802,65559017.0,3.39,-0.36,-0.02,5.97
2013-05-06,000935,5.59,5.63,5.63,5.46,96499,68901719.0,3.04,0.72,0.04,6.35
2013-05-07,000935,5.64,5.79,5.84,5.53,130418,94977241.0,5.51,2.84,0.16,8.58
2013-05-08,000935,5.73,5.61,5.8,5.56,90761,65730115.0,4.15,-3.11,-0.18,5.97
2013-05-09,000935,5.58,5.45,5.58,5.36,101062,70960339.0,3.92,-2.85,-0.16,6.65
2013-05-10,000935,5.38,5.5,5.54,5.38,63907,45025469.0,2.94,0.92,0.05,4.2
2013-05-13,000935,5.48,5.42,5.48,5.38,44529,31136527.0,1.82,-1.45,-0.08,2.93
2013-05-14,000935,5.42,5.54,5.54,5.34,76228,53757315.0,3.69,2.21,0.12,5.01
2013-05-15,000935,5.53,5.51,5.56,5.43,60373,42704647.0,2.35,-0.54,-0.03,3.97
2013-05-16,000935,5.5,5.56,5.61,5.39,84388,59775541.0,3.99,0.91,0.05,5.55
2013-05-17,000935,5.55,5.57,5.63,5.5,75503,54044536.0,2.34,0.18,0.01,4.97
2013-05-20,000935,5.58,5.6,5.62,5.53,72103,51685300.0,1.62,0.54,0.03,4.74
2013-05-21,000935,5.58,5.63,5.66,5.56,68644,49454476.0,1.79,0.54,0.03,4.51
2013-05-22,000935,5.7,5.82,6.12,5.62,192455,143310919.0,8.88,3.37,0.19,12.66
2013-05-23,000935,5.73,5.6,5.81,5.6,89918,65541864.0,3.61,-3.78,-0.22,5.91
2013-05-24,000935,5.59,5.67,5.67,5.53,63169,45469621.0,2.5,1.25,0.07,4.15
2013-05-27,000935,5.68,5.66,5.69,5.58,53273,38559035.0,1.94,-0.18,-0.01,3.5
2013-05-28,000935,5.64,5.61,5.74,5.59,71724,52185501.0,2.65,-0.88,-0.05,4.72
2013-05-29,000935,5.67,5.74,5.74,5.61,86821,63174464.0,2.32,2.32,0.13,5.71
2013-05-30,000935,5.68,5.64,5.71,5.62,45463,32927877.0,1.57,-1.74,-0.1,2.99
2013-05-31,000935,5.64,5.47,5.68,5.46,57880,41491667.0,3.9,-3.01,-0.17,3.81
2013-06-03,000935,5.49,5.55,5.62,5.47,40294,28746172.0,2.74,1.46,0.08,2.65
2013-06-04,000935,5.56,5.4,5.56,5.39,40692,28598605.0,3.06,-2.7,-0.15,2.68
2013-06-05,000935,5.4,5.4,5.47,5.37,24688,17266398.0,1.85,0.0,0.0,1.62
2013-06-06,000935,5.4,5.24,5.46,5.2,32717,22689671.0,4.81,-2.96,-0.16,2.15
2013-06-07,000935,5.37,5.35,5.42,5.14,42921,29530630.0,5.34,2.1,0.11,2.82
2013-06-13,000935,5.32,5.09,5.32,5.0,33261,22124936.0,5.98,-4.86,-0.26,1.91
2013-06-14,000935,5.09,5.14,5.24,5.08,21875,14668374.0,3.14,0.98,0.05,1.25
2013-06-17,000935,5.15,5.06,5.19,5.05,20947,13961129.0,2.72,-1.56,-0.08,1.2
2013-06-18,000935,5.1,5.07,5.14,5.04,19839,13149161.0,1.98,0.2,0.01,1.14
2013-06-19,000935,5.07,5.04,5.07,4.88,26994,17558458.0,3.75,-0.59,-0.03,1.55
2013-06-20,000935,5.42,5.66,5.66,5.34,211041,151378526.0,6.35,12.3,0.62,12.11
2013-06-21,000935,5.75,5.98,6.22,5.63,264308,199175591.0,10.42,5.65,0.32,15.16
2013-06-24,000935,5.27,5.27,5.27,5.27,17682,12094488.0,0.0,-11.87,-0.71,1.01
2013-06-25,000935,4.64,4.75,4.91,4.64,208300,130059098.0,5.12,-9.87,-0.52,11.95
2013-06-26,000935,4.5,4.56,4.68,4.36,177543,107336688.0,6.74,-4.0,-0.19,10.19
2013-06-27,000935,4.75,4.56,4.86,4.5,190784,119001546.0,7.89,0.0,0.0,10.95
2013-06-28,000935,4.58,4.2,4.58,4.0,162321,92167380.0,12.72,-7.89,-0.36,9.31
2013-07-01,000935,4.06,4.12,4.14,3.98,81687,45287575.0,3.81,-1.9,-0.08,4.69
2013-07-02,000935,4.11,4.1,4.11,4.0,80187,44375700.0,2.67,-0.49,-0.02,4.6
2013-07-03,000935,4.07,3.94,4.09,3.84,78753,42715400.0,6.1,-3.9,-0.16,4.52
2013-07-04,000935,3.89,3.96,4.04,3.81,65793,35585696.0,5.84,0.51,0.02,3.77
2013-07-05,000935,3.94,3.97,4.07,3.94,65592,35995121.0,3.28,0.25,0.01,3.76
2013-07-08,000935,3.89,3.56,3.89,3.56,80418,41275135.0,8.31,-10.33,-0.41,4.61
2013-07-09,000935,3.54,3.68,3.71,3.53,59432,30168199.0,5.06,3.37,0.12,3.41
2013-07-10,000935,3.65,3.86,3.86,3.63,71926,37544005.0,6.25,4.89,0.18,4.13
2013-07-11,000935,3.8,4.08,4.26,3.75,161920,89692540.0,13.21,5.7,0.22,9.29
2013-07-12,000935,4.08,3.89,4.08,3.89,99615,54402411.0,4.66,-4.66,-0.19,5.71
2013-07-15,000935,3.96,3.99,4.02,3.88,65944,35813618.0,3.6,2.57,0.1,3.78
2013-07-16,000935,4.0,4.12,4.12,3.94,80904,44566121.0,4.51,3.26,0.13,4.64
2013-07-17,000935,4.12,4.02,4.24,4.0,85313,47728820.0,5.83,-2.43,-0.1,4.89
2013-07-18,000935,4.01,3.91,4.01,3.89,50027,27008047.0,2.99,-2.74,-0.11,2.87
2013-07-19,000935,3.9,3.67,3.9,3.67,73062,38269948.0,5.88,-6.14,-0.24,4.19
2013-07-22,000935,3.69,3.77,3.78,3.61,37429,19409247.0,4.63,2.72,0.1,2.15
2013-07-23,000935,3.75,3.86,3.88,3.74,51269,27169130.0,3.71,2.39,0.09,2.94
2013-07-24,000935,3.82,3.79,3.85,3.73,50842,26645126.0,3.11,-1.81,-0.07,2.92
2013-07-25,000935,3.8,3.81,3.91,3.77,58626,31078798.0,3.69,0.53,0.02,3.36
2013-07-26,000935,3.8,3.79,3.87,3.75,36415,19185089.0,3.15,-0.52,-0.02,2.09
2013-07-29,000935,3.79,3.62,3.79,3.6,44053,22435291.0,5.01,-4.49,-0.17,2.53
2013-07-30,000935,3.64,3.73,3.74,3.55,40277,20524791.0,5.25,3.04,0.11,2.31
2013-07-31,000935,3.72,3.68,3.84,3.67,30502,15859868.0,4.56,-1.34,-0.05,1.75
2013-08-01,000935,3.7,3.77,3.77,3.7,37217,19345467.0,1.9,2.45,0.09,2.14
2013-08-02,000935,3.78,3.85,3.94,3.77,80333,42662927.0,4.51,2.12,0.08,4.61
2013-08-05,000935,3.78,3.87,3.87,3.77,41100,21701189.0,2.6,0.52,0.02,2.36
2013-08-06,000935,3.86,3.93,3.97,3.81,65207,34908665.0,4.13,1.55,0.06,3.74
2013-08-07,000935,3.9,3.88,4.0,3.87,76051,41166826.0,3.31,-1.27,-0.05,4.36
2013-08-08,000935,3.86,3.94,4.0,3.8,74809,40259755.0,5.15,1.55,0.06,4.29
2013-08-09,000935,3.92,3.97,4.01,3.82,76777,41500095.0,4.82,0.76,0.03,4.4
2013-08-12,000935,3.95,4.09,4.13,3.94,104013,57550580.0,4.79,3.02,0.12,5.97
2013-08-13,000935,4.14,4.28,4.58,4.12,187769,109472269.0,11.25,4.65,0.19,10.77
2013-08-14,000935,4.28,4.14,4.28,4.1,101979,57686831.0,4.21,-3.27,-0.14,5.85
2013-08-15,000935,4.14,4.0,4.14,4.0,63124,34925830.0,3.38,-3.38,-0.14,3.62
2013-08-16,000935,3.98,3.92,4.12,3.91,58225,31793074.0,5.25,-2.0,-0.08,3.34
2013-08-19,000935,3.88,3.99,4.0,3.84,41567,22511846.0,4.08,1.79,0.07,2.38
2013-08-20,000935,4.0,3.97,4.07,3.93,41081,22505263.0,3.51,-0.5,-0.02,2.36
2013-08-21,000935,3.98,4.03,4.03,3.93,35775,19534888.0,2.52,1.51,0.06,2.05
2013-08-22,000935,4.01,4.05,4.1,3.98,59294,32744250.0,2.98,0.5,0.02,3.4
2013-08-23,000935,4.08,4.06,4.12,3.89,51998,28589083.0,5.68,0.25,0.01,2.98
2013-08-26,000935,4.07,4.12,4.15,3.98,84386,46933176.0,4.19,1.48,0.06,4.84
2013-08-27,000935,4.12,4.12,4.14,4.06,57610,32179798.0,1.94,0.0,0.0,3.31
2013-08-28,000935,4.06,4.02,4.07,3.99,54800,30191210.0,1.94,-2.43,-0.1,3.14
2013-08-29,000935,4.02,4.05,4.06,3.99,43864,24136416.0,1.74,0.75,0.03,2.52
2013-08-30,000935,4.04,4.13,4.15,4.03,91550,51138327.0,2.96,1.98,0.08,5.25
2013-09-02,000935,4.22,4.11,4.27,4.02,57920,32449143.0,6.05,-0.48,-0.02,3.32
2013-09-03,000935,4.1,4.16,4.2,4.09,69687,39267091.0,2.68,1.22,0.05,4.0
2013-09-04,000935,4.26,4.27,4.35,4.17,122816,70651163.0,4.33,2.64,0.11,7.05
2013-09-05,000935,4.21,4.19,4.26,4.19,54048,30823632.0,1.64,-1.87,-0.08,3.1
2013-09-06,000935,4.19,4.18,4.22,4.14,49089,27774826.0,1.91,-0.24,-0.01,2.82
2013-09-09,000935,4.19,4.29,4.34,4.15,98175,56317171.0,4.55,2.63,0.11,5.63
2013-09-10,000935,4.28,4.35,4.36,4.27,91153,52929695.0,2.1,1.4,0.06,5.23
2013-09-11,000935,4.38,4.42,4.62,4.3,150743,89669320.0,7.36,1.61,0.07,8.65
2013-09-12,000935,4.36,4.35,4.46,4.28,84812,49644235.0,4.07,-1.58,-0.07,4.87
2013-09-13,000935,4.35,4.27,4.37,4.24,51456,29733374.0,2.99,-1.84,-0.08,2.95
2013-09-16,000935,4.33,4.25,4.34,4.25,34286,19777128.0,2.11,-0.47,-0.02,1.97
2013-09-17,000935,4.28,4.14,4.28,4.13,43659,24892446.0,3.53,-2.59,-0.11,2.5
2013-09-18,000935,4.14,4.23,4.36,4.12,36909,21133094.0,5.8,2.17,0.09,2.12
2013-09-23,000935,4.23,4.27,4.29,4.17,41122,23562140.0,2.84,0.95,0.04,2.36
2013-09-24,000935,4.27,4.19,4.27,4.17,33753,19229391.0,2.34,-1.87,-0.08,1.94
2013-09-25,000935,4.21,4.08,4.22,4.07,44840,25241330.0,3.58,-2.63,-0.11,2.57
2013-09-26,000935,4.09,4.0,4.15,4.0,39317,21802744.0,3.68,-1.96,-0.08,2.26
2013-09-27,000935,4.0,3.97,4.03,3.96,27376,14957587.0,1.75,-0.75,-0.03,1.57
2013-09-30,000935,3.98,4.01,4.08,3.96,17568,9656978.0,3.02,1.01,0.04,1.01
2013-10-08,000935,4.01,4.09,4.1,3.97,27454,15168518.0,3.24,2.0,0.08,1.58
2013-10-09,000935,4.07,4.14,4.14,4.06,28187,15735249.0,1.96,1.22,0.05,1.62
2013-10-10,000935,4.14,4.07,4.14,4.05,28905,16135009.0,2.17,-1.69,-0.07,1.66
2013-10-11,000935,4.09,4.14,4.16,4.06,40613,22760280.0,2.46,1.72,0.07,2.33
2013-10-14,000935,4.14,4.18,4.18,4.11,45489,25680837.0,1.69,0.97,0.04,2.61
2013-10-15,000935,4.19,4.17,4.19,4.08,43594,24490644.0,2.63,-0.24,-0.01,2.5
2013-10-16,000935,4.13,4.16,4.28,4.12,83075,47279637.0,3.84,-0.24,-0.01,4.77
2013-10-17,000935,4.17,4.08,4.2,4.07,54220,30375631.0,3.13,-1.92,-0.08,3.11
2013-10-18,000935,4.08,4.01,4.09,4.0,37695,20742328.0,2.21,-1.72,-0.07,2.16
2013-10-21,000935,4.02,4.16,4.2,4.0,50842,28278814.0,4.99,3.74,0.15,2.92
2013-12-03,000935,4.7,4.7,4.7,4.3,302850,184591585.0,9.62,12.98,0.54,17.37
2013-12-04,000935,4.7,4.71,4.94,4.6,294940,185565693.0,7.23,0.21,0.01,16.92
2013-12-05,000935,4.62,4.54,4.63,4.49,122850,74379584.0,2.97,-3.61,-0.17,7.05
2013-12-06,000935,4.51,4.42,4.56,4.35,94275,55854976.0,4.63,-2.64,-0.12,5.41
2013-12-09,000935,4.44,4.45,4.5,4.4,63130,37553168.0,2.26,0.68,0.03,3.62
2013-12-10,000935,4.43,4.57,4.63,4.38,101796,61359194.0,5.62,2.7,0.12,5.84
2013-12-11,000935,4.52,4.35,4.52,4.3,65147,38511278.0,4.81,-4.81,-0.22,3.74
2013-12-12,000935,4.3,4.35,4.38,4.28,50633,29476278.0,2.3,0.0,0.0,2.9
2013-12-13,000935,4.32,4.42,4.43,4.3,45903,27020129.0,2.99,1.61,0.07,2.63
2013-12-16,000935,4.47,4.19,4.51,4.17,70996,41025473.0,7.69,-5.2,-0.23,4.07
2013-12-17,000935,4.25,4.18,4.26,4.1,49333,27868190.0,3.82,-0.24,-0.01,2.83
2013-12-18,000935,4.24,4.21,4.24,4.16,21288,12091037.0,1.91,0.72,0.03,1.22
2013-12-19,000935,4.23,4.09,4.26,4.02,43312,24337735.0,5.7,-2.85,-0.12,2.48
2013-12-20,000935,4.1,3.94,4.12,3.88,31569,17300233.0,5.87,-3.67,-0.15,1.81
2013-12-23,000935,3.94,3.88,3.97,3.8,24913,13334974.0,4.31,-1.52,-0.06,1.43
2013-12-24,000935,3.92,3.92,4.0,3.86,20002,10787365.0,3.61,1.03,0.04,1.15
2013-12-25,000935,3.94,3.98,4.02,3.89,17704,9606775.0,3.32,1.53,0.06,1.02
2013-12-26,000935,3.98,4.0,4.0,3.86,33260,17932962.0,3.52,0.5,0.02,1.91
2013-12-27,000935,3.94,4.07,4.14,3.94,43089,23875693.0,5.0,1.75,0.07,2.47
2013-12-30,000935,4.05,4.17,4.18,4.04,80135,44955678.0,3.44,2.46,0.1,4.6
2013-12-31,000935,4.12,4.09,4.18,4.08,27914,15624109.0,2.4,-1.92,-0.08,1.6
2014-01-02,000935,4.12,4.2,4.28,4.07,64536,36638809.0,5.13,2.69,0.11,3.7
2014-01-03,000935,4.19,4.26,4.35,4.14,96574,55299113.0,5.0,1.43,0.06,5.54
2014-01-06,000935,4.22,4.09,4.23,4.03,42731,23850347.0,4.69,-3.99,-0.17,2.45
2014-01-07,000935,4.08,4.06,4.08,4.0,34022,18729692.0,1.96,-0.73,-0.03,1.95
2014-01-08,000935,4.05,3.9,4.1,3.88,33256,18082401.0,5.42,-3.94,-0.16,1.91
2014-01-09,000935,3.92,3.93,3.95,3.86,27650,14868826.0,2.31,0.77,0.03,1.59
2014-01-10,000935,3.97,3.95,4.0,3.87,25139,13570715.0,3.31,0.51,0.02,1.44
2014-01-13,000935,3.95,3.9,3.99,3.82,24146,12960574.0,4.3,-1.27,-0.05,1.39
2014-01-14,000935,3.92,4.09,4.13,3.9,59651,32920593.0,5.9,4.87,0.19,3.42
2014-01-15,000935,4.07,4.09,4.14,4.04,32161,17871593.0,2.44,0.0,0.0,1.85
2014-01-16,000935,4.11,4.22,4.26,4.02,61584,34848717.0,5.87,3.18,0.13,3.53
2014-01-17,000935,4.29,4.23,4.29,4.18,47874,27335646.0,2.61,0.24,0.01,2.75
2014-01-20,000935,4.22,4.25,4.31,4.16,59982,34293924.0,3.55,0.47,0.02,3.44
2014-01-21,000935,4.21,4.39,4.56,4.2,221599,130749600.0,8.47,3.29,0.14,12.71
2014-01-22,000935,4.35,4.3,4.35,4.1,131442,75423382.0,5.69,-2.05,-0.09,7.54
2014-01-23,000935,4.23,4.22,4.28,4.17,63119,36060423.0,2.56,-1.86,-0.08,3.62
2014-01-24,000935,4.18,4.22,4.27,4.18,57308,32757652.0,2.13,0.0,0.0,3.29
2014-01-27,000935,4.21,4.07,4.21,4.06,47645,26684720.0,3.55,-3.55,-0.15,2.73
2014-01-28,000935,4.08,4.12,4.17,4.08,28246,15865219.0,2.21,1.23,0.05,1.62
2014-01-29,000935,4.12,4.0,4.15,4.0,42916,23717123.0,3.64,-2.91,-0.12,2.46
2014-01-30,000935,4.0,3.96,4.01,3.9,22662,12286799.0,2.75,-1.0,-0.04,1.3
2014-02-07,000935,3.96,4.07,4.09,3.94,25771,14194185.0,3.79,2.78,0.11,1.48
2014-02-10,000935,4.05,4.19,4.19,4.05,48109,27058570.0,3.44,2.95,0.12,2.76
2014-02-11,000935,4.21,4.22,4.23,4.14,53394,30335326.0,2.15,0.72,0.03,3.06
2014-02-12,000935,4.23,4.26,4.26,4.18,53591,30647100.0,1.9,0.95,0.04,3.07
2014-02-13,000935,4.24,4.17,4.29,4.16,52532,30094383.0,3.05,-2.11,-0.09,3.01
2014-02-14,000935,4.17,4.24,4.25,4.14,52343,29780839.0,2.64,1.68,0.07,3.0
2014-02-17,000935,4.24,4.28,4.28,4.21,55916,32136062.0,1.65,0.94,0.04,3.21
2014-02-18,000935,4.28,4.2,4.29,4.18,50514,28865379.0,2.57,-1.87,-0.08,2.9
2014-02-19,000935,4.2,4.32,4.34,4.16,95678,55088989.0,4.29,2.86,0.12,5.49
2014-02-20,000935,4.32,4.24,4.34,4.2,64074,36836331.0,3.24,-1.85,-0.08,3.68
2014-02-21,000935,4.22,4.12,4.27,4.07,39797,22497951.0,4.72,-2.83,-0.12,2.28
2014-02-24,000935,4.07,4.02,4.09,3.96,39255,21548534.0,3.16,-2.43,-0.1,2.25
2014-02-25,000935,4.03,3.85,4.06,3.76,45595,24731547.0,7.46,-4.23,-0.17,2.62
2014-02-26,000935,3.84,3.88,3.88,3.74,27651,14578189.0,3.64,0.78,0.03,1.59
2014-02-27,000935,3.88,3.77,3.91,3.75,31192,16590713.0,4.12,-2.84,-0.11,1.79
2014-02-28,000935,3.77,3.78,3.81,3.68,27695,14443266.0,3.45,0.27,0.01,1.59
2014-03-03,000935,3.78,3.86,3.86,3.73,21989,11600426.0,3.44,2.12,0.08,1.26
2014-03-04,000935,3.85,3.84,3.86,3.78,21542,11377573.0,2.07,-0.52,-0.02,1.24
2014-03-05,000935,3.84,3.87,3.9,3.82,24295,12936551.0,2.08,0.78,0.03,1.39
2014-03-06,000935,3.88,4.0,4.0,3.78,53018,28545989.0,5.68,3.36,0.13,3.04
2014-03-07,000935,3.98,3.88,4.0,3.86,44524,24145471.0,3.5,-3.0,-0.12,2.55
2014-03-10,000935,3.86,3.76,3.87,3.73,31865,16789827.0,3.61,-3.09,-0.12,1.83
2014-03-11,000935,3.76,3.84,3.86,3.73,25816,13616376.0,3.46,2.13,0.08,1.48
2014-03-12,000935,3.79,3.87,3.89,3.78,19184,10171757.0,2.86,0.78,0.03,1.1
2014-03-13,000935,3.87,3.93,4.0,3.84,32062,17272390.0,4.13,1.55,0.06,1.84
2014-03-14,000935,3.89,3.92,3.95,3.84,19517,10446800.0,2.8,-0.25,-0.01,1.12
2014-03-17,000935,3.98,4.01,4.05,3.95,37498,20486008.0,2.55,2.3,0.09,2.15
2014-03-18,000935,3.99,3.97,4.02,3.92,28982,15740337.0,2.49,-1.0,-0.04,1.66
2014-03-19,000935,3.93,3.92,3.98,3.83,37733,20259758.0,3.78,-1.26,-0.05,2.16
2014-03-20,000935,3.92,3.78,3.96,3.78,33881,18120547.0,4.59,-3.57,-0.14,1.94
2014-03-21,000935,3.81,3.92,3.93,3.72,37653,19971128.0,5.56,3.7,0.14,2.16
2014-03-24,000935,3.92,3.93,4.0,3.88,70263,38057326.0,3.06,0.26,0.01,4.03
2014-03-25,000935,3.96,3.97,4.0,3.9,55416,30008300.0,2.54,1.02,0.04,3.18
2014-03-26,000935,3.97,3.93,3.99,3.89,25887,13990957.0,2.52,-1.01,-0.04,1.49
2014-03-27,000935,3.93,3.86,3.93,3.85,28606,15335779.0,2.04,-1.78,-0.07,1.64
2014-03-28,000935,3.86,3.82,3.9,3.8,30053,15960041.0,2.59,-1.04,-0.04,1.72
2014-03-31,000935,3.82,3.86,3.93,3.81,26131,13903430.0,3.14,1.05,0.04,1.5
2014-04-01,000935,3.91,3.93,3.95,3.87,38628,20790827.0,2.07,1.81,0.07,2.22
2014-04-02,000935,3.91,4.01,4.02,3.89,83250,45487607.0,3.31,2.04,0.08,4.78
2014-04-03,000935,4.05,3.92,4.06,3.89,55863,30323402.0,4.24,-2.24,-0.09,3.2
2014-04-04,000935,3.91,3.95,3.96,3.89,31339,16919486.0,1.79,0.77,0.03,1.8
2014-04-08,000935,3.94,4.04,4.06,3.92,65633,36034419.0,3.54,2.28,0.09,3.77
2014-04-09,000935,4.02,4.05,4.1,4.0,48748,26867020.0,2.48,0.25,0.01,2.8
2014-04-10,000935,4.06,4.12,4.28,4.0,100553,56529675.0,6.91,1.73,0.07,5.77
2014-04-11,000935,4.11,4.06,4.19,4.02,55043,30599655.0,4.13,-1.46,-0.06,3.16
2014-04-14,000935,4.02,4.12,4.12,3.97,46220,25530984.0,3.69,1.48,0.06,2.65
2014-04-15,000935,4.1,4.14,4.3,4.03,91437,51707566.0,6.55,0.49,0.02,5.25
2014-04-16,000935,4.04,4.24,4.29,4.04,99838,56751712.0,6.04,2.42,0.1,5.73
2014-04-17,000935,4.19,4.17,4.26,4.13,57740,32781985.0,3.07,-1.65,-0.07,3.31
2014-04-18,000935,4.18,4.18,4.24,4.12,47324,26790347.0,2.88,0.24,0.01,2.72
2014-04-21,000935,4.14,4.05,4.19,4.02,39741,22236518.0,4.07,-3.11,-0.13,2.28
2014-04-22,000935,4.04,3.99,4.06,3.88,36065,19663470.0,4.44,-1.48,-0.06,2.07
2014-04-23,000935,3.98,4.14,4.14,3.94,52089,28798275.0,5.01,3.76,0.15,2.99
2014-04-24,000935,4.08,4.06,4.17,4.03,39505,21997086.0,3.38,-1.93,-0.08,2.27
2014-04-25,000935,4.03,3.96,4.11,3.94,26419,14557806.0,4.19,-2.46,-0.1,1.52
2014-04-28,000935,4.02,3.79,4.02,3.77,28761,15244815.0,6.31,-4.29,-0.17,1.65
2014-04-29,000935,3.84,3.87,3.88,3.79,16637,8810516.0,2.37,2.11,0.08,0.95
2014-04-30,000935,3.86,3.88,3.93,3.85,25171,13453471.0,2.07,0.26,0.01,1.44
2014-05-05,000935,3.86,3.86,3.88,3.81,17744,9423015.0,1.8,-0.52,-0.02,1.02
2014-05-06,000935,3.85,3.9,3.92,3.85,21067,11288235.0,1.81,1.04,0.04,1.21
2014-05-07,000935,3.89,3.73,3.9,3.73,33634,17686871.0,4.36,-4.36,-0.17,1.93
2014-05-08,000935,3.73,3.73,3.8,3.71,18227,9491138.0,2.41,0.0,0.0,1.05
2014-05-09,000935,3.73,3.67,3.75,3.65,19242,9890277.0,2.68,-1.61,-0.06,1.1
2014-05-12,000935,3.71,3.85,3.89,3.69,32868,17296319.0,5.45,4.9,0.18,1.89
2014-05-13,000935,3.84,3.84,3.87,3.79,27821,14770976.0,2.08,-0.26,-0.01,1.6
2014-05-14,000935,3.84,3.81,3.86,3.75,12521,6595152.0,2.86,-0.78,-0.03,0.72
2014-05-15,000935,3.79,3.7,3.85,3.7,17316,9055563.0,3.94,-2.89,-0.11,0.99
2014-05-16,000935,3.7,3.72,3.73,3.68,9799,5053160.0,1.35,0.54,0.02,0.56
2014-05-19,000935,3.7,3.68,3.72,3.64,13328,6819355.0,2.15,-1.08,-0.04,0.76
2014-05-20,000935,3.67,3.68,3.73,3.65,11912,6126564.0,2.17,0.0,0.0,0.68
2014-05-21,000935,3.68,3.73,3.73,3.61,16264,8330618.0,3.26,1.36,0.05,0.93
2014-05-22,000935,3.74,3.73,3.74,3.7,17751,9198476.0,1.07,0.0,0.0,1.02
2014-05-23,000935,3.71,3.73,3.75,3.69,14759,7641842.0,1.61,0.0,0.0,0.85
2014-05-26,000935,3.74,3.77,3.79,3.72,21506,11204636.0,1.88,1.07,0.04,1.14
2014-05-27,000935,3.75,3.79,3.8,3.74,16669,8716377.0,1.59,0.53,0.02,0.88
2014-05-28,000935,3.79,3.8,3.81,3.75,14488,7594661.0,1.58,0.26,0.01,0.77
2014-05-29,000935,3.78,3.8,3.83,3.76,16596,8710790.0,1.84,0.0,0.0,0.88
2014-05-30,000935,3.78,3.8,3.82,3.75,10745,5639013.0,1.84,0.0,0.0,0.57
2014-06-03,000935,3.8,3.77,3.8,3.76,10046,5261829.0,1.05,-0.79,-0.03,0.53
2014-06-04,000935,3.77,3.71,3.77,3.69,12254,6330229.0,2.12,-1.59,-0.06,0.65
2014-06-05,000935,3.71,3.74,3.74,3.68,10061,5197692.0,1.62,0.81,0.03,0.53
2014-06-06,000935,3.74,3.7,3.74,3.68,8731,4507308.0,1.6,-1.07,-0.04,0.46
2014-06-09,000935,3.69,3.69,3.73,3.68,9452,4866755.0,1.35,-0.27,-0.01,0.5
2014-06-10,000935,3.7,3.73,3.74,3.69,15929,8233114.0,1.36,1.08,0.04,0.84
2014-06-11,000935,3.73,3.74,3.75,3.71,11451,5930616.0,1.07,0.27,0.01,0.61
2014-06-12,000935,3.73,3.79,3.81,3.73,21515,11276205.0,2.14,1.34,0.05,1.14
2014-06-13,000935,3.78,3.81,3.81,3.77,18902,9935806.0,1.06,0.53,0.02,1.0
2014-06-16,000935,3.81,3.81,3.84,3.78,15096,7952155.0,1.57,0.0,0.0,0.8
2014-06-17,000935,3.82,3.78,3.82,3.77,12548,6594947.0,1.31,-0.79,-0.03,0.66
2014-06-18,000935,3.77,3.84,3.92,3.76,39393,20913914.0,4.23,1.59,0.06,2.09
2014-06-19,000935,3.83,3.73,3.83,3.7,25347,13271274.0,3.39,-2.86,-0.11,1.34
2014-06-20,000935,3.72,3.77,3.77,3.71,12552,6516579.0,1.61,1.07,0.04,0.66
2014-06-23,000935,3.77,3.8,3.84,3.77,15207,8003940.0,1.86,0.8,0.03,0.81
2014-06-24,000935,3.79,3.87,3.88,3.77,27122,14361338.0,2.89,1.84,0.07,1.44
2014-06-25,000935,3.98,3.9,4.02,3.87,58063,31370259.0,3.88,0.78,0.03,3.07
2014-06-26,000935,3.94,4.02,4.05,3.9,46553,25435684.0,3.85,3.08,0.12,2.46
2014-06-27,000935,4.02,3.95,4.03,3.93,62324,33940366.0,2.49,-1.74,-0.07,3.3
2014-06-30,000935,3.67,3.75,3.77,3.67,128672,66681503.0,2.53,-5.06,-0.2,6.81
2014-07-01,000935,3.67,3.73,3.73,3.67,84810,43724032.0,1.6,-0.53,-0.02,4.49
2014-07-02,000935,3.72,3.73,3.75,3.69,49263,25495543.0,1.61,0.0,0.0,2.61
2014-07-10,000935,3.84,4.21,4.21,3.79,249075,138463059.0,11.26,12.87,0.48,13.19
2014-07-11,000935,4.39,4.14,4.47,4.12,380864,220825819.0,8.31,-1.66,-0.07,20.16
2014-07-14,000935,4.02,4.16,4.16,3.99,151297,84035000.0,4.11,0.48,0.02,8.01
2014-07-15,000935,4.14,4.08,4.17,4.05,96912,54062916.0,2.88,-1.92,-0.08,5.13
2014-07-16,000935,4.05,4.02,4.13,4.0,83313,46120623.0,3.19,-1.47,-0.06,4.41
2014-07-17,000935,4.02,4.03,4.06,3.95,84094,45935701.0,2.74,0.25,0.01,4.45
2014-07-18,000935,4.0,4.0,4.05,3.99,54234,29806782.0,1.49,-0.74,-0.03,2.87
2014-07-21,000935,3.99,4.07,4.13,3.97,56835,31335310.0,4.0,1.75,0.07,3.01
2014-07-22,000935,4.04,4.06,4.1,4.01,55473,30707912.0,2.21,-0.25,-0.01,2.94
2014-07-23,000935,4.03,3.99,4.07,3.98,59456,32630625.0,2.22,-1.72,-0.07,3.15
2014-07-24,000935,4.0,3.97,4.02,3.94,57014,31059056.0,2.01,-0.5,-0.02,3.02
2014-07-25,000935,3.99,4.07,4.07,3.95,60633,33288070.0,3.02,2.52,0.1,3.21
2014-07-28,000935,4.05,4.14,4.16,4.04,117567,65790766.0,2.95,1.72,0.07,6.22
2014-07-29,000935,4.14,4.12,4.15,4.09,73925,41401807.0,1.45,-0.48,-0.02,3.91
2014-07-30,000935,4.12,4.11,4.18,4.09,63857,35852947.0,2.18,-0.24,-0.01,3.38
2014-07-31,000935,4.13,4.16,4.17,4.08,72718,40842624.0,2.19,1.22,0.05,3.85
2014-08-01,000935,4.14,4.09,4.17,4.09,81317,45661315.0,1.92,-1.68,-0.07,4.3
2014-08-04,000935,4.25,4.19,4.34,4.15,142778,81352701.0,4.65,2.44,0.1,7.56
2014-08-05,000935,4.2,4.72,4.72,4.16,219521,134523133.0,13.37,12.65,0.53,11.62
2014-08-06,000935,4.94,5.0,5.21,4.72,598337,387002480.0,10.38,5.93,0.28,31.67
2014-08-07,000935,4.92,4.69,4.94,4.66,319308,201641398.0,5.6,-6.2,-0.31,16.9
2014-08-08,000935,4.68,4.7,4.77,4.61,175762,109466377.0,3.41,0.21,0.01,9.3
2014-08-11,000935,4.68,4.74,4.76,4.66,134236,83840339.0,2.13,0.85,0.04,7.11
2014-08-12,000935,4.73,4.76,4.84,4.69,123816,77947992.0,3.16,0.42,0.02,6.55
2014-08-13,000935,4.76,4.71,4.82,4.6,133194,82732785.0,4.62,-1.05,-0.05,7.05
2014-08-14,000935,4.66,4.68,4.79,4.66,109831,68547839.0,2.76,-0.64,-0.03,5.81
2014-08-15,000935,4.68,4.69,4.71,4.64,77736,48165506.0,1.5,0.21,0.01,4.12
2014-08-18,000935,4.68,4.73,4.73,4.65,80224,49862471.0,1.71,0.85,0.04,4.25
2014-08-19,000935,4.72,4.7,4.73,4.63,79246,49118479.0,2.11,-0.63,-0.03,4.2
2014-08-20,000935,4.69,4.71,4.81,4.66,112959,70769989.0,3.19,0.21,0.01,5.98
2014-08-21,000935,4.75,4.72,4.77,4.65,71605,44581850.0,2.55,0.21,0.01,3.79
2014-08-22,000935,4.72,4.82,4.84,4.7,148988,94104671.0,2.97,2.12,0.1,7.89
2014-08-25,000935,4.82,4.7,4.83,4.68,83566,52336389.0,3.11,-2.49,-0.12,4.42
2014-08-26,000935,4.67,4.5,4.7,4.47,79969,48790343.0,4.89,-4.26,-0.2,4.23
2014-08-27,000935,4.53,4.49,4.55,4.44,46650,27993096.0,2.44,-0.22,-0.01,2.47
2014-08-28,000935,4.51,4.51,4.54,4.45,38265,22969401.0,2.0,0.45,0.02,2.03
2014-08-29,000935,4.51,4.56,4.56,4.45,32749,19751006.0,2.44,1.11,0.05,1.73
2014-09-01,000935,4.57,4.72,4.78,4.56,84577,52721331.0,4.82,3.51,0.16,4.48
2014-09-02,000935,4.72,4.73,4.75,4.69,74087,46236391.0,1.27,0.21,0.01,3.92
2014-09-03,000935,4.74,4.74,4.78,4.7,75370,47212447.0,1.69,0.21,0.01,3.99
2014-09-04,000935,4.75,4.78,4.82,4.71,91777,57869800.0,2.32,0.84,0.04,4.86
2014-09-05,000935,4.78,4.77,4.81,4.72,67132,42198991.0,1.88,-0.21,-0.01,3.55
2014-09-09,000935,4.79,4.81,4.83,4.73,87378,55271647.0,2.1,0.84,0.04,4.63
2014-09-10,000935,4.78,4.93,4.95,4.7,145010,92620905.0,5.2,2.49,0.12,7.68
2014-09-11,000935,4.91,4.82,4.95,4.76,125901,80579854.0,3.85,-2.23,-0.11,6.66
2014-09-12,000935,4.83,4.9,4.91,4.79,84166,53929484.0,2.49,1.66,0.08,4.46
2014-09-15,000935,4.93,4.99,5.04,4.9,104952,68379709.0,2.86,1.84,0.09,5.56
2014-09-16,000935,5.0,4.72,5.02,4.72,113465,72863993.0,6.01,-5.41,-0.27,6.01
2014-09-17,000935,4.75,4.81,4.85,4.7,77635,48946082.0,3.18,1.91,0.09,4.11
2014-09-18,000935,4.8,4.82,4.85,4.75,57527,36511534.0,2.08,0.21,0.01,3.05
2014-09-19,000935,4.82,4.83,4.88,4.77,56472,35903710.0,2.28,0.21,0.01,2.99
2014-09-22,000935,4.83,4.73,4.83,4.7,53545,33720018.0,2.69,-2.07,-0.1,2.83
2014-09-23,000935,4.73,4.8,4.81,4.7,55539,35008303.0,2.33,1.48,0.07,2.94
2014-09-24,000935,4.79,4.9,4.91,4.76,89823,57347876.0,3.13,2.08,0.1,4.76
2014-09-25,000935,4.95,4.91,5.02,4.85,106304,68852848.0,3.47,0.2,0.01,5.63
2014-09-26,000935,4.9,5.01,5.02,4.86,94942,61779010.0,3.26,2.04,0.1,5.03
2014-09-29,000935,5.04,5.01,5.1,4.97,82766,54376869.0,2.59,0.0,0.0,4.38
2014-09-30,000935,5.03,5.07,5.1,4.97,108196,71270358.0,2.59,1.2,0.06,5.73
2014-10-08,000935,5.14,5.19,5.22,5.1,128720,86459740.0,2.37,2.37,0.12,6.81
2014-10-09,000935,5.18,5.13,5.18,5.0,115526,76904049.0,3.47,-1.16,-0.06,6.12
2014-10-10,000935,5.08,5.05,5.14,5.0,76424,50622141.0,2.73,-1.56,-0.08,4.05
2014-10-13,000935,5.04,5.24,5.24,5.0,108560,72742350.0,4.75,3.76,0.19,5.75
2014-10-14,000935,5.21,5.12,5.26,5.08,79825,53727677.0,3.44,-2.29,-0.12,4.23
2014-10-15,000935,5.14,5.16,5.19,5.06,75412,50439960.0,2.54,0.78,0.04,3.99
2014-10-16,000935,5.1,4.97,5.18,4.97,87157,57916705.0,4.07,-3.68,-0.19,4.61
2014-10-17,000935,4.96,4.88,5.01,4.75,78751,50505112.0,5.23,-1.81,-0.09,4.17
2014-10-20,000935,4.9,5.1,5.14,4.9,81071,53250801.0,4.92,4.51,0.22,4.29
2014-10-21,000935,5.14,5.06,5.19,5.04,78140,52113540.0,2.94,-0.78,-0.04,4.14
2014-10-22,000935,5.11,5.02,5.21,5.0,93665,62607513.0,4.15,-0.79,-0.04,4.96
2014-10-23,000935,5.02,4.85,5.07,4.79,66677,42847357.0,5.58,-3.39,-0.17,3.53
2014-10-24,000935,4.85,4.84,4.88,4.79,33282,21211312.0,1.86,-0.21,-0.01,1.76
2014-10-27,000935,4.85,4.72,4.85,4.68,56473,35363353.0,3.51,-2.48,-0.12,2.99
2014-10-28,000935,4.75,4.88,4.91,4.73,57154,36360976.0,3.81,3.39,0.16,3.03
2014-10-29,000935,4.9,5.02,5.13,4.87,88815,58007994.0,5.33,2.87,0.14,4.7
2014-10-30,000935,5.02,5.05,5.18,4.99,95567,63468157.0,3.78,0.6,0.03,5.06
2014-10-31,000935,5.06,5.13,5.16,4.97,95926,63366655.0,3.76,1.58,0.08,5.08
2014-11-03,000935,5.13,5.3,5.42,5.13,201339,137868472.0,5.65,3.31,0.17,10.66
2014-11-04,000935,5.25,5.23,5.29,5.13,96427,65261066.0,3.02,-1.32,-0.07,5.1
2014-11-05,000935,5.26,5.15,5.38,5.15,81032,55270842.0,4.4,-1.53,-0.08,4.29
2014-11-06,000935,5.13,5.23,5.23,5.05,72688,48568524.0,3.5,1.55,0.08,3.85
2014-11-07,000935,5.24,5.07,5.32,5.03,88098,59391212.0,5.54,-3.06,-0.16,4.66
2014-11-10,000935,5.08,5.16,5.24,5.08,75614,50779892.0,3.16,1.78,0.09,4.0
2014-11-11,000935,5.17,4.88,5.21,4.83,92207,60536000.0,7.36,-5.43,-0.28,4.88
2014-11-12,000935,4.88,4.95,4.97,4.84,41125,26558342.0,2.66,1.43,0.07,2.18
2014-11-13,000935,4.97,4.96,4.99,4.85,40408,26137693.0,2.83,0.2,0.01,2.14
2014-11-14,000935,4.93,4.93,4.97,4.85,37563,24244799.0,2.42,-0.6,-0.03,1.99
2014-11-17,000935,4.92,5.03,5.04,4.92,46524,30435474.0,2.43,2.03,0.1,2.46
2014-11-18,000935,5.02,5.07,5.11,4.99,44075,29098600.0,2.39,0.8,0.04,2.33
2014-11-19,000935,5.07,5.04,5.09,5.0,36365,23954736.0,1.78,-0.59,-0.03,1.93
2014-11-20,000935,5.0,4.97,5.01,4.95,37809,24640591.0,1.19,-1.39,-0.07,2.0
2014-11-21,000935,4.95,5.03,5.04,4.95,33606,21965015.0,1.81,1.21,0.06,1.78
2014-11-24,000935,5.28,5.17,5.32,5.13,135508,91542586.0,3.78,2.78,0.14,7.17
2014-11-25,000935,5.13,5.19,5.2,5.11,96970,65196721.0,1.74,0.39,0.02,5.13
2014-11-26,000935,5.2,5.6,5.79,5.11,234895,164386510.0,13.1,7.9,0.41,12.43
2014-11-27,000935,5.52,5.48,5.6,5.39,168406,118851381.0,3.75,-2.14,-0.12,8.92
2014-11-28,000935,5.47,5.42,5.53,5.3,110699,77556142.0,4.2,-1.09,-0.06,5.86
2014-12-01,000935,5.42,5.44,5.52,5.38,94669,66508950.0,2.58,0.37,0.02,5.01
2014-12-02,000935,5.39,5.44,5.48,5.36,86783,60919821.0,2.21,0.0,0.0,4.59
2014-12-03,000935,5.45,5.51,5.61,5.4,118204,83760469.0,3.86,1.29,0.07,6.26
2014-12-04,000935,5.48,5.57,5.61,5.46,120357,85961192.0,2.72,1.09,0.06,6.37
2014-12-05,000935,5.58,5.17,5.58,5.03,143492,98402731.0,9.87,-7.18,-0.4,7.6
2014-12-08,000935,5.12,5.22,5.26,4.87,92925,62722024.0,7.54,0.97,0.05,4.92
2014-12-09,000935,5.19,5.13,5.59,5.08,182101,126326549.0,9.77,-1.72,-0.09,9.64
2014-12-10,000935,5.22,5.34,5.35,5.05,103338,70281394.0,5.85,4.09,0.21,5.47
2014-12-11,000935,5.33,5.39,5.4,5.24,93398,64353876.0,3.0,0.94,0.05,4.94
2014-12-12,000935,5.39,5.49,5.5,5.39,92169,64722842.0,2.04,1.86,0.1,4.88
2014-12-15,000935,5.42,5.69,5.81,5.4,150037,107934996.0,7.47,3.64,0.2,7.94
2014-12-16,000935,5.63,5.76,5.89,5.53,153323,111667055.0,6.33,1.23,0.07,8.12
2014-12-17,000935,5.67,5.54,5.76,5.45,83440,60006967.0,5.38,-3.82,-0.22,4.42
2014-12-18,000935,5.52,5.5,5.6,5.49,59869,42669215.0,1.99,-0.72,-0.04,3.17
2014-12-19,000935,5.5,5.33,5.51,5.22,101638,70372896.0,5.27,-3.09,-0.17,5.38
2014-12-22,000935,5.33,5.19,5.56,5.17,102337,70844184.0,7.32,-2.63,-0.14,5.42
2014-12-23,000935,5.18,5.11,5.31,5.1,67440,45659626.0,4.05,-1.54,-0.08,3.57
2014-12-24,000935,5.11,5.26,5.26,5.1,54411,36652726.0,3.13,2.94,0.15,2.88
2014-12-25,000935,5.25,5.56,5.68,5.24,161359,114340039.0,8.37,5.7,0.3,8.54
2014-12-26,000935,5.82,5.62,5.96,5.58,247214,181589734.0,6.83,1.08,0.06,13.09
2014-12-29,000935,5.53,5.71,5.82,5.46,181462,131377091.0,6.41,1.6,0.09,9.61
2014-12-30,000935,5.66,5.82,6.06,5.56,270187,202162899.0,8.76,1.93,0.11,14.3
2014-12-31,000935,5.76,5.64,5.85,5.54,138466,100477024.0,5.33,-3.09,-0.18,7.33
2015-01-05,000935,5.64,5.76,5.8,5.53,140291,102359461.0,4.79,2.13,0.12,7.43
2015-01-06,000935,5.67,5.69,5.77,5.57,104999,76138045.0,3.47,-1.22,-0.07,5.56
2015-01-07,000935,5.68,5.97,6.12,5.62,269068,202000244.0,8.79,4.92,0.28,14.24
2015-01-08,000935,5.89,5.71,5.94,5.63,147955,108953219.0,5.19,-4.36,-0.26,7.83
2015-01-09,000935,5.68,5.56,5.84,5.56,99964,72926949.0,4.9,-2.63,-0.15,5.29
2015-01-12,000935,5.53,5.39,5.53,5.31,87956,61200226.0,3.96,-3.06,-0.17,4.66
2015-01-13,000935,5.39,5.46,5.47,5.35,46814,32784999.0,2.23,1.3,0.07,2.48
2015-01-14,000935,5.56,5.66,5.87,5.54,120277,87480897.0,6.04,3.66,0.2,6.37
2015-01-15,000935,5.58,5.64,5.65,5.5,67942,48655624.0,2.65,-0.35,-0.02,3.6
2015-01-16,000935,5.67,5.62,5.67,5.57,52667,37970608.0,1.77,-0.35,-0.02,2.79
2015-01-19,000935,5.41,5.17,5.55,5.01,95115,66088470.0,9.61,-8.01,-0.45,5.04
2015-01-20,000935,5.24,5.32,5.33,5.21,65581,44867322.0,2.32,2.9,0.15,3.47
2015-01-21,000935,5.32,5.48,5.48,5.32,56894,39859927.0,3.01,3.01,0.16,3.01
2015-01-22,000935,5.48,5.56,5.56,5.44,61430,43533306.0,2.19,1.46,0.08,3.25
2015-01-23,000935,5.56,5.47,5.58,5.42,61330,43305961.0,2.88,-1.62,-0.09,3.25
2015-01-26,000935,5.49,5.58,5.58,5.42,74130,52512512.0,2.93,2.01,0.11,3.92
2015-01-27,000935,5.55,5.6,5.67,5.48,96109,68770844.0,3.41,0.36,0.02,5.09
2015-01-28,000935,5.58,5.7,5.95,5.52,155719,114279775.0,7.68,1.79,0.1,8.24
2015-01-29,000935,5.62,5.55,5.66,5.52,74354,53230083.0,2.46,-2.63,-0.15,3.94
2015-01-30,000935,5.53,5.5,5.59,5.49,42911,30575726.0,1.8,-0.9,-0.05,2.27
2015-02-02,000935,5.41,5.48,5.52,5.36,36046,25382148.0,2.91,-0.36,-0.02,1.91
2015-02-03,000935,5.46,5.57,5.57,5.46,36466,25901551.0,2.01,1.64,0.09,1.93
2015-02-04,000935,5.59,5.49,5.64,5.47,50201,35895329.0,3.05,-1.44,-0.08,2.66
2015-02-05,000935,5.54,5.39,5.57,5.38,48792,34381685.0,3.46,-1.82,-0.1,2.58
2015-02-06,000935,5.39,5.26,5.41,5.24,37935,26191507.0,3.15,-2.41,-0.13,2.01
2015-02-09,000935,5.23,5.28,5.34,5.21,22278,15271638.0,2.47,0.38,0.02,1.18
2015-02-10,000935,5.28,5.32,5.32,5.25,22991,15792315.0,1.33,0.76,0.04,1.22
2015-02-11,000935,5.32,5.38,5.51,5.28,35868,24942376.0,4.32,1.13,0.06,1.9
2015-02-12,000935,5.35,5.37,5.4,5.32,27610,19163917.0,1.49,-0.19,-0.01,1.46
2015-02-13,000935,5.39,5.45,5.5,5.37,43483,30588672.0,2.42,1.49,0.08,2.3
2015-02-16,000935,5.46,5.5,5.54,5.45,39162,27742767.0,1.65,0.92,0.05,2.07
2015-02-17,000935,5.53,5.52,5.53,5.49,40486,28732380.0,0.73,0.36,0.02,2.14
2015-02-25,000935,5.53,5.55,5.58,5.47,42490,30224432.0,1.99,0.54,0.03,2.25
2015-02-26,000935,5.55,5.6,5.61,5.53,52459,37583416.0,1.44,0.9,0.05,2.78
2015-02-27,000935,5.6,5.62,5.64,5.56,54875,39523319.0,1.43,0.36,0.02,2.9
2015-03-02,000935,5.66,5.72,5.74,5.61,89310,64876760.0,2.31,1.78,0.1,4.73
2015-03-03,000935,5.7,5.79,6.03,5.63,226613,169080617.0,6.99,1.22,0.07,12.0
2015-03-04,000935,5.75,5.8,5.81,5.67,112472,82537226.0,2.42,0.17,0.01,5.95
2015-03-05,000935,5.8,5.77,5.85,5.68,79958,58769260.0,2.93,-0.52,-0.03,4.23
2015-03-06,000935,5.78,5.8,5.88,5.7,72964,53957650.0,3.12,0.52,0.03,3.86
2015-03-09,000935,5.81,5.94,6.02,5.76,129483,97601367.0,4.48,2.41,0.14,6.85
2015-03-10,000935,5.91,5.9,5.98,5.84,85701,64529368.0,2.36,-0.67,-0.04,4.54
2015-03-11,000935,5.9,5.81,5.93,5.76,84229,62656314.0,2.88,-1.53,-0.09,4.46
2015-03-12,000935,5.81,5.8,5.86,5.72,81654,60362154.0,2.41,-0.17,-0.01,4.32
2015-03-13,000935,5.81,6.08,6.12,5.79,164496,124864456.0,5.69,4.83,0.28,8.71
2015-03-16,000935,6.19,6.13,6.22,6.02,156047,120959512.0,3.29,0.82,0.05,8.26
2015-03-17,000935,6.14,6.17,6.22,6.08,131260,102026030.0,2.28,0.65,0.04,6.95
2015-03-18,000935,6.19,6.35,6.38,6.13,143698,113812890.0,4.05,2.92,0.18,7.61
2015-03-19,000935,6.31,6.29,6.37,6.2,129196,102455760.0,2.68,-0.94,-0.06,6.84
2015-03-20,000935,6.27,6.34,6.47,6.26,100219,80212617.0,3.34,0.79,0.05,5.31
2015-03-23,000935,6.35,6.42,6.46,6.35,119479,96101879.0,1.74,1.26,0.08,6.32
2015-03-24,000935,6.4,6.22,6.42,6.08,156299,123135151.0,5.3,-3.12,-0.2,8.27
2015-03-25,000935,6.22,6.34,6.39,6.17,149217,118690305.0,3.54,1.93,0.12,7.9
2015-03-26,000935,6.32,6.35,6.42,6.26,124850,99866278.0,2.52,0.16,0.01,6.61
2015-03-27,000935,6.34,6.5,6.54,6.33,135582,109268791.0,3.31,2.36,0.15,7.18
2015-03-30,000935,6.53,6.7,6.91,6.47,176638,147701345.0,6.77,3.08,0.2,9.35
2015-03-31,000935,6.82,6.61,6.84,6.56,139828,116875535.0,4.18,-1.34,-0.09,7.4
2015-04-01,000935,6.59,6.76,6.8,6.57,92619,77452320.0,3.48,2.27,0.15,4.9
2015-04-02,000935,6.77,6.93,6.98,6.73,130184,110899808.0,3.7,2.51,0.17,6.89
2015-04-03,000935,6.89,7.18,7.23,6.84,143728,126345179.0,5.63,3.61,0.25,7.61
2015-04-07,000935,7.2,7.28,7.49,7.2,154287,139669924.0,4.04,1.39,0.1,8.17
2015-04-08,000935,7.3,7.14,7.33,7.02,121028,107138332.0,4.26,-1.92,-0.14,6.41
2015-04-09,000935,7.1,6.9,7.17,6.67,115179,98538251.0,7.0,-3.36,-0.24,6.1
2015-04-10,000935,6.88,7.08,7.14,6.8,94121,81951059.0,4.93,2.61,0.18,4.98
2015-04-13,000935,7.11,7.28,7.33,7.11,125020,111799067.0,3.11,2.82,0.2,6.62
2015-04-14,000935,7.28,7.52,7.91,7.2,180045,167291045.0,9.75,3.3,0.24,9.53
2015-04-15,000935,7.36,7.02,7.4,7.0,138675,123025456.0,5.32,-6.65,-0.5,7.34
2015-04-16,000935,6.91,7.05,7.11,6.75,96398,83294213.0,5.13,0.43,0.03,5.1
2015-04-17,000935,7.06,7.35,7.47,7.01,193148,171893094.0,6.52,4.26,0.3,10.22
2015-04-20,000935,7.25,6.97,7.32,6.93,157303,139151717.0,5.31,-5.17,-0.38,8.33
2015-04-21,000935,6.91,7.2,7.26,6.88,119143,104797492.0,5.45,3.3,0.23,6.31
2015-04-22,000935,7.24,7.43,7.45,7.23,199857,181437967.0,3.06,3.19,0.23,10.58
2015-04-23,000935,7.42,7.66,7.66,7.29,228613,210688240.0,4.98,3.1,0.23,12.1
2015-04-24,000935,7.51,7.55,7.64,7.34,167640,154811527.0,3.92,-1.44,-0.11,8.87
2015-04-27,000935,7.82,7.53,7.89,7.46,183049,171275901.0,5.7,-0.26,-0.02,9.69
2015-04-28,000935,7.54,7.19,7.58,7.1,149944,135162437.0,6.37,-4.52,-0.34,7.94
2015-04-29,000935,7.13,7.47,7.54,7.1,149426,136047085.0,6.12,3.89,0.28,7.91
2015-04-30,000935,7.46,7.34,7.53,7.3,131850,120191035.0,3.08,-1.74,-0.13,6.98
2015-05-04,000935,7.34,7.52,7.52,7.3,99096,90701173.0,3.0,2.45,0.18,5.25
2015-05-05,000935,7.5,7.01,7.5,6.99,115292,103200132.0,6.78,-6.78,-0.51,6.1
2015-05-06,000935,7.03,6.64,7.15,6.46,104158,89159266.0,9.84,-5.28,-0.37,5.51
2015-05-07,000935,6.63,6.48,6.67,6.42,71171,58268347.0,3.77,-2.41,-0.16,3.77
2015-05-08,000935,6.57,6.73,6.74,6.52,81042,67235140.0,3.4,3.86,0.25,4.29
2015-05-11,000935,6.81,7.02,7.03,6.76,110856,95080791.0,4.01,4.31,0.29,5.87
2015-05-12,000935,7.19,7.13,7.27,7.04,111004,98156568.0,3.28,1.57,0.11,5.88
2015-05-13,000935,7.07,7.07,7.2,6.95,123601,108551328.0,3.51,-0.84,-0.06,6.54
2015-05-14,000935,7.07,7.19,7.26,7.04,108085,95836193.0,3.11,1.7,0.12,3.38
2015-05-15,000935,7.15,6.95,7.17,6.82,93584,81235684.0,4.87,-3.34,-0.24,2.93
2015-05-18,000935,6.86,7.04,7.1,6.81,81961,71477645.0,4.17,1.29,0.09,2.57
2015-05-19,000935,7.01,7.33,7.37,7.01,124896,112104317.0,5.11,4.12,0.29,3.91
2015-05-20,000935,7.33,7.34,7.61,7.26,146793,134417580.0,4.77,0.14,0.01,4.6
2015-05-21,000935,7.35,7.6,7.65,7.3,137798,127233741.0,4.77,3.54,0.26,4.31
2015-05-22,000935,7.66,7.75,7.79,7.47,198425,186051120.0,4.21,1.97,0.15,6.21
2015-05-25,000935,7.66,8.09,8.27,7.6,246491,240006870.0,8.65,4.39,0.34,7.72
2015-05-26,000935,8.09,8.3,8.44,7.95,183062,183546298.0,6.06,2.6,0.21,5.73
2015-05-27,000935,8.3,8.47,8.53,8.07,171330,172275526.0,5.54,2.05,0.17,5.36
2015-05-28,000935,8.86,7.97,9.15,7.94,264111,274027392.0,14.29,-5.9,-0.5,8.27
2015-05-29,000935,8.09,8.21,8.36,7.61,189304,185503233.0,9.41,3.01,0.24,5.93
2015-06-01,000935,8.19,8.6,8.71,8.16,175524,179818283.0,6.7,4.75,0.39,5.5
2015-06-02,000935,8.61,8.92,8.92,8.45,196800,205238208.0,5.47,3.72,0.32,6.16
2015-06-03,000935,8.92,9.07,9.43,8.78,223909,244370474.0,7.29,1.68,0.15,7.01
2015-06-04,000935,9.01,9.74,9.85,8.74,275205,310571424.0,12.24,7.39,0.67,8.62
2015-06-05,000935,9.9,10.02,10.41,9.67,244445,290680848.0,7.6,2.87,0.28,7.65
2015-06-08,000935,10.03,9.65,10.08,9.4,191477,221413587.0,6.79,-3.69,-0.37,5.99
2015-06-09,000935,9.66,9.82,9.97,9.56,126607,146972478.0,4.25,1.76,0.17,3.96
2015-06-10,000935,9.69,9.89,10.12,9.48,154970,181852290.0,6.52,0.71,0.07,4.85
2015-06-11,000935,9.77,10.4,10.46,9.68,188608,225451407.0,7.89,5.16,0.51,5.9
2015-06-12,000935,10.32,10.44,10.78,10.18,178596,221095374.0,5.77,0.38,0.04,5.59
2015-06-15,000935,10.38,10.52,10.93,10.29,168412,211781302.0,6.13,0.77,0.08,5.27
2015-06-16,000935,10.31,10.4,10.58,9.85,167620,201712791.0,6.94,-1.14,-0.12,5.25
2015-06-17,000935,10.25,10.87,10.93,9.98,154736,190869603.0,9.13,4.52,0.47,4.84
2015-06-18,000935,10.84,10.6,11.34,10.6,178686,230884377.0,6.81,-2.48,-0.27,5.59
2015-06-19,000935,10.04,9.43,10.31,9.43,137993,160178259.0,8.3,-11.04,-1.17,4.32
2015-06-23,000935,9.41,9.04,9.67,8.39,130277,138899214.0,13.57,-4.14,-0.39,4.08
2015-06-24,000935,9.1,9.47,9.52,8.97,123672,136683848.0,6.08,4.76,0.43,3.87
2015-06-25,000935,9.8,8.93,9.81,8.73,131714,147816164.0,11.4,-5.7,-0.54,4.12
2015-06-26,000935,8.55,7.93,8.58,7.93,120477,119966594.0,7.28,-11.2,-1.0,3.77
2015-06-29,000935,8.11,7.04,8.17,7.04,246730,220187900.0,14.25,-11.22,-0.89,7.72
2015-06-30,000935,6.88,7.47,7.49,6.22,265602,222077453.0,18.04,6.11,0.43,8.32
2015-07-01,000935,7.28,6.64,7.55,6.63,183695,163070437.0,12.32,-11.11,-0.83,5.75
2015-07-02,000935,6.73,5.95,6.86,5.89,169339,133800038.0,14.61,-10.39,-0.69,5.3
2015-07-03,000935,5.8,5.25,6.08,5.25,156029,109915486.0,13.95,-11.76,-0.7,4.88
2015-07-06,000935,5.82,5.02,5.82,4.72,176327,119122731.0,20.95,-4.38,-0.23,5.52
2015-07-15,000935,5.63,5.63,5.63,5.63,13511,9687351.0,0.0,12.15,0.61,0.42
2015-07-16,000935,5.14,5.54,5.85,4.96,227923,158104491.0,15.81,-1.6,-0.09,7.14
2015-07-17,000935,5.47,5.96,6.12,5.47,201298,147954797.0,11.73,7.58,0.42,6.3
2015-07-20,000935,5.85,6.06,6.15,5.66,225682,170205072.0,8.22,1.68,0.1,7.07
2015-07-21,000935,5.87,6.27,6.37,5.57,236268,181400600.0,13.2,3.47,0.21,7.4
2015-07-22,000935,6.2,6.21,6.26,5.88,183487,141209493.0,6.06,-0.96,-0.06,5.74
2015-07-23,000935,6.21,6.5,6.59,6.15,235793,188349780.0,7.09,4.67,0.29,7.38
2015-07-24,000935,6.46,6.28,6.58,6.2,214121,171500345.0,5.85,-3.38,-0.22,6.7
2015-07-27,000935,6.04,5.54,6.26,5.54,162517,121175521.0,11.46,-11.78,-0.74,5.09
2015-07-28,000935,5.05,5.14,5.54,4.88,182855,121763195.0,11.91,-7.22,-0.4,5.72
2015-07-29,000935,5.27,5.55,5.57,5.1,118394,80881151.0,9.14,7.98,0.41,3.71
2015-07-30,000935,5.52,5.33,5.74,5.32,111220,78699539.0,7.57,-3.96,-0.22,3.48
2015-07-31,000935,5.3,5.18,5.41,5.0,77040,52045809.0,7.69,-2.81,-0.15,2.41
2015-08-03,000935,5.13,5.21,5.41,5.03,97528,65735421.0,7.34,0.58,0.03,3.05
2015-08-04,000935,5.23,5.64,5.64,5.2,123999,86168139.0,8.45,8.25,0.43,3.88
2015-08-05,000935,5.54,5.78,6.21,5.51,213882,159356708.0,12.41,2.48,0.14,6.7
2015-08-06,000935,5.56,5.62,5.75,5.52,105190,75525007.0,3.98,-2.77,-0.16,3.29
2015-08-07,000935,5.67,5.82,5.86,5.62,102705,75190972.0,4.27,3.56,0.2,3.22
2015-08-10,000935,5.85,6.21,6.22,5.78,175913,133453981.0,7.56,6.7,0.39,5.51
2015-08-11,000935,6.11,6.12,6.29,6.0,186885,144240522.0,4.67,-1.45,-0.09,5.85
2015-08-12,000935,5.98,6.04,6.21,5.95,103631,79447844.0,4.25,-1.31,-0.08,3.24
2015-08-13,000935,6.05,6.28,6.29,5.93,146621,113120638.0,5.96,3.97,0.24,4.59
2015-08-14,000935,6.31,6.39,6.46,6.26,164840,131120923.0,3.18,1.75,0.11,5.16
2015-08-17,000935,6.31,6.65,6.67,6.27,169853,137957896.0,6.26,4.07,0.26,5.32
2015-08-18,000935,6.68,5.88,6.75,5.88,193255,151203441.0,13.08,-11.58,-0.77,6.05
2015-08-19,000935,5.56,6.06,6.15,5.42,144352,106458260.0,12.41,3.06,0.18,4.52
2015-08-20,000935,5.92,5.89,6.26,5.88,125888,96310661.0,6.27,-2.81,-0.17,3.94
2015-08-21,000935,5.78,5.47,5.88,5.47,101114,72884728.0,6.96,-7.13,-0.42,3.17
2015-08-24,000935,5.21,4.82,5.27,4.82,102345,65194358.0,8.23,-11.88,-0.65,3.2
2015-08-25,000935,4.3,4.23,4.52,4.23,112164,64554570.0,6.02,-12.24,-0.59,3.51
2015-08-26,000935,4.3,4.23,4.46,4.03,144879,82573312.0,10.17,0.0,0.0,4.54
2015-08-27,000935,4.28,4.44,4.44,4.17,102246,58996492.0,6.38,4.96,0.21,3.2
2015-08-28,000935,4.47,4.78,4.88,4.41,157502,95529094.0,10.59,7.66,0.34,4.93
2015-08-31,000935,4.67,4.52,4.72,4.46,86934,52485380.0,5.44,-5.44,-0.26,2.72
2015-09-01,000935,4.47,4.24,4.51,4.17,69894,40099466.0,7.52,-6.19,-0.28,2.19
2015-09-02,000935,4.09,4.2,4.45,4.08,89416,50836543.0,8.73,-0.94,-0.04,2.8
2015-09-07,000935,4.2,4.31,4.47,4.2,64439,37314242.0,6.43,2.62,0.11,2.02
2015-09-08,000935,4.32,4.53,4.59,4.27,83664,49173725.0,7.42,5.1,0.22,2.62
2015-09-09,000935,4.56,4.83,4.98,4.5,186966,115924648.0,10.6,6.62,0.3,5.85
2015-09-10,000935,4.72,4.56,4.77,4.52,104713,64339574.0,5.18,-5.59,-0.27,3.28
2015-09-11,000935,4.55,4.63,4.68,4.49,57504,34836433.0,4.17,1.54,0.07,1.8
2015-09-14,000935,4.67,4.25,4.7,4.2,102028,59198721.0,10.8,-8.21,-0.38,3.19
2015-09-15,000935,4.2,4.25,4.32,4.2,101932,58032550.0,2.82,0.0,0.0,3.19
2015-09-16,000935,4.27,4.65,4.76,4.25,129766,77111265.0,12.0,9.41,0.4,4.06
2015-09-17,000935,4.56,4.44,4.7,4.43,129933,78555470.0,5.81,-4.52,-0.21,4.07
2015-09-18,000935,4.49,4.46,4.51,4.35,54536,32129506.0,3.6,0.45,0.02,1.71
2015-09-21,000935,4.4,4.6,4.64,4.38,61607,36960126.0,5.83,3.14,0.14,1.93
2015-09-22,000935,4.61,4.66,4.73,4.56,107352,65863260.0,3.7,1.3,0.06,3.36
2015-09-23,000935,4.58,4.58,4.71,4.49,72226,44002162.0,4.72,-1.72,-0.08,2.26
2015-09-24,000935,4.62,4.66,4.68,4.58,60345,36794976.0,2.18,1.75,0.08,1.89
2015-09-25,000935,4.63,4.56,4.67,4.46,76716,46218087.0,4.51,-2.15,-0.1,2.4
2015-09-28,000935,4.56,4.75,4.75,4.48,68930,41890019.0,5.92,4.17,0.19,2.16
2015-09-29,000935,4.64,4.61,4.69,4.57,40111,24453450.0,2.53,-2.95,-0.14,1.26
2015-09-30,000935,4.61,4.58,4.66,4.54,37390,22662380.0,2.6,-0.65,-0.03,1.17
2015-10-08,000935,4.7,4.76,4.86,4.7,106216,66300203.0,3.49,3.93,0.18,3.33
2015-10-09,000935,4.73,4.86,4.94,4.71,114713,72361097.0,4.83,2.1,0.1,3.59
2015-10-12,000935,4.84,5.04,5.14,4.83,208461,135635677.0,6.38,3.7,0.18,6.53
2015-10-13,000935,4.98,5.08,5.12,4.95,119763,78292869.0,3.37,0.79,0.04,3.75
2015-10-14,000935,5.0,4.92,5.14,4.9,115806,75517089.0,4.72,-3.15,-0.16,3.63
2015-10-15,000935,4.88,5.07,5.09,4.85,99921,65074475.0,4.88,3.05,0.15,3.13
2015-10-16,000935,5.09,5.11,5.14,5.02,120948,79623801.0,2.37,0.79,0.04,3.79
2015-10-19,000935,5.11,5.3,5.31,5.02,162660,108408398.0,5.68,3.72,0.19,5.09
2015-10-20,000935,5.25,5.31,5.36,5.15,109217,74023437.0,3.96,0.19,0.01,3.42
2015-10-21,000935,5.25,4.79,5.41,4.73,150803,99836356.0,12.81,-9.79,-0.52,4.72
2015-10-22,000935,4.8,4.93,4.96,4.74,93750,59412750.0,4.59,2.92,0.14,2.94
2015-10-23,000935,5.0,5.06,5.1,4.93,101859,66356692.0,3.45,2.64,0.13,3.19
2015-10-26,000935,5.12,5.22,5.37,5.09,116831,78463542.0,5.53,3.16,0.16,3.66
2015-10-27,000935,5.18,5.2,5.25,4.84,86546,57006064.0,7.85,-0.38,-0.02,2.71
2015-10-28,000935,5.22,5.13,5.41,5.12,114511,77794505.0,5.58,-1.35,-0.07,3.59
2015-10-29,000935,5.16,5.24,5.27,5.11,89189,59911877.0,3.12,2.14,0.11,2.79
2015-10-30,000935,5.24,5.28,5.41,5.21,120412,82253109.0,3.82,0.76,0.04,3.77
2015-11-02,000935,5.1,5.1,5.25,5.01,68646,45450929.0,4.55,-3.41,-0.18,2.15
2015-11-03,000935,5.12,5.03,5.14,4.97,58096,38072303.0,3.33,-1.37,-0.07,1.82
2015-11-04,000935,5.04,5.36,5.38,5.04,117274,79008872.0,6.76,6.56,0.33,3.67
2015-11-05,000935,5.33,5.42,5.45,5.25,138679,95604553.0,3.73,1.12,0.06,4.34
2015-11-06,000935,5.38,5.53,5.56,5.31,113854,80151568.0,4.61,2.03,0.11,3.56
2015-11-09,000935,5.49,5.57,5.66,5.37,117247,82393870.0,5.24,0.72,0.04,3.67
2015-11-10,000935,5.49,5.54,5.58,5.44,89523,63154391.0,2.51,-0.54,-0.03,2.8
2015-11-11,000935,5.53,5.73,5.84,5.5,147859,106773792.0,6.14,3.43,0.19,4.63
2015-11-12,000935,5.71,5.59,5.74,5.52,97015,69483029.0,3.84,-2.44,-0.14,3.04
2015-11-13,000935,5.53,5.44,5.53,5.39,72660,50815708.0,2.5,-2.68,-0.15,2.27
2015-11-16,000935,5.34,5.57,5.58,5.31,70462,49369107.0,4.96,2.39,0.13,2.21
2015-11-17,000935,5.6,5.63,5.67,5.52,111130,79547365.0,2.69,1.08,0.06,3.48
2015-11-18,000935,5.6,5.52,5.73,5.48,93288,66901684.0,4.44,-1.95,-0.11,2.92
2015-11-19,000935,5.53,5.61,5.61,5.46,68294,48282918.0,2.72,1.63,0.09,2.14
2015-11-20,000935,5.63,5.8,5.81,5.61,142782,104155993.0,3.57,3.39,0.19,4.47
2015-11-23,000935,5.7,5.74,5.97,5.7,141422,104734204.0,4.66,-1.03,-0.06,4.43
2015-11-24,000935,5.7,5.77,5.8,5.62,78184,56684395.0,3.14,0.52,0.03,2.45
2015-11-25,000935,5.73,5.89,5.93,5.67,99107,73362916.0,4.51,2.08,0.12,3.1
2015-11-26,000935,5.86,5.77,5.91,5.75,97237,71982232.0,2.72,-2.04,-0.12,3.04
2015-11-27,000935,5.76,5.29,5.89,5.15,95402,68706270.0,12.82,-8.32,-0.48,2.99
2015-11-30,000935,5.28,5.15,5.38,4.8,77043,51308934.0,10.96,-2.65,-0.14,2.41
2015-12-01,000935,5.13,5.78,5.78,5.08,174475,122600867.0,13.59,12.23,0.63,5.46
2015-12-03,000935,5.77,5.94,6.22,5.58,218471,163075438.0,11.07,2.77,0.16,6.84
2015-12-04,000935,5.94,6.22,6.38,5.73,249214,192947442.0,10.94,4.71,0.28,7.8
2015-12-07,000935,6.4,6.94,6.94,6.13,379976,311493344.0,13.02,11.58,0.72,11.9
2015-12-08,000935,6.86,6.74,6.91,6.61,330957,277359296.0,4.32,-2.88,-0.2,10.36
2015-12-09,000935,6.68,7.15,7.31,6.54,471964,406321808.0,11.42,6.08,0.41,14.78
2015-12-10,000935,6.91,6.7,7.12,6.59,328512,278398512.0,7.41,-6.29,-0.45,10.28
2015-12-11,000935,6.61,6.61,6.76,6.36,237547,194612356.0,5.97,-1.34,-0.09,7.44
2015-12-14,000935,6.54,6.42,6.54,6.18,227482,180823045.0,5.45,-2.87,-0.19,7.12
2015-12-15,000935,6.41,6.45,6.58,6.31,224336,179961973.0,4.21,0.47,0.03,7.02
2015-12-16,000935,6.45,6.38,6.52,6.31,159776,127935314.0,3.26,-1.09,-0.07,5.0
2015-12-17,000935,6.45,6.53,6.64,6.37,210674,171092761.0,4.23,2.35,0.15,6.6
2015-12-18,000935,6.52,6.36,6.53,6.27,171631,136834320.0,3.98,-2.6,-0.17,5.37
2015-12-21,000935,6.81,6.57,7.02,6.36,300262,249933776.0,10.38,3.3,0.21,9.4
2015-12-22,000935,6.5,6.46,6.56,6.36,149938,120700891.0,3.04,-1.67,-0.11,4.69
2015-12-23,000935,6.49,6.61,6.79,6.42,210011,172188916.0,5.73,2.32,0.15,6.57
2015-12-24,000935,6.59,6.44,6.63,6.32,98676,79166233.0,4.69,-2.57,-0.17,3.09
2015-12-25,000935,6.41,6.43,6.49,6.36,93610,74990495.0,2.02,-0.16,-0.01,2.93
2015-12-28,000935,6.43,6.24,6.57,6.21,122953,98533012.0,5.6,-2.95,-0.19,3.85
2015-12-29,000935,6.21,6.18,6.3,5.98,103410,79342897.0,5.13,-0.96,-0.06,3.24
2015-12-30,000935,6.19,6.22,6.22,6.08,76711,59337529.0,2.27,0.65,0.04,2.4
2015-12-31,000935,6.2,6.36,6.5,6.19,142358,113349188.0,4.98,2.25,0.14,4.46
2016-01-04,000935,6.31,5.62,6.39,5.62,69253,52516117.0,12.11,-11.64,-0.74,2.17
2016-01-05,000935,5.18,5.34,5.61,4.95,133919,90817080.0,11.74,-4.98,-0.28,4.19
2016-01-06,000935,5.32,5.59,5.64,5.25,134731,94913311.0,7.3,4.68,0.25,4.22
2016-01-07,000935,5.48,4.93,5.48,4.93,22189,14769365.0,9.84,-11.81,-0.66,0.69
2016-01-08,000935,5.14,5.17,5.26,4.54,104433,69204529.0,14.6,4.87,0.24,3.27
2016-01-11,000935,4.99,4.59,5.1,4.55,123111,77321111.0,10.64,-11.22,-0.58,3.85
2016-01-12,000935,4.68,4.62,4.72,4.37,70199,42176884.0,7.63,0.65,0.03,2.2
2016-01-13,000935,4.62,4.42,4.72,4.4,59602,35994928.0,6.93,-4.33,-0.2,1.87
2016-01-14,000935,4.18,4.54,4.57,4.08,61416,35691574.0,11.09,2.71,0.12,1.92
2016-01-15,000935,4.54,4.28,4.65,4.21,57288,33786477.0,9.69,-5.73,-0.26,1.79
2016-01-18,000935,4.13,4.35,4.44,4.13,44013,25362001.0,7.24,1.64,0.07,1.38
2016-01-19,000935,4.35,4.59,4.63,4.28,57129,33984327.0,8.05,5.52,0.24,1.79
2016-01-20,000935,4.54,4.58,4.65,4.49,66209,40023185.0,3.49,-0.22,-0.01,2.07
2016-01-21,000935,4.53,4.36,4.59,4.36,54723,32693928.0,5.02,-4.8,-0.22,1.71
2016-01-22,000935,4.38,4.38,4.47,4.18,57297,33096524.0,6.65,0.46,0.02,1.79
2016-01-25,000935,4.39,4.46,4.56,4.35,48025,28394526.0,4.79,1.83,0.08,1.5
2016-01-26,000935,4.42,3.92,4.42,3.91,68593,38641620.0,11.43,-12.11,-0.54,2.15
2016-01-27,000935,3.88,3.93,4.02,3.66,50781,26744835.0,9.18,0.26,0.01,1.59
2016-01-28,000935,3.88,3.79,4.0,3.74,46145,24673777.0,6.62,-3.56,-0.14,1.44
2016-01-29,000935,3.84,4.0,4.0,3.77,42869,22851892.0,6.07,5.54,0.21,1.34
2016-02-01,000935,4.0,3.91,4.07,3.83,43416,23295850.0,6.0,-2.25,-0.09,1.36
2016-02-02,000935,3.93,4.03,4.1,3.88,42299,23121876.0,5.63,3.07,0.12,1.32
2016-02-03,000935,3.99,4.09,4.11,3.93,49551,26983046.0,4.47,1.49,0.06,1.55
2016-02-04,000935,4.1,4.16,4.21,4.05,52086,29066998.0,3.91,1.71,0.07,1.63
2016-02-05,000935,4.2,4.13,4.23,4.12,33061,18559646.0,2.64,-0.72,-0.03,1.04
2016-02-15,000935,3.96,4.05,4.09,3.9,24529,13300916.0,4.6,-1.94,-0.08,0.77
2016-02-16,000935,4.08,4.28,4.3,4.08,50106,28464665.0,5.43,5.68,0.23,1.57
2016-02-17,000935,4.22,4.33,4.38,4.18,68833,39592510.0,4.67,1.17,0.05,2.16
2016-02-18,000935,4.32,4.35,4.42,4.26,53723,31281333.0,3.7,0.46,0.02,1.68
2016-02-19,000935,4.33,4.89,4.89,4.29,238674,148822636.0,13.79,12.41,0.54,7.47
2016-02-22,000935,4.97,5.49,5.49,4.88,314058,212859747.0,12.47,12.27,0.6,9.83
2016-02-23,000935,5.8,6.14,6.14,5.61,659389,501465472.0,9.65,11.84,0.65,20.64
2016-02-25,000935,5.89,5.42,5.94,5.42,345284,246740003.0,8.47,-11.73,-0.72,10.81
2016-02-26,000935,5.15,5.01,5.31,4.86,401810,264132768.0,8.3,-7.56,-0.41,12.58
2016-02-29,000935,4.89,4.64,4.96,4.41,332113,201783724.0,10.98,-7.39,-0.37,10.4
2016-03-01,000935,4.56,4.82,4.95,4.5,330411,205520984.0,9.7,3.88,0.18,10.34
2016-03-02,000935,4.72,5.35,5.4,4.69,463986,306339264.0,14.73,11.0,0.53,14.53
2016-03-03,000935,5.17,5.07,5.43,5.05,398677,268507520.0,7.1,-5.23,-0.28,12.48
2016-03-04,000935,4.88,4.79,5.14,4.69,250102,159737032.0,8.88,-5.52,-0.28,7.83
2016-03-07,000935,4.91,5.06,5.09,4.79,192343,124307665.0,6.26,5.64,0.27,6.02
2016-03-08,000935,5.06,5.1,5.11,4.59,231400,146709795.0,10.28,0.79,0.04,7.24
2016-03-09,000935,4.82,4.79,5.0,4.73,146025,92462042.0,5.29,-6.08,-0.31,4.57
2016-03-10,000935,4.8,4.38,4.85,4.33,163081,98673362.0,10.86,-8.56,-0.41,5.11
2016-03-11,000935,4.35,4.27,4.37,4.2,111295,63857031.0,3.88,-2.51,-0.11,3.48
2016-03-14,000935,4.36,4.46,4.61,4.29,129456,77330231.0,7.49,4.45,0.19,4.05
2016-03-15,000935,4.44,5.01,5.01,4.35,240302,149492239.0,14.8,12.33,0.55,7.52
2016-03-16,000935,5.0,5.33,5.56,4.72,401491,266104687.0,16.77,6.39,0.32,12.57
2016-03-17,000935,5.18,5.32,5.48,5.12,257065,174976284.0,6.75,-0.19,-0.01,8.05
2016-03-18,000935,5.28,5.28,5.54,5.23,242394,166390175.0,5.83,-0.75,-0.04,7.59
2016-03-21,000935,5.31,5.5,5.52,5.24,253518,175190158.0,5.3,4.17,0.22,7.94
2016-03-22,000935,5.38,5.27,5.44,5.26,175226,120070599.0,3.27,-4.18,-0.23,5.49
2016-03-23,000935,5.19,5.25,5.35,5.14,122182,82514843.0,3.98,-0.38,-0.02,3.83
2016-03-24,000935,5.19,5.36,5.75,5.11,239815,168265445.0,12.19,2.1,0.11,7.51
2016-03-25,000935,5.16,5.2,5.27,5.05,154786,103195086.0,4.1,-2.99,-0.16,4.85
2016-03-28,000935,5.17,5.18,5.41,5.12,122975,83117734.0,5.58,-0.38,-0.02,3.85
2016-03-29,000935,5.17,4.95,5.2,4.91,101724,66235881.0,5.6,-4.44,-0.23,3.18
2016-03-30,000935,5.0,5.18,5.18,5.0,85122,56203890.0,3.64,4.65,0.23,2.66
2016-03-31,000935,5.27,5.16,5.31,5.13,93736,62905641.0,3.47,-0.39,-0.02,2.93
2016-04-01,000935,5.18,5.18,5.27,5.07,92042,61438731.0,3.88,0.39,0.02,2.88
2016-04-05,000935,5.21,5.38,5.4,5.21,134985,92530535.0,3.67,3.86,0.2,4.23
2016-04-06,000935,5.36,5.4,5.41,5.25,103819,71117986.0,2.97,0.37,0.02,3.25
2016-04-07,000935,5.46,5.27,5.46,5.25,97927,67029703.0,3.89,-2.41,-0.13,3.07
2016-04-08,000935,5.22,5.14,5.25,5.02,75679,50194555.0,4.36,-2.47,-0.13,2.37
2016-04-11,000935,5.17,5.33,5.36,5.17,102711,69855876.0,3.7,3.7,0.19,3.22
2016-04-12,000935,5.27,5.21,5.35,5.14,64658,43459328.0,3.94,-2.25,-0.12,2.02
2016-04-13,000935,5.24,5.34,5.47,5.22,141572,97477114.0,4.8,2.5,0.13,4.43
2016-04-14,000935,5.42,5.52,5.55,5.32,126693,88354830.0,4.31,3.37,0.18,3.97
2016-04-15,000935,5.52,5.4,5.52,5.35,81328,56501170.0,3.08,-2.17,-0.12,2.55
2016-04-18,000935,5.39,5.28,5.41,5.25,67090,45776047.0,2.96,-2.22,-0.12,2.1
2016-04-19,000935,5.33,5.43,5.5,5.25,77963,53819852.0,4.73,2.84,0.15,2.44
2016-04-20,000935,5.46,4.98,5.49,4.86,119671,79359426.0,11.6,-8.29,-0.45,3.75
2016-04-21,000935,4.98,4.97,5.12,4.92,80151,52293941.0,4.02,-0.2,-0.01,2.51
2016-04-22,000935,4.89,5.1,5.12,4.85,55163,35901124.0,5.43,2.62,0.13,1.73
2016-04-25,000935,5.15,5.54,5.71,5.15,253302,179202645.0,10.98,8.63,0.44,7.93
2016-04-26,000935,5.5,5.73,5.93,5.41,205633,148739094.0,9.39,3.43,0.19,6.44
2016-04-27,000935,5.76,5.56,5.8,5.53,141021,101227622.0,4.71,-2.97,-0.17,4.42
2016-04-28,000935,5.53,5.73,5.83,5.53,164441,119057780.0,5.4,3.06,0.17,5.15
2016-04-29,000935,5.62,5.6,5.7,5.56,92429,66086458.0,2.44,-2.27,-0.13,2.89
2016-05-03,000935,5.66,5.68,5.69,5.5,95300,68361083.0,3.39,1.43,0.08,2.98
2016-05-04,000935,5.68,5.63,5.78,5.59,84839,61266806.0,3.35,-0.88,-0.05,2.66
2016-05-05,000935,5.63,5.73,5.82,5.53,105976,76502522.0,5.15,1.78,0.1,3.32
2016-05-06,000935,5.69,5.2,5.78,5.14,127956,90041399.0,11.17,-9.25,-0.53,4.01
2016-05-09,000935,5.11,4.7,5.11,4.65,119674,75030789.0,8.85,-9.62,-0.5,3.75
2016-05-10,000935,4.72,4.75,4.78,4.64,62178,38618489.0,2.98,1.06,0.05,1.95
2016-05-11,000935,4.77,4.66,4.84,4.64,57696,35758210.0,4.21,-1.89,-0.09,1.81
2016-05-12,000935,4.54,4.51,4.56,4.26,106142,62097602.0,6.44,-3.22,-0.15,3.32
2016-05-13,000935,4.49,4.46,4.57,4.36,85535,50801551.0,4.66,-1.11,-0.05,2.68
2016-05-16,000935,4.47,4.7,4.74,4.42,87729,53141220.0,7.17,5.38,0.24,2.75
2016-05-17,000935,4.67,4.65,4.77,4.6,61997,38127780.0,3.62,-1.06,-0.05,1.94
2016-05-18,000935,4.56,4.41,4.6,4.36,59321,35008289.0,5.16,-5.16,-0.24,1.86
2016-05-19,000935,4.4,4.52,4.56,4.4,58785,34999597.0,3.63,2.49,0.11,1.84
2016-05-20,000935,4.49,4.53,4.53,4.37,42335,25035250.0,3.54,0.22,0.01,1.33
2016-05-23,000935,4.51,4.67,4.72,4.46,52683,32071741.0,5.74,3.09,0.14,1.65
2016-05-24,000935,4.64,4.56,4.65,4.51,37989,22920993.0,3.0,-2.36,-0.11,1.19
2016-05-25,000935,4.63,4.51,4.65,4.49,31616,19072042.0,3.51,-1.1,-0.05,0.99
2016-05-26,000935,4.52,4.51,4.55,4.34,49600,29120502.0,4.66,0.0,0.0,1.55
2016-05-27,000935,4.48,4.5,4.53,4.43,33930,20180486.0,2.22,-0.22,-0.01,1.06
2016-05-30,000935,4.51,4.51,4.58,4.43,39211,23456381.0,3.33,0.22,0.01,1.23
2016-05-31,000935,4.55,4.7,4.75,4.51,96553,58990689.0,5.32,4.21,0.19,3.02
2016-06-01,000935,4.74,4.7,4.93,4.68,84451,52927534.0,5.32,0.0,0.0,2.64
2016-06-02,000935,4.65,4.81,4.82,4.65,72611,45209235.0,3.62,2.34,0.11,2.27
2016-06-03,000935,4.77,5.19,5.37,4.71,128626,83390802.0,13.72,7.9,0.38,4.03
2016-06-06,000935,5.09,5.01,5.14,4.96,115606,75495651.0,3.47,-3.47,-0.18,3.62
2016-06-07,000935,5.0,4.91,5.03,4.86,64292,41160014.0,3.39,-2.0,-0.1,2.01
2016-06-08,000935,4.88,4.93,5.0,4.86,56063,36045519.0,2.85,0.41,0.02,1.76
2016-06-13,000935,4.82,4.56,4.89,4.56,67992,42307674.0,6.69,-7.51,-0.37,2.13
2016-06-14,000935,4.55,4.6,4.64,4.52,41347,24983620.0,2.63,0.88,0.04,1.29
2016-06-15,000935,4.54,4.76,4.82,4.5,53341,33043255.0,6.96,3.48,0.16,1.67
2016-06-16,000935,4.82,4.73,4.93,4.7,65096,40892181.0,4.83,-0.63,-0.03,2.04
2016-06-17,000935,4.74,4.95,5.31,4.73,135538,87824049.0,12.26,4.65,0.22,4.24
2016-06-20,000935,4.91,4.85,4.98,4.74,48297,30677426.0,4.85,-2.02,-0.1,1.51
2016-06-21,000935,4.87,4.76,5.02,4.71,57465,36563674.0,6.39,-1.86,-0.09,1.8
2016-06-22,000935,4.77,4.97,5.0,4.77,68472,43936255.0,4.83,4.41,0.21,2.14
2016-06-23,000935,4.91,4.9,4.97,4.81,43843,27920109.0,3.22,-1.41,-0.07,1.37
2016-06-24,000935,4.96,4.98,5.19,4.76,91845,59452288.0,8.78,1.63,0.08,2.88
2016-06-27,000935,4.83,4.99,5.08,4.83,101264,65666134.0,5.02,0.2,0.01,3.17
2016-06-28,000935,4.96,5.12,5.16,4.93,102742,67546417.0,4.61,2.61,0.13,3.22
2016-06-29,000935,5.25,5.3,5.43,5.17,169294,115691630.0,5.08,3.52,0.18,5.3
2016-06-30,000935,5.29,5.22,5.37,5.17,97035,65765821.0,3.77,-1.51,-0.08,3.04
2016-07-01,000935,5.17,5.23,5.34,5.16,54634,36893071.0,3.45,0.19,0.01,1.71
2016-07-04,000935,5.2,5.27,5.4,5.15,94717,64423524.0,4.78,0.76,0.04,2.97
2016-07-05,000935,5.28,5.38,5.42,5.25,86098,59097434.0,3.23,2.09,0.11,2.7
2016-07-06,000935,5.33,5.48,5.56,5.3,106210,73799319.0,4.83,1.86,0.1,3.33
2016-08-22,000935,6.65,6.65,6.65,6.65,5559,4286335.0,0.0,21.35,1.17,0.17
2016-08-23,000935,7.42,7.42,7.42,7.42,9898,8393181.0,0.0,11.58,0.77,0.3
2016-08-24,000935,8.27,8.27,8.27,8.27,10372,9677430.0,0.0,11.46,0.85,0.31
2016-08-25,000935,9.2,9.2,9.2,9.2,23540,24151557.0,0.0,11.25,0.93,0.71
2016-08-26,000935,9.54,10.11,10.23,9.25,730586,800497232.0,10.65,9.89,0.91,21.94
2016-08-29,000935,9.74,9.35,9.85,9.32,370731,393713248.0,5.24,-7.52,-0.76,11.13
2016-08-30,000935,9.54,9.58,9.73,9.25,257443,272212896.0,5.13,2.46,0.23,4.09
2016-08-31,000935,9.57,9.32,9.57,9.19,240285,249586188.0,3.97,-2.71,-0.26,3.82
2016-09-01,000935,9.33,9.9,10.36,9.31,401540,438179728.0,11.27,6.22,0.58,6.38
2016-09-02,000935,9.82,9.68,10.28,9.64,289084,316900720.0,6.46,-2.22,-0.22,4.59
2016-09-05,000935,9.83,10.75,10.75,9.76,414683,478661424.0,10.23,11.05,1.07,6.59
2016-09-06,000935,10.54,11.59,11.93,10.5,590204,728881680.0,13.3,7.81,0.84,9.38
2016-09-07,000935,11.48,12.54,12.84,11.23,468571,610967760.0,13.89,8.2,0.95,7.44
2016-09-08,000935,12.56,13.9,13.9,12.44,373258,546496768.0,11.64,10.85,1.36,5.93
2016-09-09,000935,15.14,15.4,15.4,14.71,202857,331361360.0,4.96,10.79,1.5,3.22
2016-09-12,000935,15.64,17.05,17.05,15.52,211663,372501616.0,9.94,10.71,1.65,3.36
2016-09-13,000935,18.83,18.86,18.86,18.83,68011,135348466.0,0.18,10.62,1.81,1.08
2016-09-22,000935,20.85,20.85,20.85,19.99,91080,198593518.0,4.56,10.55,1.99,1.45
2016-09-23,000935,22.96,20.32,23.04,20.16,758207,1710214192.0,13.81,-2.54,-0.53,12.04
2016-09-26,000935,19.65,18.95,20.07,18.45,550257,1117056560.0,7.97,-6.74,-1.37,8.74
2016-09-27,000935,19.19,18.95,19.33,18.26,393145,776969648.0,5.65,0.0,0.0,6.25
2016-09-28,000935,18.65,18.13,18.85,17.89,369462,714710448.0,5.07,-4.33,-0.82,5.87
2016-09-29,000935,18.13,18.17,18.81,18.04,431367,841455216.0,4.25,0.22,0.04,6.85
2016-09-30,000935,17.68,17.2,18.0,17.16,405693,754059408.0,4.62,-5.34,-0.97,6.44
2016-10-10,000935,17.34,17.75,18.02,17.12,317216,592224272.0,5.23,3.2,0.55,5.04
2016-10-17,000935,16.92,19.63,19.63,16.44,633326,1238034928.0,17.97,10.59,1.88,10.06
2016-10-18,000935,19.48,21.7,21.7,19.16,375292,824210352.0,12.94,10.55,2.07,5.96
2016-10-19,000935,23.98,23.98,23.98,23.46,109855,274468640.0,2.4,10.51,2.28,1.75
2016-10-20,000935,25.74,23.01,25.74,22.64,768574,1910542048.0,12.93,-4.05,-0.97,12.21
2016-10-21,000935,22.3,25.42,25.42,22.29,693908,1787625376.0,13.6,10.47,2.41,11.02
2016-10-24,000935,26.73,28.07,28.07,24.82,616528,1758466192.0,12.79,10.42,2.65,9.79
2016-10-31,000935,27.44,30.98,30.98,27.44,414095,1264151840.0,12.61,10.37,2.91,6.58
2016-11-01,000935,33.27,34.18,34.18,31.94,220066,765025856.0,7.23,10.33,3.2,3.5
2016-11-02,000935,35.94,37.69,37.7,35.14,685192,2609195312.0,7.49,10.27,3.51,10.88
2016-11-03,000935,37.58,35.45,40.94,34.44,907188,3517679984.0,17.25,-5.94,-2.24,14.41
2016-11-04,000935,34.14,32.93,35.24,32.23,670677,2302729872.0,8.49,-7.11,-2.52,10.65
2016-11-07,000935,33.29,36.33,36.33,32.3,671031,2400745440.0,12.24,10.32,3.4,10.66
2016-11-08,000935,37.79,35.47,38.82,35.06,747366,2855099856.0,10.35,-2.37,-0.86,11.87
2016-11-09,000935,35.47,35.94,37.54,34.64,518145,1921153088.0,8.18,1.33,0.47,8.23
2016-11-10,000935,34.54,36.39,36.94,33.97,546416,1999774400.0,8.26,1.25,0.45,8.68
2016-11-11,000935,35.83,35.34,36.94,34.95,419056,1553808928.0,5.47,-2.89,-1.05,6.66
2016-11-14,000935,35.14,33.0,35.14,31.9,386671,1323293712.0,9.17,-6.62,-2.34,6.14
2016-11-15,000935,32.34,33.49,34.93,32.32,323995,1134387808.0,7.91,1.48,0.49,5.15
2016-11-16,000935,32.94,32.13,33.22,31.95,295707,985472480.0,3.79,-4.06,-1.36,4.7
2016-11-17,000935,32.19,32.28,33.14,32.19,270337,912166096.0,2.96,0.47,0.15,4.29
2016-11-18,000935,31.94,32.5,33.13,30.92,333930,1100272304.0,6.85,0.68,0.22,5.3
2016-11-21,000935,31.96,31.76,32.93,31.29,237899,783317952.0,5.05,-2.28,-0.74,3.78
2016-11-22,000935,31.37,32.09,32.24,30.95,264462,865967776.0,4.06,1.04,0.33,4.2
2016-11-23,000935,31.94,34.54,35.41,31.51,654620,2322353744.0,12.15,7.63,2.45,10.4
2016-11-24,000935,32.82,31.54,33.34,31.34,451084,1506352320.0,5.79,-8.69,-3.0,7.17
2016-11-25,000935,30.92,29.99,30.92,29.82,287305,898969296.0,3.49,-4.91,-1.55,4.56
2016-11-28,000935,29.79,29.86,30.74,29.2,197687,611975584.0,5.14,-0.43,-0.13,3.14
2016-11-29,000935,29.85,30.06,30.74,29.25,237257,740134864.0,4.99,0.67,0.2,3.77
2016-11-30,000935,29.44,28.96,30.43,28.94,194977,591990288.0,4.96,-3.66,-1.1,3.1
2016-12-01,000935,29.04,29.74,30.3,29.04,258822,796009632.0,4.35,2.69,0.78,4.11
2016-12-02,000935,30.14,30.2,32.27,29.94,383501,1225535296.0,7.83,1.55,0.46,6.09
2016-12-05,000935,27.94,29.52,29.82,27.63,225724,682500528.0,7.25,-2.25,-0.68,3.59
2016-12-06,000935,29.93,32.58,32.58,29.93,430343,1417146080.0,8.98,10.37,3.06,6.84
2016-12-07,000935,33.22,33.64,35.41,32.1,678324,2370591216.0,10.16,3.25,1.06,10.78
2016-12-08,000935,32.82,34.08,35.33,32.59,477897,1687100880.0,8.15,1.31,0.44,7.59
2016-12-09,000935,33.57,32.34,34.04,32.29,324457,1102949056.0,5.13,-5.11,-1.74,5.15
2016-12-12,000935,32.34,30.26,33.19,29.79,288296,950413936.0,10.51,-6.43,-2.08,4.58
2016-12-13,000935,29.55,30.86,31.83,28.59,284810,893336448.0,10.71,1.98,0.6,4.52
2016-12-14,000935,30.06,30.34,32.44,29.97,307125,983267008.0,8.0,-1.69,-0.52,4.88
2016-12-15,000935,29.75,30.54,31.45,29.75,243708,770550576.0,5.6,0.66,0.2,3.87
2016-12-16,000935,30.86,33.7,33.7,30.86,380936,1290356576.0,9.3,10.35,3.16,6.05
2016-12-19,000935,34.74,32.1,35.27,31.73,456190,1561804656.0,10.5,-4.75,-1.6,7.25
2016-12-20,000935,31.34,31.31,32.14,30.59,262783,851416672.0,4.83,-2.46,-0.79,4.17
2016-12-21,000935,32.13,31.67,32.93,30.96,231244,759985568.0,6.29,1.15,0.36,3.67
2016-12-22,000935,30.99,30.87,31.44,30.45,191189,608940080.0,3.13,-2.53,-0.8,3.04
2016-12-23,000935,30.59,30.71,31.23,30.45,141569,451677424.0,2.53,-0.52,-0.16,2.25
2016-12-26,000935,30.44,31.16,31.43,30.04,176788,562935120.0,4.53,1.47,0.45,2.81
2016-12-27,000935,31.14,30.91,31.39,30.77,130802,419158016.0,1.99,-0.8,-0.25,2.08
2016-12-28,000935,30.45,30.87,31.32,30.44,175057,558977072.0,2.85,-0.13,-0.04,2.78
2016-12-29,000935,30.76,30.32,30.91,30.15,142555,448926384.0,2.46,-1.78,-0.55,2.26
2016-12-30,000935,29.94,28.87,30.48,27.82,199860,606602048.0,8.77,-4.78,-1.45,3.17
2017-01-03,000935,27.97,28.58,29.1,27.94,132718,393434752.0,4.02,-1.0,-0.29,2.11
2017-01-04,000935,28.54,28.07,28.57,27.62,178255,517389920.0,3.32,-1.78,-0.51,2.83
2017-01-05,000935,28.14,27.86,28.53,27.78,139540,407175968.0,2.67,-0.75,-0.21,2.22
2017-01-06,000935,27.74,25.74,27.87,25.19,268447,734138752.0,9.62,-7.61,-2.12,4.26
2017-01-09,000935,25.23,25.12,25.82,24.74,171581,449153344.0,4.2,-2.41,-0.62,2.73
2017-01-10,000935,25.42,25.19,26.25,25.1,154580,412201136.0,4.58,0.28,0.07,2.46
2017-01-11,000935,24.74,25.24,25.81,24.2,207891,540937568.0,6.39,0.2,0.05,3.3
2017-01-12,000935,24.94,24.37,25.22,24.34,138735,357197712.0,3.49,-3.45,-0.87,2.2
2017-01-13,000935,24.5,24.09,24.89,23.83,150203,382617184.0,4.35,-1.15,-0.28,2.39
2017-01-16,000935,23.44,22.0,23.89,21.58,194743,460798656.0,9.59,-8.68,-2.09,3.09
2017-09-12,000935,21.94,24.31,24.31,21.94,222512,544367136.0,10.77,10.5,2.31,3.53
2017-09-13,000935,25.84,26.85,26.85,25.57,137480,377844272.0,5.27,10.45,2.54,2.18
2017-09-14,000935,29.6,27.49,29.6,26.94,578542,1694726336.0,9.91,2.38,0.64,9.19
2017-09-15,000935,26.8,26.04,28.33,25.94,336282,933543824.0,8.69,-5.27,-1.45,5.34
2017-09-18,000935,25.94,25.28,26.74,25.19,270028,725631056.0,5.95,-2.92,-0.76,4.29
2017-09-19,000935,25.29,25.6,26.22,24.8,288449,767696912.0,5.62,1.27,0.32,4.58
2017-09-20,000935,25.14,24.0,25.2,23.84,330254,838863872.0,5.31,-6.25,-1.6,5.25
2017-09-21,000935,23.91,23.02,24.24,22.95,234339,578617248.0,5.38,-4.08,-0.98,3.72
2017-09-22,000935,22.81,22.18,23.24,21.97,216663,511971568.0,5.52,-3.65,-0.84,3.44
2017-09-25,000935,22.18,21.04,22.41,20.83,225145,509154240.0,7.12,-5.14,-1.14,3.58
2017-09-26,000935,20.94,22.34,22.83,20.18,355360,802053888.0,12.6,6.18,1.3,5.65
2017-09-27,000935,21.7,21.31,22.06,21.25,226570,512989296.0,3.63,-4.61,-1.03,3.6
2017-09-28,000935,20.99,20.21,21.24,20.21,194198,422096720.0,4.83,-5.16,-1.1,3.09
2017-09-29,000935,20.54,20.46,20.93,20.36,168877,366845616.0,2.82,1.24,0.25,2.68
2017-10-09,000935,20.73,20.49,20.94,20.12,134547,290493088.0,4.01,0.15,0.03,2.14
2017-10-10,000935,20.49,20.94,21.29,20.35,178402,392406768.0,4.59,2.2,0.45,2.83
2017-10-11,000935,20.74,21.47,22.44,20.58,235237,532284704.0,8.88,2.53,0.53,3.74
2017-10-12,000935,21.22,21.62,21.89,21.13,160703,363962096.0,3.54,0.7,0.15,2.55
2017-10-13,000935,21.49,21.44,21.89,21.14,112963,254383637.0,3.47,-0.83,-0.18,1.79
2017-10-16,000935,21.63,20.54,21.72,20.52,130116,288956528.0,5.6,-4.2,-0.9,2.07
2017-10-17,000935,20.6,21.34,22.34,20.15,190998,425673664.0,10.66,3.89,0.8,3.03
2017-10-18,000935,20.96,20.57,21.35,20.38,131742,288595152.0,4.55,-3.61,-0.77,2.09
2017-10-19,000935,20.51,20.35,21.22,20.19,94110,203622666.0,5.01,-1.07,-0.22,1.5
2017-10-20,000935,20.7,20.59,20.89,20.35,85024,183893238.0,2.65,1.18,0.24,1.35
2017-10-23,000935,20.29,20.6,20.77,20.29,75872,163919143.0,2.33,0.05,0.01,1.21
2017-10-24,000935,20.69,20.62,21.13,20.5,94266,205664274.0,3.06,0.1,0.02,1.5
2017-10-25,000935,20.61,20.7,21.12,20.34,101622,220294663.0,3.78,0.39,0.08,1.61
2017-10-26,000935,20.73,21.34,21.41,20.64,188610,418251808.0,3.72,3.09,0.64,3.0
2017-10-27,000935,21.6,21.18,21.7,21.13,116769,261427077.0,2.67,-0.75,-0.16,1.85
2017-10-30,000935,21.39,23.4,23.4,21.24,421408,998071680.0,10.2,10.48,2.22,6.69
2017-10-31,000935,23.29,22.57,23.29,22.26,318288,754407760.0,4.4,-3.55,-0.83,5.06
2017-11-01,000935,22.54,22.84,23.29,22.33,275508,657786688.0,4.25,1.2,0.27,4.38
2017-11-02,000935,22.54,21.94,22.79,21.87,185179,431008832.0,4.03,-3.94,-0.9,2.94
2017-11-03,000935,21.3,20.8,21.93,20.12,190012,422956656.0,8.25,-5.2,-1.14,3.02
2017-11-06,000935,20.63,19.54,20.71,18.92,222697,461721248.0,8.61,-6.06,-1.26,3.54
2017-11-07,000935,19.24,19.07,19.24,18.45,197855,394311424.0,4.04,-2.41,-0.47,3.14
2017-11-08,000935,19.14,19.12,19.51,18.75,171219,346012016.0,3.99,0.26,0.05,2.72
2017-11-09,000935,18.91,19.11,19.34,18.85,105676,212873730.0,2.56,-0.05,-0.01,1.68
2017-11-10,000935,19.12,18.77,19.3,18.72,109410,219088805.0,3.04,-1.78,-0.34,1.74
2017-11-13,000935,18.73,18.34,18.87,18.06,149022,289380768.0,4.32,-2.29,-0.43,2.37
2017-11-14,000935,18.36,18.41,18.82,17.96,139685,272260832.0,4.69,0.38,0.07,2.22
2017-11-15,000935,18.41,18.52,18.78,18.04,124302,242297821.0,4.02,0.6,0.11,1.97
2017-11-16,000935,18.24,18.26,18.72,18.19,103113,200823324.0,2.86,-1.4,-0.26,1.64
2017-11-17,000935,18.26,16.34,18.27,16.33,188632,341966992.0,10.62,-10.51,-1.92,3.0
2017-11-20,000935,15.91,16.0,16.15,15.13,114474,191670678.0,6.24,-2.08,-0.34,1.82
2017-11-21,000935,15.89,16.24,16.58,15.84,107669,186742947.0,4.63,1.5,0.24,1.71
2017-11-22,000935,16.14,15.8,16.43,15.6,92321,157545817.0,5.11,-2.71,-0.44,1.47
2017-11-23,000935,15.89,15.48,16.02,15.42,93717,157490864.0,3.8,-2.03,-0.32,1.49
2017-11-24,000935,15.59,15.37,15.92,15.32,80220,133016594.0,3.88,-0.71,-0.11,1.27
2017-11-27,000935,15.12,15.9,16.26,15.12,134995,226781654.0,7.42,3.45,0.53,2.14
2017-11-28,000935,15.73,16.76,17.41,15.46,229465,402920048.0,12.26,5.41,0.86,3.65
2017-11-29,000935,16.52,18.54,18.54,16.49,350397,655343152.0,12.23,10.62,1.78,5.57
2017-11-30,000935,18.94,17.69,18.94,17.66,313079,599031296.0,6.9,-4.58,-0.85,4.97
2017-12-01,000935,17.55,17.17,17.68,16.68,205908,374032128.0,5.65,-2.94,-0.52,3.27
2017-12-04,000935,17.03,16.84,17.67,16.81,174825,320391744.0,5.01,-1.92,-0.33,2.78
2017-12-05,000935,16.67,16.6,17.49,15.94,190590,335162848.0,9.2,-1.43,-0.24,3.03
2017-12-06,000935,16.29,16.34,16.6,15.82,139195,239475954.0,4.7,-1.57,-0.26,2.21
2017-12-26,000935,16.36,17.34,18.08,16.34,247906,460974032.0,10.65,6.12,1.0,3.94
2017-12-27,000935,16.71,16.56,17.51,16.05,206086,365595760.0,8.42,-4.5,-0.78,3.27
2017-12-28,000935,16.11,15.96,16.56,15.93,143540,247546488.0,3.8,-3.62,-0.6,2.28
2017-12-29,000935,16.06,15.63,16.13,15.48,124531,208799418.0,4.07,-2.07,-0.33,1.98
2018-01-02,000935,15.69,16.33,16.54,15.46,181965,312873520.0,6.91,4.48,0.7,2.89
2018-01-03,000935,16.22,16.43,16.6,16.06,175958,305458928.0,3.31,0.61,0.1,2.8
2018-01-04,000935,16.38,17.08,17.54,16.25,246792,442982096.0,7.85,3.96,0.65,3.92
2018-01-05,000935,17.09,17.21,17.91,16.73,254525,468508064.0,6.91,0.76,0.13,4.04
2018-01-08,000935,17.21,17.47,17.69,17.01,175235,323532752.0,3.95,1.51,0.26,2.78
2018-01-09,000935,17.74,17.28,17.83,17.2,125682,231620118.0,3.61,-1.09,-0.19,2.0
2018-01-10,000935,17.14,17.82,17.91,16.76,268313,499878224.0,6.66,3.13,0.54,4.26
2018-01-11,000935,17.85,17.25,18.04,17.06,173342,320048848.0,5.5,-3.2,-0.57,2.75
2018-01-12,000935,17.79,19.08,19.08,17.79,442098,871283616.0,7.48,10.61,1.83,7.02
2018-01-15,000935,18.19,17.5,18.7,17.26,305678,586474192.0,7.55,-8.28,-1.58,4.86
2018-01-16,000935,16.94,17.33,17.49,16.44,182664,330445664.0,6.0,-0.97,-0.17,2.9
2018-01-17,000935,17.04,16.75,17.05,16.54,136990,244479885.0,2.94,-3.35,-0.58,2.18
2018-01-18,000935,16.64,17.26,17.44,16.61,133241,241799239.0,4.96,3.04,0.51,2.12
2018-01-19,000935,17.18,16.94,17.34,16.94,94672,171930410.0,2.32,-1.85,-0.32,1.5
2018-01-22,000935,16.83,16.98,17.24,16.6,77881,140124536.0,3.78,0.24,0.04,1.24
2018-01-23,000935,17.01,18.0,18.52,17.0,236707,449689200.0,8.95,6.01,1.02,3.76
2018-01-24,000935,17.77,18.24,18.5,17.5,186796,355032800.0,5.56,1.33,0.24,2.97
2018-01-25,000935,18.27,18.67,19.77,18.27,275279,554818784.0,8.22,2.36,0.43,4.37
2018-01-26,000935,18.47,19.87,20.34,18.47,343263,712523168.0,10.02,6.43,1.2,5.45
2018-01-29,000935,19.61,19.52,20.31,19.39,264002,550851328.0,4.63,-1.76,-0.35,4.19
2018-01-30,000935,19.44,18.53,19.64,18.49,190836,380740320.0,5.89,-5.07,-0.99,3.03
2018-01-31,000935,18.38,18.72,19.04,18.24,146072,289156976.0,4.32,1.03,0.19,2.32
2018-02-01,000935,18.85,16.74,19.08,16.74,198851,372864160.0,12.5,-10.58,-1.98,3.16
2018-02-02,000935,16.63,16.21,16.63,14.96,156124,265060275.0,9.98,-3.17,-0.53,2.48
2018-02-05,000935,15.65,16.04,16.42,15.54,84704,145695611.0,5.43,-1.05,-0.17,1.35
2018-02-06,000935,15.56,14.33,16.04,14.33,156213,250811245.0,10.66,-10.66,-1.71,2.48
2018-02-07,000935,14.84,14.14,15.03,13.2,128395,197113655.0,12.77,-1.33,-0.19,2.04
2018-02-08,000935,14.13,14.23,14.59,13.96,77370,118252735.0,4.46,0.64,0.09,1.23
2018-02-09,000935,13.6,12.94,13.88,12.74,114029,163203818.0,8.01,-9.07,-1.29,1.81
2018-02-12,000935,13.32,13.4,13.54,13.04,62674,90427407.0,3.86,3.55,0.46,1.0
2018-02-13,000935,13.56,13.84,14.12,13.4,86563,129337577.0,5.37,3.28,0.44,1.38
2018-02-14,000935,13.83,14.08,14.15,13.75,59685,89873097.0,2.89,1.73,0.24,0.95
2018-02-22,000935,14.39,14.37,14.81,14.34,69638,108277778.0,3.34,2.06,0.29,1.11
2018-02-23,000935,14.34,14.68,14.74,14.09,83195,129413445.0,4.52,2.16,0.31,1.32
2018-02-26,000935,14.89,15.0,15.14,14.76,82233,131653657.0,2.59,2.18,0.32,1.31
2018-02-27,000935,15.04,15.25,15.64,14.76,101443,164839514.0,5.87,1.67,0.25,1.61
2018-02-28,000935,14.94,15.87,16.06,14.81,134196,223411664.0,8.2,4.07,0.62,2.13
2018-03-01,000935,15.52,15.79,16.16,15.52,102948,174009295.0,4.03,-0.5,-0.08,1.64
2018-03-02,000935,15.54,16.23,16.64,15.35,136463,232801366.0,8.17,2.79,0.44,2.17
2018-03-05,000935,16.12,15.9,16.18,15.8,83235,141424426.0,2.34,-2.03,-0.33,1.32
2018-03-06,000935,15.89,15.96,16.16,15.75,79123,134495929.0,2.58,0.38,0.06,1.26
2018-03-07,000935,15.9,16.54,17.07,15.51,181981,315254608.0,9.77,3.63,0.58,2.89
2018-03-08,000935,16.25,16.35,16.59,16.19,108605,189067012.0,2.42,-1.15,-0.19,1.73
2018-03-09,000935,16.35,16.97,17.44,16.35,167691,303480656.0,6.67,3.79,0.62,2.66
2018-03-12,000935,16.91,17.1,17.29,16.64,110743,200243216.0,3.83,0.77,0.13,1.76
2018-03-13,000935,17.1,17.07,17.39,16.94,112416,205237938.0,2.63,-0.18,-0.03,1.79
2018-03-14,000935,17.11,17.61,17.81,16.64,223578,410797504.0,6.85,3.16,0.54,3.55
2018-03-15,000935,17.36,17.39,17.53,16.98,127308,233164443.0,3.12,-1.25,-0.22,2.02
2018-03-16,000935,17.39,17.74,19.09,17.29,194691,371054112.0,10.35,2.01,0.35,3.09
2018-03-19,000935,17.84,17.68,18.17,17.13,144920,269205424.0,5.86,-0.34,-0.06,2.3
2018-03-20,000935,17.56,18.25,18.64,17.31,200733,385484576.0,7.52,3.22,0.57,3.19
2018-03-21,000935,18.24,18.37,19.24,17.87,245535,482028096.0,7.51,0.66,0.12,3.9
2018-03-22,000935,18.45,20.31,20.31,18.44,478829,1002818048.0,10.18,10.56,1.94,7.61
2018-03-23,000935,19.27,21.24,22.36,18.95,568499,1241045216.0,16.79,4.58,0.93,9.03
2018-03-26,000935,19.94,20.8,22.17,19.12,375816,821449008.0,14.36,-2.07,-0.44,5.97
2018-03-27,000935,20.48,21.41,21.84,20.45,340844,755045504.0,6.68,2.93,0.61,5.41
2018-03-28,000935,20.44,19.16,20.91,19.16,367332,771960912.0,8.17,-10.51,-2.25,5.84
2018-03-29,000935,18.91,19.21,19.74,18.09,247685,495132048.0,8.61,0.26,0.05,3.93
2018-03-30,000935,18.94,18.78,19.28,18.66,190021,378445120.0,3.23,-2.24,-0.43,3.02
2018-04-02,000935,18.74,18.23,19.12,17.94,194971,383631440.0,6.28,-2.93,-0.55,3.1
2018-04-03,000935,17.82,18.26,18.61,17.64,147364,284786720.0,5.32,0.16,0.03,2.34
2018-04-04,000935,18.64,17.84,18.68,17.74,131529,252574175.0,5.15,-2.3,-0.42,2.09
2018-04-09,000935,17.83,17.42,17.83,16.59,118589,217245649.0,6.95,-2.35,-0.42,1.88
2018-04-10,000935,17.38,18.09,18.27,17.38,138395,263347188.0,5.11,3.85,0.67,2.2
2018-04-11,000935,18.04,18.54,18.62,18.04,155235,302039984.0,3.21,2.49,0.45,2.47
2018-04-12,000935,18.54,17.82,18.62,17.82,124150,238341227.0,4.31,-3.88,-0.72,1.97
2018-04-13,000935,17.51,17.32,17.93,16.94,137254,253881031.0,5.56,-2.81,-0.5,2.18
2018-04-16,000935,16.96,17.04,17.34,16.96,70445,127853528.0,2.19,-1.62,-0.28,0.92
2018-04-17,000935,17.06,17.23,17.59,17.06,96008,176703844.0,3.11,1.12,0.19,1.26
2018-04-18,000935,17.44,17.19,17.54,16.67,90140,163222652.0,5.05,-0.23,-0.04,1.18
2018-04-19,000935,17.19,17.29,17.49,17.19,71165,131002757.0,1.75,0.58,0.1,0.93
2018-04-20,000935,17.26,16.41,17.27,16.27,90347,161681212.0,5.78,-5.09,-0.88,1.18
2018-04-23,000935,17.44,18.16,18.16,16.82,216777,405476080.0,8.17,10.66,1.75,2.84
2018-04-24,000935,18.54,19.39,20.04,18.21,316730,640596256.0,10.08,6.77,1.23,4.15
2018-04-25,000935,18.93,18.94,19.59,18.82,186530,375065296.0,3.97,-2.32,-0.45,2.44
2018-04-26,000935,18.81,18.83,19.44,18.71,160406,323569632.0,3.85,-0.58,-0.11,2.1
2018-04-27,000935,19.03,18.66,19.19,18.33,107890,213402112.0,4.57,-0.9,-0.17,1.41
2018-05-02,000935,18.46,18.91,18.91,18.17,110417,216459307.0,3.97,1.34,0.25,1.45
2018-05-03,000935,18.84,18.78,18.94,18.57,82194,163087519.0,1.96,-0.69,-0.13,1.08
2018-05-04,000935,19.02,19.67,19.94,18.96,216659,446595712.0,5.22,4.74,0.89,2.84
2018-05-07,000935,19.63,19.71,19.9,19.24,141356,292374176.0,3.36,0.2,0.04,1.85
2018-05-08,000935,19.88,19.73,19.88,19.56,101692,211243891.0,1.62,0.1,0.02,1.33
2018-05-09,000935,19.81,19.91,20.46,19.57,149730,315210720.0,4.51,0.91,0.18,1.96
2018-05-10,000935,19.94,19.16,20.21,18.96,165542,339911360.0,6.28,-3.77,-0.75,2.17
2018-05-11,000935,19.17,18.64,19.22,18.61,98972,196661633.0,3.18,-2.71,-0.52,1.3
2018-05-14,000935,18.63,19.09,19.13,18.63,88523,177506906.0,2.68,2.41,0.45,1.16
2018-05-15,000935,19.14,19.03,19.14,18.74,70234,140369309.0,2.1,-0.31,-0.06,0.92
2018-05-16,000935,18.95,19.02,19.29,18.85,63795,128573009.0,2.31,-0.05,-0.01,0.84
2018-05-17,000935,19.11,19.06,19.14,18.79,50183,100428375.0,1.84,0.21,0.04,0.66
2018-05-18,000935,19.13,18.96,19.17,18.74,59531,117942834.0,2.26,-0.52,-0.1,0.78
2018-05-21,000935,19.01,19.05,19.11,18.93,68751,136897868.0,0.95,0.47,0.09,0.9
2018-05-22,000935,19.15,19.36,19.92,19.05,121648,247471087.0,4.57,1.63,0.31,1.59
2018-05-23,000935,19.41,19.24,19.58,19.24,77660,157353193.0,1.76,-0.62,-0.12,1.02
2018-05-24,000935,19.09,18.65,19.11,18.58,116336,228649842.0,2.75,-3.07,-0.59,1.52
2018-05-25,000935,18.6,18.22,18.86,18.14,74510,143661359.0,3.86,-2.31,-0.43,0.98
2018-05-28,000935,18.54,17.96,18.54,17.87,60813,116262984.0,3.68,-1.43,-0.26,0.8
2018-05-29,000935,17.82,18.12,18.3,17.47,80181,151694102.0,4.62,0.89,0.16,1.05
2018-05-30,000935,17.62,16.82,18.1,16.6,110169,202425920.0,8.28,-7.17,-1.3,1.44
2018-05-31,000935,16.9,17.13,17.32,16.82,70222,126209236.0,2.97,1.84,0.31,0.92
2018-06-01,000935,17.18,17.68,18.03,17.18,95647,177149774.0,4.96,3.21,0.55,1.25
2018-06-04,000935,17.52,17.49,17.76,17.18,55960,102628881.0,3.28,-1.07,-0.19,0.73
2018-06-05,000935,17.61,17.7,17.8,17.42,47646,88251336.0,2.17,1.2,0.21,0.62
2018-06-06,000935,17.64,18.01,18.4,17.64,75015,142208481.0,4.29,1.75,0.31,0.98
2018-06-07,000935,18.14,17.8,18.21,17.76,53775,101089096.0,2.5,-1.17,-0.21,0.7
2018-06-08,000935,17.83,18.06,18.11,17.68,87910,165457192.0,2.42,1.46,0.26,1.15
2018-06-11,000935,18.06,17.66,18.09,17.62,65752,122831023.0,2.6,-2.21,-0.4,0.86
2018-06-12,000935,17.59,17.68,17.75,17.26,48428,89245126.0,2.77,0.11,0.02,0.63
2018-06-13,000935,17.57,17.04,17.57,17.02,61023,110873056.0,3.11,-3.62,-0.64,0.8
2018-06-14,000935,16.82,17.05,17.25,16.82,39581,71144042.0,2.52,0.06,0.01,0.52
2018-06-15,000935,17.07,16.93,17.22,16.58,48631,86161033.0,3.75,-0.7,-0.12,0.64
2018-06-19,000935,16.31,15.15,16.31,15.15,92689,152256092.0,6.85,-10.51,-1.78,1.21
2018-06-20,000935,14.42,14.94,15.15,14.14,81303,126927113.0,6.67,-1.39,-0.21,1.06
2018-06-21,000935,14.92,14.43,15.29,14.42,63508,100581192.0,5.82,-3.41,-0.51,0.83
2018-06-22,000935,14.23,14.6,14.85,13.93,57704,88214397.0,6.38,1.18,0.17,0.76
2018-06-25,000935,14.78,14.57,14.99,14.54,38116,59692285.0,3.08,-0.21,-0.03,0.5
2018-06-26,000935,14.32,14.7,14.85,14.08,42090,64929541.0,5.28,0.89,0.13,0.55
2018-06-27,000935,14.78,14.46,14.89,14.42,35745,55478447.0,3.2,-1.63,-0.24,0.47
2018-06-28,000935,14.48,14.18,14.65,14.16,33472,51184595.0,3.39,-1.94,-0.28,0.44
2018-06-29,000935,14.22,14.6,14.6,14.22,46244,70999399.0,2.68,2.96,0.42,0.61
2018-07-02,000935,14.9,14.39,14.9,14.27,52788,81826750.0,4.32,-1.44,-0.21,0.69
2018-07-03,000935,14.34,14.41,14.53,13.87,57434,86971696.0,4.59,0.14,0.02,0.75
2018-07-04,000935,14.41,14.17,14.56,14.03,46640,70979017.0,3.68,-1.67,-0.24,0.61
2018-07-05,000935,14.07,13.02,14.24,12.95,85409,122535240.0,9.1,-8.12,-1.15,1.12
2018-07-06,000935,13.69,13.64,14.12,13.25,95367,138795686.0,6.68,4.76,0.62,1.25
2018-07-09,000935,13.69,15.09,15.09,13.67,134489,207456682.0,10.41,10.63,1.45,1.76
2018-07-10,000935,15.22,15.52,16.42,15.11,220575,367035088.0,8.68,2.85,0.43,2.89
2018-07-11,000935,15.14,15.17,15.44,14.62,130022,206223717.0,5.28,-2.26,-0.35,1.7
2018-07-12,000935,15.09,15.46,15.76,15.07,126548,206967039.0,4.55,1.91,0.29,1.66
2018-07-13,000935,15.36,15.44,15.62,15.2,86696,140942188.0,2.72,-0.13,-0.02,1.14
2018-07-16,000935,15.45,15.3,15.48,15.2,48515,78470997.0,1.81,-0.91,-0.14,0.64
2018-07-17,000935,15.3,15.18,15.39,14.96,51614,82438388.0,2.81,-0.78,-0.12,0.68
2018-07-18,000935,15.2,16.12,16.62,15.18,149142,248898287.0,9.49,6.19,0.94,1.95
2018-07-19,000935,15.92,15.7,16.08,15.6,90670,151107318.0,2.98,-2.61,-0.42,1.19
2018-07-20,000935,15.65,15.72,15.82,15.34,65220,107794012.0,3.06,0.13,0.02,0.85
2018-07-23,000935,15.63,16.01,16.58,15.53,129189,219465834.0,6.68,1.84,0.29,1.69
2018-07-24,000935,16.04,16.61,16.82,16.01,176786,306425424.0,5.06,3.75,0.6,2.32
2018-07-25,000935,16.73,17.13,18.1,16.24,227673,407281856.0,11.2,3.13,0.52,2.98
2018-07-26,000935,16.95,17.2,17.9,16.79,184021,334103584.0,6.48,0.41,0.07,2.41
2018-07-27,000935,17.52,16.82,17.52,16.82,99811,178631072.0,4.07,-2.21,-0.38,1.31
2018-07-30,000935,16.68,16.47,17.26,16.24,119305,210244131.0,6.06,-2.08,-0.35,1.56
2018-07-31,000935,16.45,15.94,16.51,15.73,92229,155330175.0,4.74,-3.22,-0.53,1.21
2018-08-01,000935,16.07,15.93,16.57,15.93,97037,165861402.0,4.02,-0.06,-0.01,1.27
2018-08-02,000935,15.92,15.73,16.05,14.42,131358,214130367.0,10.23,-1.26,-0.2,1.72
2018-08-03,000935,15.53,15.45,15.74,15.23,70277,115221380.0,3.24,-1.78,-0.28,0.92
2018-08-06,000935,15.37,15.04,15.67,14.97,65981,106811254.0,4.53,-2.65,-0.41,0.86
2018-08-07,000935,15.0,15.68,15.77,14.83,86460,139987591.0,6.25,4.26,0.64,1.13
2018-08-08,000935,15.72,15.89,16.4,15.55,131252,221405381.0,5.42,1.34,0.21,1.72
2018-08-09,000935,15.67,16.13,16.27,15.63,99395,168453225.0,4.03,1.51,0.24,1.3
2018-08-10,000935,16.27,16.14,16.58,16.04,92471,158735294.0,3.35,0.06,0.01,1.21
2018-08-13,000935,15.7,15.96,16.05,15.6,71781,119723175.0,2.79,-1.12,-0.18,0.94
2018-08-14,000935,16.02,16.35,16.48,16.02,109679,188468352.0,2.88,2.44,0.39,1.44
2018-08-15,000935,16.32,15.79,16.39,15.78,71267,120719564.0,3.73,-3.43,-0.56,0.93
2018-08-16,000935,15.3,15.27,15.7,15.12,66809,108921882.0,3.67,-3.29,-0.52,0.88
2018-08-17,000935,15.45,14.99,15.6,14.97,53353,86073482.0,4.13,-1.83,-0.28,0.7
2018-08-20,000935,14.87,15.06,15.09,14.44,52116,81756924.0,4.34,0.47,0.07,0.68
2018-08-21,000935,15.06,15.2,15.38,14.97,47382,76206196.0,2.72,0.93,0.14,0.62
2018-08-22,000935,15.19,14.9,15.29,14.87,39145,62263503.0,2.76,-1.97,-0.3,0.51
2018-08-23,000935,15.02,15.05,15.12,14.83,34076,54047255.0,1.95,1.01,0.15,0.45
2018-08-24,000935,15.05,15.07,15.25,15.0,33882,54235080.0,1.66,0.13,0.02,0.44
2018-08-27,000935,15.08,15.29,15.32,15.08,47825,77073743.0,1.59,1.46,0.22,0.63
2018-08-28,000935,15.4,15.19,15.5,15.14,38898,62820266.0,2.35,-0.65,-0.1,0.51
2018-08-29,000935,15.19,15.08,15.27,15.04,32672,52354001.0,1.51,-0.72,-0.11,0.43
2018-08-30,000935,14.99,14.56,15.08,14.54,48246,75381134.0,3.58,-3.45,-0.52,0.63
2018-08-31,000935,14.52,14.29,14.56,14.23,37935,57916113.0,2.27,-1.85,-0.27,0.5
2018-09-03,000935,14.13,14.27,14.27,13.88,37079,55358112.0,2.73,-0.14,-0.02,0.49
2018-09-04,000935,14.29,14.33,14.4,14.13,32781,49652832.0,1.89,0.42,0.06,0.43
2018-09-05,000935,14.24,13.92,14.32,13.92,35647,53397711.0,2.79,-2.86,-0.41,0.47
2018-09-06,000935,13.72,13.78,14.08,13.72,33368,49283013.0,2.59,-1.01,-0.14,0.44
2018-09-07,000935,13.93,14.32,14.8,13.93,68387,104321021.0,6.31,3.92,0.54,0.9
2018-09-10,000935,14.13,14.08,14.34,14.05,33048,49627614.0,2.03,-1.68,-0.24,0.43
2018-09-11,000935,14.08,14.01,14.15,13.76,31017,45946607.0,2.77,-0.5,-0.07,0.41
2018-09-12,000935,14.03,13.97,14.07,13.84,21210,31494616.0,1.64,-0.29,-0.04,0.28
2018-09-13,000935,14.12,14.19,14.37,13.98,32870,49386668.0,2.79,1.57,0.22,0.43
2018-09-14,000935,14.13,14.02,14.27,14.0,25337,38017061.0,1.9,-1.2,-0.17,0.33
2018-09-17,000935,13.9,14.35,15.0,13.7,57076,87253964.0,9.27,2.35,0.33,0.75
2018-09-18,000935,14.31,14.82,14.96,14.18,80469,124678286.0,5.44,3.28,0.47,1.05
2018-09-19,000935,14.63,14.7,14.89,14.62,62989,98381753.0,1.82,-0.81,-0.12,0.83
2018-09-20,000935,14.58,14.58,14.81,14.56,39697,61669985.0,1.7,-0.82,-0.12,0.52
2018-09-21,000935,14.67,14.71,14.76,14.57,36493,56764238.0,1.3,0.89,0.13,0.48
2018-09-25,000935,14.48,14.52,14.64,14.48,25556,39432581.0,1.09,-1.29,-0.19,0.33
2018-09-26,000935,14.58,14.62,14.75,14.5,35348,54809547.0,1.72,0.69,0.1,0.46
2018-09-27,000935,14.57,14.22,14.78,14.2,40102,61759709.0,3.97,-2.74,-0.4,0.53
2018-09-28,000935,14.22,14.44,14.5,14.22,28929,44234876.0,1.97,1.55,0.22,0.38
2018-10-08,000935,14.22,13.8,14.22,13.77,38623,57383455.0,3.12,-4.43,-0.64,0.51
2018-10-09,000935,13.96,13.81,14.11,13.78,25582,37767543.0,2.39,0.07,0.01,0.34
2018-10-10,000935,13.72,13.82,14.0,13.72,21326,31466250.0,2.03,0.07,0.01,0.28
2018-10-11,000935,13.49,13.57,14.7,13.22,108047,160531318.0,10.71,-1.81,-0.25,1.42
2018-10-12,000935,13.87,13.83,13.87,12.79,90203,128823322.0,7.96,1.92,0.26,1.18
2018-10-15,000935,14.12,13.74,14.14,13.65,57602,85076010.0,3.54,-0.65,-0.09,0.75
2018-10-16,000935,13.74,13.19,13.78,13.05,45586,64961967.0,5.31,-4.0,-0.55,0.6
2018-10-17,000935,13.37,13.23,13.47,12.89,41245,57943557.0,4.4,0.3,0.04,0.54
2018-10-18,000935,13.17,12.36,13.18,12.27,45682,62019538.0,6.88,-6.58,-0.87,0.6
2018-10-19,000935,12.0,12.57,12.6,11.78,54626,71196151.0,6.63,1.7,0.21,0.72
2018-10-22,000935,12.77,13.13,13.27,12.72,64204,89472450.0,4.38,4.46,0.56,0.84
2018-10-23,000935,13.17,12.96,13.25,12.82,42273,58823233.0,3.27,-1.29,-0.17,0.55
2018-10-24,000935,12.87,12.89,13.08,12.82,29489,40748693.0,2.01,-0.54,-0.07,0.39
2018-10-25,000935,12.32,13.0,13.0,12.15,38346,51838097.0,6.59,0.85,0.11,0.5
2018-10-26,000935,13.05,13.14,13.27,13.02,35637,49899535.0,1.92,1.08,0.14,0.47
2018-10-29,000935,13.2,13.14,13.27,12.97,25221,35250568.0,2.28,0.0,0.0,0.33
2018-10-30,000935,13.11,13.05,13.27,12.82,37541,52241833.0,3.42,-0.68,-0.09,0.49
2018-10-31,000935,13.06,13.34,13.67,13.06,64983,93000898.0,4.67,2.22,0.29,0.85
2018-11-01,000935,13.36,13.3,13.58,13.27,56378,80526672.0,2.32,-0.3,-0.04,0.74
2018-11-02,000935,13.42,13.5,13.6,13.31,62283,89328399.0,2.18,1.5,0.2,0.82
2018-11-05,000935,13.4,14.37,14.7,13.35,146907,220421544.0,10.0,6.44,0.87,1.92
2018-11-06,000935,14.69,14.44,14.97,14.37,138996,215438652.0,4.18,0.49,0.07,1.82
2018-11-07,000935,14.62,14.02,14.73,13.97,94972,143255197.0,5.26,-2.91,-0.42,1.24
2018-11-08,000935,14.1,14.07,14.28,13.93,62989,94372059.0,2.5,0.36,0.05,0.83
2018-11-09,000935,13.92,13.9,14.12,13.85,42625,63332670.0,1.92,-1.21,-0.17,0.56
2018-11-12,000935,13.98,14.29,14.62,13.89,65044,98710141.0,5.25,2.81,0.39,0.85
2018-11-13,000935,14.03,14.31,14.56,13.95,72493,109916105.0,4.27,0.14,0.02,0.95
2018-11-14,000935,14.3,14.62,14.71,14.29,96964,149650822.0,2.94,2.17,0.31,1.27
2018-11-15,000935,14.72,15.59,16.0,14.72,187465,305489136.0,8.76,6.63,0.97,2.46
2018-11-16,000935,15.63,17.24,17.24,15.32,262385,459693072.0,12.32,10.58,1.65,3.44
2018-11-19,000935,18.52,19.05,19.05,17.17,449807,868745840.0,10.9,10.5,1.81,5.89
2018-11-20,000935,18.32,17.06,18.79,17.06,368696,689479600.0,9.08,-10.45,-1.99,4.83
2018-11-21,000935,16.61,17.15,18.02,16.3,257599,466364640.0,10.08,0.53,0.09,3.37
2018-11-22,000935,17.25,16.5,17.37,16.33,198451,349724672.0,6.06,-3.79,-0.65,2.6
2018-11-23,000935,16.37,15.56,16.38,15.2,193952,322573488.0,7.15,-5.7,-0.94,2.54
2018-11-26,000935,15.7,15.67,16.0,15.44,124478,206882897.0,3.6,0.71,0.11,1.63
2018-11-27,000935,15.9,16.05,16.35,15.67,143346,241794372.0,4.34,2.43,0.38,1.88
2018-11-28,000935,16.1,15.68,16.1,15.35,109764,181120318.0,4.67,-2.31,-0.37,1.44
2018-11-29,000935,15.73,15.18,15.95,15.12,95453,157612283.0,5.29,-3.19,-0.5,1.25
2018-11-30,000935,15.17,15.21,15.31,14.64,94375,149730854.0,4.41,0.2,0.03,1.24
2018-12-03,000935,15.69,15.69,15.89,15.57,108006,179419865.0,2.1,3.16,0.48,1.41
2018-12-04,000935,15.69,15.8,16.09,15.48,102071,170571302.0,3.89,0.7,0.11,1.34
2018-12-05,000935,15.12,15.3,15.54,14.99,87952,142327773.0,3.48,-3.16,-0.5,1.15
2018-12-06,000935,15.3,15.32,15.63,15.2,71813,117088298.0,2.81,0.13,0.02,0.94
2018-12-07,000935,15.31,15.66,15.67,15.24,68010,111129386.0,2.81,2.22,0.34,0.89
2018-12-10,000935,15.57,15.47,15.8,15.45,65949,108914127.0,2.23,-1.21,-0.19,0.86
2018-12-11,000935,15.44,15.27,15.59,15.13,62377,101157736.0,2.97,-1.29,-0.2,0.82
2018-12-12,000935,15.38,15.21,15.42,15.09,49046,78999889.0,2.16,-0.39,-0.06,0.64
2018-12-13,000935,15.31,15.49,15.64,15.16,86643,141770031.0,3.16,1.84,0.28,1.13
2018-12-14,000935,15.51,15.0,15.61,14.97,69112,112012712.0,4.13,-3.16,-0.49,0.91
2018-12-17,000935,14.92,15.39,15.66,14.63,84291,135243610.0,6.87,2.6,0.39,1.1
2018-12-18,000935,15.57,15.57,15.9,15.42,104636,172728554.0,3.12,1.17,0.18,1.37
2018-12-19,000935,15.4,15.71,15.91,15.32,109370,180902010.0,3.79,0.9,0.14,1.43
2018-12-20,000935,15.34,15.69,16.02,15.34,99513,165428405.0,4.33,-0.13,-0.02,1.3
2018-12-21,000935,15.62,15.12,15.69,15.1,81118,131449959.0,3.76,-3.63,-0.57,1.06
2018-12-24,000935,14.93,15.06,15.16,14.9,48211,76637177.0,1.72,-0.4,-0.06,0.63
2018-12-25,000935,14.79,14.74,15.01,14.16,74571,115368024.0,5.64,-2.12,-0.32,0.98
2018-12-26,000935,14.79,14.76,14.98,14.6,62925,98766378.0,2.58,0.14,0.02,0.82
2018-12-27,000935,14.82,14.06,15.02,13.62,83460,128716327.0,9.49,-4.74,-0.7,1.09
2018-12-28,000935,14.07,14.16,14.35,14.03,50008,75380967.0,2.28,0.71,0.1,0.66
2019-01-02,000935,14.17,14.06,14.3,13.94,43280,64862826.0,2.54,-0.71,-0.1,0.57
2019-01-03,000935,13.92,13.44,14.11,13.39,60642,88730618.0,5.12,-4.41,-0.62,0.79
2019-01-04,000935,13.22,13.77,13.85,12.94,59562,85568910.0,6.77,2.46,0.33,0.78
2019-01-07,000935,13.9,14.1,14.15,13.78,56122,83387066.0,2.69,2.4,0.33,0.74
2019-01-08,000935,14.06,14.05,14.37,13.92,56140,84241629.0,3.19,-0.35,-0.05,0.74
2019-01-09,000935,14.07,14.1,14.37,13.9,55101,82928337.0,3.35,0.36,0.05,0.72
2019-01-10,000935,14.01,13.85,14.25,13.77,51536,76628191.0,3.4,-1.77,-0.25,0.68
2019-01-11,000935,13.84,13.9,13.99,13.61,50280,73809263.0,2.74,0.36,0.05,0.66
2019-01-14,000935,13.89,13.78,14.1,13.72,48262,71357175.0,2.73,-0.86,-0.12,0.63
2019-01-15,000935,13.63,13.78,13.81,13.52,50556,73639541.0,2.1,0.0,0.0,0.66
2019-01-16,000935,13.76,13.78,14.02,13.73,59605,87789706.0,2.1,0.0,0.0,0.78
2019-01-17,000935,13.96,14.19,14.51,13.84,145850,219216980.0,4.86,2.98,0.41,1.91
2019-01-18,000935,13.97,13.99,14.1,13.86,90859,134879045.0,1.69,-1.41,-0.2,1.19
2019-01-21,000935,13.96,13.93,14.06,13.88,57269,84997608.0,1.29,-0.43,-0.06,0.75
2019-01-22,000935,13.86,13.64,13.88,13.62,65435,95515475.0,1.87,-2.08,-0.29,0.86
2019-01-23,000935,13.67,13.65,13.76,13.45,54559,78839531.0,2.27,0.07,0.01,0.71
2019-01-24,000935,14.02,13.75,14.02,13.74,59353,87398605.0,2.05,0.73,0.1,0.78
2019-01-25,000935,13.77,13.58,13.78,13.48,48711,70647094.0,2.18,-1.24,-0.17,0.64
2019-01-28,000935,13.72,13.57,13.72,13.46,35993,52137868.0,1.91,-0.07,-0.01,0.47
2019-01-29,000935,13.62,14.05,14.22,13.58,126258,186835162.0,4.72,3.54,0.48,1.65
2019-01-30,000935,14.04,13.76,14.04,13.74,63610,93696912.0,2.14,-2.06,-0.29,0.83
2019-01-31,000935,13.89,13.3,13.91,13.23,70943,102500197.0,4.94,-3.34,-0.46,0.93
2019-02-01,000935,13.42,13.59,13.62,13.3,43990,63189865.0,2.41,2.18,0.29,0.58
2019-02-11,000935,13.68,14.02,14.02,13.67,60942,89695174.0,2.58,3.16,0.43,0.8
2019-02-12,000935,13.99,14.09,14.16,13.91,69992,104413388.0,1.78,0.5,0.07,0.92
2019-02-13,000935,14.07,14.37,14.41,14.02,100882,152828659.0,2.77,1.99,0.28,1.32
2019-02-14,000935,14.37,14.77,15.4,14.3,149772,236129426.0,7.65,2.78,0.4,1.96
2019-02-15,000935,14.82,14.56,15.03,14.56,99967,156082143.0,3.18,-1.42,-0.21,1.31
2019-02-18,000935,14.59,15.02,15.08,14.59,105459,166216473.0,3.37,3.16,0.46,1.38
2019-02-19,000935,15.09,14.97,15.22,14.78,122728,194759387.0,2.93,-0.33,-0.05,1.61
2019-02-20,000935,14.97,14.87,14.97,14.67,83228,130580004.0,2.0,-0.67,-0.1,1.09
2019-02-21,000935,14.79,14.77,15.26,14.73,123037,195218483.0,3.56,-0.67,-0.1,1.61
2019-02-22,000935,14.72,15.7,15.78,14.67,208654,339398944.0,7.52,6.3,0.93,2.73
2019-02-25,000935,16.2,16.28,16.51,15.77,239540,408416608.0,4.71,3.69,0.58,3.14
2019-02-26,000935,16.17,16.09,17.12,15.81,242765,420799360.0,8.05,-1.17,-0.19,3.18
2019-02-27,000935,16.01,16.45,16.57,15.92,177296,304242800.0,4.04,2.24,0.36,2.32
2019-02-28,000935,16.67,16.23,16.67,16.1,137404,236374298.0,3.47,-1.34,-0.22,1.8
2019-03-01,000935,16.26,16.58,17.11,16.13,214759,377474192.0,6.04,2.16,0.35,2.81
2019-03-04,000935,16.82,16.64,17.01,16.47,218879,385172480.0,3.26,0.36,0.06,2.87
2019-03-05,000935,16.5,16.88,16.98,16.29,195808,343767264.0,4.15,1.44,0.24,2.56
2019-03-06,000935,16.92,16.89,17.28,16.6,179038,317762784.0,4.03,0.06,0.01,2.35
2019-03-07,000935,16.92,18.67,18.67,16.63,308420,570725392.0,12.08,10.54,1.78,4.04
2019-03-08,000935,18.42,18.12,20.32,17.92,424411,847174496.0,12.85,-2.95,-0.55,5.56
2019-03-11,000935,18.49,19.02,19.42,18.22,229357,452236720.0,6.62,4.97,0.9,3.0
2019-03-12,000935,18.87,18.89,19.54,18.52,256747,511067104.0,5.36,-0.68,-0.13,3.36
2019-03-13,000935,18.92,19.08,20.1,18.72,271090,548711664.0,7.31,1.01,0.19,3.55
2019-03-14,000935,18.92,18.17,19.57,17.77,271715,532395280.0,9.43,-4.77,-0.91,3.56
2019-03-15,000935,18.27,18.22,18.57,17.9,182869,349499104.0,3.69,0.28,0.05,2.4
2019-03-18,000935,18.45,18.23,18.45,17.74,148891,281725824.0,3.9,0.05,0.01,1.95
2019-03-19,000935,18.26,18.32,18.59,18.04,131617,252909394.0,3.02,0.49,0.09,1.72
2019-03-20,000935,18.32,18.98,19.09,18.18,229637,449770432.0,4.97,3.6,0.66,3.01
2019-03-21,000935,18.77,18.7,19.32,18.62,196562,387743328.0,3.69,-1.48,-0.28,2.57
2019-03-22,000935,18.92,19.43,19.94,18.39,245571,490267216.0,8.29,3.9,0.73,3.22
2019-03-25,000935,18.73,18.41,19.04,18.38,183485,360098656.0,3.4,-5.25,-1.02,2.4
2019-03-26,000935,18.37,17.52,18.54,17.52,176468,332804528.0,5.54,-4.83,-0.89,2.31
2019-03-27,000935,17.72,17.91,18.02,17.12,115819,214029859.0,5.14,2.23,0.39,1.52
2019-03-28,000935,17.92,17.51,18.09,17.49,88131,164477785.0,3.35,-2.23,-0.4,1.15
2019-03-29,000935,17.27,17.9,17.96,17.23,95488,176910058.0,4.17,2.23,0.39,1.25
2019-04-01,000935,18.22,18.3,18.42,18.04,158102,302733408.0,2.12,2.23,0.4,2.07
2019-04-02,000935,18.38,18.29,18.77,18.21,137250,264941675.0,3.06,-0.05,-0.01,1.8
2019-04-03,000935,18.1,18.42,18.51,18.01,111002,212116418.0,2.73,0.71,0.13,1.45
2019-04-04,000935,18.42,18.47,18.99,18.32,136013,264542084.0,3.64,0.27,0.05,1.78
2019-04-08,000935,18.39,18.63,18.92,17.94,149399,288401488.0,5.31,0.87,0.16,1.96
2019-04-09,000935,18.62,18.22,18.62,18.13,97127,186133597.0,2.63,-2.2,-0.41,1.27
2019-04-10,000935,18.02,17.74,18.16,17.63,111676,209196340.0,2.91,-2.63,-0.48,1.46
2019-04-11,000935,17.75,17.72,18.58,17.37,136551,256932379.0,6.82,-0.11,-0.02,1.79
2019-04-12,000935,17.45,17.47,17.69,17.4,71466,131192310.0,1.64,-1.41,-0.25,0.94
2019-04-15,000935,17.68,17.32,18.02,17.32,65360,121380954.0,4.01,-0.86,-0.15,0.86
2019-04-16,000935,17.29,17.56,17.62,16.93,81811,148323996.0,3.98,1.39,0.24,1.07
2019-04-17,000935,17.53,17.62,17.87,17.45,80900,149883859.0,2.39,0.34,0.06,1.06
2019-04-18,000935,17.61,17.6,17.87,17.47,85615,158707553.0,2.27,-0.11,-0.02,1.12
2019-04-19,000935,17.6,17.36,17.7,17.2,69491,126849120.0,2.84,-1.36,-0.24,0.91
2019-04-22,000935,17.36,16.78,17.38,16.78,102187,183193884.0,3.46,-3.34,-0.58,1.34
2019-04-23,000935,16.8,16.83,17.08,16.72,68610,121917503.0,2.15,0.3,0.05,0.9
2019-04-24,000935,16.86,16.6,16.92,16.25,80617,140657302.0,3.98,-1.37,-0.23,1.06
2019-04-25,000935,16.51,15.92,16.79,15.92,89807,155025453.0,5.24,-4.1,-0.68,1.18
2019-04-26,000935,15.92,15.93,16.06,15.63,67377,112754435.0,2.7,0.06,0.01,0.88
2019-04-29,000935,15.93,15.1,16.0,15.03,83809,136769283.0,6.09,-5.21,-0.83,1.1
2019-04-30,000935,15.06,15.42,15.46,15.02,55939,90641863.0,2.91,2.12,0.32,0.73
2019-05-06,000935,14.94,13.79,14.98,13.79,110273,167622420.0,7.72,-10.57,-1.63,1.44
2019-05-07,000935,13.97,14.09,14.3,13.8,75521,112620083.0,3.63,2.18,0.3,0.99
2019-05-08,000935,13.73,14.18,14.48,13.71,77047,116153992.0,5.46,0.64,0.09,1.01
2019-05-09,000935,14.11,14.15,14.36,13.96,55786,84218611.0,2.82,-0.21,-0.03,0.73
2019-05-10,000935,14.31,14.56,14.58,13.84,88573,134916843.0,5.23,2.9,0.41,1.16
2019-05-13,000935,14.34,14.36,14.55,14.25,49487,75599135.0,2.06,-1.37,-0.2,0.65
2019-05-14,000935,14.13,14.2,14.5,14.13,52355,79517620.0,2.58,-1.11,-0.16,0.69
2019-05-15,000935,14.28,14.46,14.52,14.28,58163,89030720.0,1.69,1.83,0.26,0.76
2019-05-16,000935,14.44,14.83,14.97,14.42,95577,149670491.0,3.8,2.56,0.37,1.25
2019-05-17,000935,14.94,14.25,14.94,14.12,78336,120442636.0,5.53,-3.91,-0.58,1.03
2019-05-20,000935,14.28,14.42,14.45,13.98,50472,76252390.0,3.3,1.19,0.17,0.66
2019-05-21,000935,14.3,14.61,14.67,14.3,56339,87022555.0,2.57,1.32,0.19,0.74
2019-05-22,000935,14.64,14.6,14.79,14.45,61670,95692322.0,2.33,-0.07,-0.01,0.81
2019-05-23,000935,14.6,14.5,14.77,14.39,54674,84414334.0,2.6,-0.68,-0.1,0.72
2019-05-24,000935,14.47,14.6,14.72,14.41,43439,67153441.0,2.14,0.69,0.1,0.57
2019-05-27,000935,14.72,14.9,14.91,14.45,63459,99232569.0,3.15,2.05,0.3,0.83
2019-05-28,000935,14.91,15.11,15.56,14.87,107312,173667800.0,4.63,1.41,0.21,1.41
2019-05-29,000935,15.02,15.19,15.5,14.92,82560,133459289.0,3.84,0.53,0.08,1.08
2019-05-30,000935,15.03,15.2,15.27,14.86,61356,97772697.0,2.7,0.07,0.01,0.8
2019-05-31,000935,15.14,15.24,15.31,15.03,54939,88196185.0,1.84,0.26,0.04,0.72
2019-06-03,000935,15.34,15.59,16.29,15.13,114213,188310649.0,7.61,2.3,0.35,1.5
2019-06-04,000935,15.67,15.13,15.68,15.03,67924,109906417.0,4.17,-2.95,-0.46,0.89
2019-06-05,000935,15.27,15.29,15.46,15.0,63393,102156859.0,3.04,1.06,0.16,0.83
2019-06-06,000935,15.29,14.47,15.3,14.12,64594,101260984.0,7.72,-5.36,-0.82,0.85
2019-06-10,000935,14.43,14.52,14.64,14.36,41209,63413710.0,1.94,0.35,0.05,0.54
2019-06-11,000935,14.54,15.35,15.45,14.54,95649,152595148.0,6.27,5.72,0.83,1.25
2019-06-12,000935,15.3,15.15,15.67,15.12,80073,129926139.0,3.58,-1.3,-0.2,1.05
2019-06-13,000935,15.06,15.06,15.31,14.89,52405,83525323.0,2.77,-0.59,-0.09,0.69
2019-06-14,000935,15.06,14.65,15.12,14.56,53468,84062505.0,3.72,-2.72,-0.41,0.7
2019-06-17,000935,14.57,14.67,14.74,14.43,34533,53459079.0,2.12,0.14,0.02,0.45
2019-06-18,000935,15.92,15.01,15.92,14.98,125255,203498527.0,6.41,2.32,0.34,1.64
2019-06-19,000935,15.15,14.95,15.39,14.93,81092,129820568.0,3.06,-0.4,-0.06,1.06
2019-06-20,000935,15.0,15.09,15.17,14.81,62734,99711014.0,2.41,0.94,0.14,0.82
2019-06-21,000935,15.27,15.19,15.37,15.09,66587,107007595.0,1.86,0.66,0.1,0.87
2019-06-24,000935,15.22,15.23,15.36,15.13,47830,77056291.0,1.51,0.26,0.04,0.63
2019-06-25,000935,15.2,14.91,15.2,14.7,57566,90808867.0,3.28,-2.1,-0.32,0.75
2019-06-26,000935,14.8,14.8,15.0,14.7,34713,54503696.0,2.01,-0.74,-0.11,0.45
2019-06-27,000935,14.76,14.8,14.9,14.74,34028,53428654.0,1.08,0.0,0.0,0.45
2019-06-28,000935,14.81,15.11,15.37,14.79,95311,152489724.0,3.92,2.09,0.31,1.25
2019-07-01,000935,15.37,15.32,15.44,15.18,75103,121464570.0,1.72,1.39,0.21,0.98
2019-07-02,000935,15.34,15.31,15.47,15.25,53091,86083688.0,1.44,-0.07,-0.01,0.7
2019-07-03,000935,15.21,15.07,15.32,15.03,39057,62485088.0,1.89,-1.57,-0.24,0.51
2019-07-04,000935,15.07,15.22,15.37,15.07,41536,66798511.0,1.99,1.0,0.15,0.54
2019-07-05,000935,15.04,15.15,15.19,15.04,27460,43916775.0,0.99,-0.46,-0.07,0.36
2019-07-08,000935,15.21,14.53,15.22,14.46,57468,89556277.0,5.02,-4.09,-0.62,0.75
2019-07-09,000935,14.47,14.64,14.64,14.46,24161,37261579.0,1.24,0.76,0.11,0.32
2019-07-10,000935,14.68,14.46,14.69,14.39,29982,46099145.0,2.05,-1.23,-0.18,0.39
2019-07-11,000935,14.52,14.27,14.58,14.23,26759,40888757.0,2.42,-1.31,-0.19,0.35
2019-07-12,000935,14.28,14.37,14.42,14.15,20803,31545239.0,1.89,0.7,0.1,0.27
2019-07-15,000935,14.37,14.48,14.52,14.16,25399,38708374.0,2.51,0.77,0.11,0.33
2019-07-16,000935,14.48,14.4,14.51,14.32,22203,33891562.0,1.31,-0.55,-0.08,0.29
2019-07-17,000935,14.31,14.41,14.55,14.3,24728,37869883.0,1.74,0.07,0.01,0.32
2019-07-18,000935,14.41,14.14,14.41,14.14,23813,36001311.0,1.87,-1.87,-0.27,0.31
2019-07-19,000935,14.2,14.35,14.36,14.17,25728,38984190.0,1.34,1.49,0.21,0.34
2019-07-22,000935,14.49,13.6,14.49,13.53,63990,93850270.0,6.69,-5.23,-0.75,0.84
2019-07-23,000935,13.71,13.62,13.82,13.57,24030,34932201.0,1.84,0.15,0.02,0.31
2019-07-24,000935,13.57,13.73,13.77,13.56,27749,40449309.0,1.54,0.81,0.11,0.36
2019-07-25,000935,13.7,13.6,13.71,13.56,29744,43111744.0,1.09,-0.95,-0.13,0.39
2019-07-26,000935,13.57,13.61,13.71,13.39,27808,40203443.0,2.35,0.07,0.01,0.36
2019-07-29,000935,13.61,13.59,13.7,13.56,19255,27905587.0,1.03,-0.15,-0.02,0.25
2019-07-30,000935,13.58,13.62,13.7,13.57,24455,35517216.0,0.96,0.22,0.03,0.32
2019-07-31,000935,13.58,13.4,13.6,13.37,29948,42865570.0,1.69,-1.62,-0.22,0.39
2019-08-01,000935,13.32,13.35,13.37,13.0,35540,50257622.0,2.76,-0.37,-0.05,0.47
2019-08-02,000935,12.92,13.08,13.29,12.84,36166,50460561.0,3.37,-2.02,-0.27,0.47
2019-08-05,000935,13.52,13.04,13.66,13.04,40111,56648440.0,4.74,-0.31,-0.04,0.53
2019-08-06,000935,12.43,12.31,12.71,12.0,65066,86139938.0,5.44,-5.6,-0.73,0.85
2019-08-07,000935,12.31,12.24,12.45,12.21,25209,33296884.0,1.95,-0.57,-0.07,0.33
2019-08-08,000935,12.24,12.24,12.36,12.18,29267,38477202.0,1.47,0.0,0.0,0.38
2019-08-09,000935,12.34,12.12,12.34,11.98,30312,39524713.0,2.94,-0.98,-0.12,0.4
2019-08-12,000935,12.12,12.22,12.23,12.05,23318,30334848.0,1.49,0.83,0.1,0.31
2019-08-13,000935,12.15,12.02,12.15,11.99,20584,26577858.0,1.31,-1.64,-0.2,0.27
2019-08-14,000935,12.15,12.03,12.2,12.01,20051,26020685.0,1.58,0.08,0.01,0.26
2019-08-15,000935,11.61,11.97,12.01,11.59,30858,39224724.0,3.49,-0.5,-0.06,0.4
2019-08-16,000935,11.99,12.28,12.37,11.97,46883,61495514.0,3.34,2.59,0.31,0.61
2019-08-19,000935,12.39,12.57,12.61,12.33,49526,66176142.0,2.28,2.36,0.29,0.65
2019-08-20,000935,12.7,12.82,12.96,12.58,64934,88963484.0,3.02,1.99,0.25,0.85
2019-08-21,000935,12.9,12.88,13.05,12.69,43675,60143489.0,2.81,0.47,0.06,0.57
2019-08-22,000935,12.94,13.4,13.71,12.84,75557,106344049.0,6.75,4.04,0.52,0.99
2019-08-23,000935,13.3,13.21,13.45,13.12,58442,82533714.0,2.46,-1.42,-0.19,0.77
2019-08-26,000935,12.68,12.92,13.05,12.68,35297,48584555.0,2.8,-2.2,-0.29,0.46
2019-08-27,000935,13.06,13.06,13.24,13.0,34760,48698640.0,1.86,1.08,0.14,0.46
2019-08-28,000935,13.08,13.12,13.25,12.98,31944,44647972.0,2.07,0.46,0.06,0.42
2019-08-29,000935,13.12,13.13,13.13,12.95,32090,44642124.0,1.37,0.08,0.01,0.42
2019-08-30,000935,13.17,12.92,13.21,12.79,39554,54851112.0,3.2,-1.6,-0.21,0.52
2019-09-02,000935,12.92,13.11,13.18,12.9,43403,60726360.0,2.17,1.47,0.19,0.57
2019-09-03,000935,13.22,13.42,13.67,13.17,82538,118508158.0,3.81,2.36,0.31,1.08
2019-09-04,000935,13.3,13.49,13.61,13.28,65157,93446960.0,2.46,0.52,0.07,0.85
2019-09-05,000935,13.62,13.44,13.79,13.41,76922,110995214.0,2.82,-0.37,-0.05,1.01
2019-09-06,000935,13.45,13.36,13.51,13.22,44635,63627464.0,2.16,-0.6,-0.08,0.58
2019-09-09,000935,13.52,13.55,13.56,13.39,41204,59140978.0,1.27,1.42,0.19,0.54
2019-09-10,000935,13.54,13.59,13.68,13.4,45945,66380926.0,2.07,0.3,0.04,0.6
2019-09-11,000935,13.61,13.95,14.78,13.56,96317,144263050.0,8.98,2.65,0.36,1.26
2019-09-12,000935,14.0,14.03,14.36,13.97,66693,100059237.0,2.8,0.57,0.08,0.87
2019-09-16,000935,14.07,14.05,14.23,14.01,45913,68786365.0,1.57,0.14,0.02,0.6
2019-09-17,000935,14.04,13.56,14.04,13.54,64535,94352267.0,3.56,-3.49,-0.49,0.85
2019-09-18,000935,13.61,13.45,13.74,13.41,35279,50820127.0,2.43,-0.81,-0.11,0.46
2019-09-19,000935,13.45,13.65,13.72,13.32,40911,58943903.0,2.97,1.49,0.2,0.54
2019-09-20,000935,13.58,13.86,13.95,13.58,54050,79589505.0,2.71,1.54,0.21,0.71
2019-09-23,000935,13.83,13.61,13.86,13.47,40573,58798765.0,2.81,-1.8,-0.25,0.53
2019-09-24,000935,13.72,13.54,13.72,13.53,35484,51496753.0,1.4,-0.51,-0.07,0.46
2019-09-25,000935,13.63,13.14,13.63,13.14,40687,57698552.0,3.62,-2.95,-0.4,0.53
2019-09-26,000935,13.18,12.8,13.31,12.8,41720,57914147.0,3.88,-2.59,-0.34,0.55
2019-09-27,000935,12.87,12.88,12.98,12.82,22129,30472923.0,1.25,0.63,0.08,0.29
2019-09-30,000935,12.82,12.62,12.96,12.62,19554,26672970.0,2.64,-2.02,-0.26,0.26
2019-10-08,000935,12.62,12.96,13.19,12.62,40345,55906009.0,4.52,2.69,0.34,0.53
2019-10-09,000935,12.92,13.04,13.09,12.79,30807,42742941.0,2.31,0.62,0.08,0.4
2019-10-10,000935,13.11,13.07,13.12,12.97,20590,28648493.0,1.15,0.23,0.03,0.27
2019-10-11,000935,13.17,13.31,13.47,13.08,51668,73380058.0,2.98,1.84,0.24,0.68
2019-10-14,000935,13.46,13.6,13.66,13.33,62881,90432268.0,2.48,2.18,0.29,0.82
2019-10-15,000935,13.61,13.55,13.61,13.33,37426,53707514.0,2.06,-0.37,-0.05,0.49
2019-10-16,000935,13.64,13.42,13.79,13.37,35916,51927571.0,3.1,-0.96,-0.13,0.47
2019-10-17,000935,13.48,13.26,13.52,13.23,25331,35982347.0,2.16,-1.19,-0.16,0.33
2019-10-18,000935,13.3,13.05,13.39,13.02,25586,36009625.0,2.79,-1.58,-0.21,0.34
2019-10-21,000935,13.22,13.15,13.22,12.94,18388,25706513.0,2.15,0.77,0.1,0.24
2019-10-22,000935,13.26,13.28,13.28,13.03,22711,31814536.0,1.9,0.99,0.13,0.3
2019-10-23,000935,13.27,12.99,13.32,12.92,29014,40617446.0,3.01,-2.18,-0.29,0.38
2019-10-24,000935,12.92,13.02,13.16,12.92,28588,39841634.0,1.85,0.23,0.03,0.37
2019-10-25,000935,12.97,12.95,13.06,12.83,26589,36745550.0,1.77,-0.54,-0.07,0.35
2019-10-28,000935,14.12,13.5,14.12,13.02,79416,114014336.0,8.49,4.25,0.55,1.04
2019-10-29,000935,13.5,13.36,13.75,13.35,46692,67410611.0,2.96,-1.04,-0.14,0.61
2019-10-30,000935,13.27,13.2,13.39,13.02,40649,57027996.0,2.77,-1.2,-0.16,0.53
2019-10-31,000935,13.06,12.86,13.16,12.84,36295,50348828.0,2.42,-2.58,-0.34,0.48
2019-11-01,000935,12.86,13.06,13.07,12.83,20565,28554137.0,1.87,1.56,0.2,0.27
2019-11-04,000935,13.13,13.3,13.42,13.08,30443,43147333.0,2.6,1.84,0.24,0.4
2019-11-05,000935,13.29,13.71,14.31,13.29,127000,187233707.0,7.67,3.08,0.41,1.66
2019-11-06,000935,13.7,13.78,14.25,13.69,89526,132388599.0,4.08,0.51,0.07,1.17
2019-11-07,000935,14.19,15.25,15.25,14.19,159003,249643206.0,7.69,10.67,1.47,2.08
2019-11-08,000935,16.12,16.86,16.86,15.84,653516,1145608480.0,6.69,10.56,1.61,8.56
2019-11-11,000935,16.57,15.09,16.57,15.09,463936,764218752.0,8.78,-10.5,-1.77,6.08
2019-11-12,000935,14.72,14.3,14.78,13.99,314092,475460000.0,5.24,-5.24,-0.79,4.11
2019-11-13,000935,14.27,14.44,14.6,14.04,205321,311762784.0,3.92,0.98,0.14,2.69
2019-11-14,000935,14.3,14.15,14.48,14.08,154078,233197185.0,2.77,-2.01,-0.29,2.02
2019-11-15,000935,13.99,13.51,14.0,13.5,182018,265357239.0,3.53,-4.52,-0.64,2.38
2019-11-18,000935,13.33,13.49,13.6,13.22,98471,140838792.0,2.81,-0.15,-0.02,1.29
2019-11-19,000935,13.49,13.85,14.07,13.45,146317,214884674.0,4.6,2.67,0.36,1.92
2019-11-20,000935,13.75,13.64,13.97,13.6,106948,156734173.0,2.67,-1.52,-0.21,1.4
2019-11-21,000935,13.53,13.82,14.07,13.48,96546,141921319.0,4.33,1.32,0.18,1.26
2019-11-22,000935,13.74,13.58,13.94,13.54,96353,140644478.0,2.89,-1.74,-0.24,1.26
2019-11-25,000935,13.67,15.03,15.03,13.67,291151,444706112.0,10.01,10.68,1.45,3.81
2019-11-26,000935,14.81,14.3,14.81,14.21,227313,348635856.0,3.99,-4.86,-0.73,2.98
2019-11-27,000935,14.27,14.5,14.78,14.05,198037,304702368.0,5.1,1.4,0.2,2.59
2019-11-28,000935,14.3,14.15,14.61,14.02,139892,211652418.0,4.07,-2.41,-0.35,1.83
2019-11-29,000935,14.22,13.92,14.27,13.8,98884,147289797.0,3.32,-1.63,-0.23,1.3
2019-12-02,000935,14.19,14.19,14.56,14.15,133699,203187574.0,2.95,1.94,0.27,1.75
2019-12-03,000935,14.0,14.41,14.5,13.78,140301,212056419.0,5.07,1.55,0.22,1.84
2019-12-04,000935,14.27,14.24,14.41,14.08,95543,144304263.0,2.29,-1.18,-0.17,1.25
2019-12-05,000935,14.32,14.37,14.47,14.24,98271,149591049.0,1.62,0.91,0.13,1.29
2019-12-06,000935,14.37,14.62,14.77,14.27,158964,245113251.0,3.48,1.74,0.25,2.08
2019-12-09,000935,14.68,15.02,15.22,14.55,196022,309423024.0,4.58,2.74,0.4,2.57
2019-12-10,000935,14.87,14.96,15.27,14.81,161811,256602060.0,3.06,-0.4,-0.06,2.12
2019-12-11,000935,14.86,14.43,14.92,14.4,160524,248671316.0,3.48,-3.54,-0.53,2.1
2019-12-12,000935,14.43,14.05,14.47,14.04,134460,202389698.0,2.98,-2.63,-0.38,1.76
2019-12-13,000935,14.18,14.18,14.23,14.02,116267,174369965.0,1.49,0.93,0.13,1.52
2019-12-16,000935,14.28,14.51,14.53,14.12,110102,167993563.0,2.89,2.33,0.33,1.44
2019-12-17,000935,14.52,14.71,14.75,14.37,157119,243419139.0,2.62,1.38,0.2,2.06
2019-12-18,000935,14.73,14.75,14.92,14.68,161073,252180018.0,1.63,0.27,0.04,2.11
2019-12-19,000935,14.75,14.9,15.09,14.67,143912,227246461.0,2.85,1.02,0.15,1.89
2019-12-20,000935,14.83,14.55,14.99,14.51,117515,183675129.0,3.22,-2.35,-0.35,1.54
2019-12-23,000935,14.38,14.23,14.85,14.19,121383,187241649.0,4.54,-2.2,-0.32,1.59
2019-12-24,000935,14.16,14.48,14.52,14.11,86340,131099341.0,2.88,1.76,0.25,1.13
2019-12-25,000935,14.39,14.69,15.03,14.2,155601,240547592.0,5.73,1.45,0.21,2.04
2019-12-26,000935,14.63,14.78,14.98,14.51,135037,211096349.0,3.2,0.61,0.09,1.77
2019-12-27,000935,14.78,14.48,14.95,14.46,148420,231904905.0,3.32,-2.03,-0.3,1.94
2019-12-30,000935,14.49,15.24,15.74,14.49,293272,470530880.0,8.63,5.25,0.76,3.84
2019-12-31,000935,15.19,15.61,16.19,15.0,309060,507735632.0,7.81,2.43,0.37,4.05
2020-01-02,000935,15.72,15.6,16.16,15.49,270071,448760224.0,4.29,-0.06,-0.01,3.54
2020-01-03,000935,15.67,15.36,15.67,15.25,171633,279040800.0,2.69,-1.54,-0.24,2.25
2020-01-06,000935,15.57,15.63,15.65,14.99,181134,295500848.0,4.3,1.76,0.27,2.37
2020-01-07,000935,15.62,15.53,15.87,15.32,155028,254935286.0,3.52,-0.64,-0.1,2.03
2020-01-08,000935,15.35,14.93,15.42,14.92,153354,245696292.0,3.22,-3.86,-0.6,2.01
2020-01-09,000935,15.12,15.19,15.26,15.06,93075,149356523.0,1.34,1.74,0.26,1.22
2020-01-10,000935,15.24,15.41,15.43,15.0,114872,185232835.0,2.83,1.45,0.22,1.5
2020-01-13,000935,15.34,15.34,15.37,15.09,93818,151058735.0,1.82,-0.45,-0.07,1.23
2020-01-14,000935,15.32,15.34,15.53,15.14,116257,188665552.0,2.54,0.0,0.0,1.52
2020-01-15,000935,15.27,15.1,15.32,15.03,75879,121397537.0,1.89,-1.56,-0.24,0.99
2020-01-16,000935,15.21,14.92,15.21,14.92,61514,97780841.0,1.92,-1.19,-0.18,0.81
2020-01-17,000935,14.97,14.94,15.08,14.93,50931,80867612.0,1.01,0.13,0.02,0.67
2020-01-20,000935,14.96,15.09,15.13,14.7,68652,108782102.0,2.88,1.0,0.15,0.9
2020-01-21,000935,15.07,14.48,15.07,14.46,88810,138627848.0,4.04,-4.04,-0.61,1.16
2020-01-22,000935,14.33,14.2,14.33,13.98,75580,113872900.0,2.42,-1.93,-0.28,0.99
2020-01-23,000935,14.2,13.38,14.21,13.12,115764,167566176.0,7.68,-5.77,-0.82,1.52
2020-02-03,000935,11.95,11.95,11.95,11.95,13249,16998467.0,0.0,-10.69,-1.43,0.17
2020-02-04,000935,10.67,11.49,11.74,10.67,135859,166532902.0,8.95,-3.85,-0.46,1.78
2020-02-05,000935,11.49,11.62,11.91,11.49,111066,139875693.0,3.66,1.13,0.13,1.45
2020-02-06,000935,11.64,11.79,11.81,11.47,92248,115855948.0,2.93,1.46,0.17,1.21
2020-02-07,000935,11.76,11.94,12.07,11.64,87850,112034572.0,3.65,1.27,0.15,1.15
2020-02-10,000935,11.87,12.72,12.82,11.83,161199,216205135.0,8.29,6.53,0.78,2.11
2020-02-11,000935,12.75,12.44,12.75,12.42,97919,131539759.0,2.59,-2.2,-0.28,1.28
2020-02-12,000935,12.44,12.6,12.69,12.36,73993,99648128.0,2.65,1.29,0.16,0.97
2020-02-13,000935,12.62,12.59,12.87,12.5,92102,124707073.0,2.94,-0.08,-0.01,1.21
2020-02-14,000935,12.5,12.69,12.89,12.44,88939,120480628.0,3.57,0.79,0.1,1.16
2020-02-17,000935,12.64,13.01,13.01,12.64,106433,146617871.0,2.92,2.52,0.32,1.39
2020-02-18,000935,13.1,13.22,13.27,12.9,102685,143544041.0,2.84,1.61,0.21,1.35
2020-02-19,000935,13.16,13.12,13.6,13.04,119287,169503445.0,4.24,-0.76,-0.1,1.56
2020-02-20,000935,13.09,13.27,13.3,12.89,98721,138195982.0,3.13,1.14,0.15,1.29
2020-02-21,000935,13.32,13.4,13.66,13.24,109775,157311689.0,3.17,0.98,0.13,1.44
2020-02-24,000935,13.4,13.57,13.71,13.4,96026,138685127.0,2.31,1.27,0.17,1.26
2020-02-25,000935,13.14,13.28,13.31,12.74,139266,195206211.0,4.2,-2.14,-0.29,1.82
2020-02-26,000935,13.07,13.54,13.97,13.01,172271,249741942.0,7.23,1.96,0.26,2.26
2020-02-27,000935,13.66,13.56,14.16,13.53,189451,278619840.0,4.65,0.15,0.02,2.48
2020-02-28,000935,12.97,12.86,13.69,12.77,154587,218364636.0,6.78,-5.16,-0.7,2.02
2020-03-02,000935,13.06,14.19,14.22,13.06,265032,392057504.0,9.02,10.34,1.33,3.47
2020-03-03,000935,14.62,13.99,14.67,13.73,292881,436819392.0,6.62,-1.41,-0.2,3.84
2020-03-04,000935,13.74,14.21,14.5,13.7,202812,303451536.0,5.72,1.57,0.22,2.66
2020-03-05,000935,14.54,14.17,14.54,14.06,177484,268345433.0,3.38,-0.28,-0.04,2.32
2020-03-06,000935,13.92,13.81,14.04,13.74,110928,163190909.0,2.12,-2.54,-0.36,1.45
2020-03-09,000935,14.08,14.08,14.39,13.83,238664,359031040.0,4.06,1.96,0.27,3.13
2020-03-10,000935,13.73,14.3,14.3,13.47,183676,272982848.0,5.89,1.56,0.22,2.41
2020-03-11,000935,14.25,13.94,14.28,13.92,109714,164484633.0,2.52,-2.52,-0.36,1.44
2020-03-12,000935,13.7,13.35,13.9,13.23,95491,137865353.0,4.81,-4.23,-0.59,1.25
2020-03-13,000935,12.42,12.79,13.2,12.3,115894,156966359.0,6.74,-4.19,-0.56,1.52
2020-03-16,000935,13.02,12.19,13.09,12.13,84811,114836720.0,7.51,-4.69,-0.6,1.11
2020-03-17,000935,12.23,12.07,12.51,11.58,74942,96571229.0,7.63,-0.98,-0.12,0.98
2020-03-18,000935,12.22,11.98,12.54,11.98,75950,100124209.0,4.64,-0.75,-0.09,0.99
2020-03-19,000935,11.95,11.94,12.13,11.58,65639,83585874.0,4.59,-0.33,-0.04,0.86
2020-03-20,000935,12.1,12.24,12.4,12.03,69130,90368127.0,3.1,2.51,0.3,0.91
2020-03-23,000935,12.02,11.85,12.21,11.85,53708,69424976.0,2.94,-3.19,-0.39,0.7
2020-03-24,000935,12.16,12.2,12.22,11.9,53074,68859300.0,2.7,2.95,0.35,0.7
2020-03-25,000935,12.57,12.35,12.6,12.26,57443,76057616.0,2.79,1.23,0.15,0.75
2020-03-26,000935,12.22,12.18,12.42,12.17,41515,54616760.0,2.02,-1.38,-0.17,0.54
2020-03-27,000935,12.31,12.22,12.49,12.18,50539,66735511.0,2.55,0.33,0.04,0.66
2020-03-30,000935,12.02,11.9,12.07,11.85,43711,55998384.0,1.8,-2.62,-0.32,0.57
2020-03-31,000935,12.0,11.82,12.11,11.82,33535,42941080.0,2.44,-0.67,-0.08,0.44
2020-04-01,000935,11.9,12.72,13.09,11.83,226652,309002800.0,10.66,7.61,0.9,2.97
2020-04-02,000935,12.32,12.52,12.65,12.25,167551,223088435.0,3.14,-1.57,-0.2,2.19
2020-04-03,000935,12.58,12.43,12.74,12.35,84208,112952314.0,3.12,-0.72,-0.09,1.1
2020-04-07,000935,12.61,12.79,12.88,12.54,92803,126170032.0,2.74,2.9,0.36,1.22
2020-04-08,000935,12.67,12.62,12.73,12.55,64684,87367144.0,1.41,-1.33,-0.17,0.85
2020-04-09,000935,12.73,12.54,12.77,12.47,57935,78073930.0,2.38,-0.63,-0.08,0.76
2020-04-10,000935,12.58,12.32,12.66,12.3,51095,68088349.0,2.87,-1.75,-0.22,0.67
2020-04-13,000935,12.11,12.35,12.5,12.11,48443,64227321.0,3.17,0.24,0.03,0.63
2020-04-14,000935,12.27,12.46,12.47,12.27,41069,54519199.0,1.62,0.89,0.11,0.54
2020-04-15,000935,12.48,12.29,12.5,12.29,42259,55905992.0,1.69,-1.36,-0.17,0.55
2020-04-16,000935,12.29,12.29,12.35,12.21,30493,40093031.0,1.14,0.0,0.0,0.4
2020-04-17,000935,12.35,12.48,12.63,12.25,88760,118539420.0,3.09,1.55,0.19,1.16
2020-04-20,000935,12.65,12.82,13.06,12.57,130980,179878863.0,3.93,2.72,0.34,1.72
2020-04-21,000935,12.67,12.91,12.92,12.58,86013,117681055.0,2.65,0.7,0.09,1.13
2020-04-22,000935,12.9,12.81,12.91,12.68,57880,79066640.0,1.78,-0.77,-0.1,0.76
2020-04-23,000935,12.86,12.57,12.94,12.54,55398,75148108.0,3.12,-1.87,-0.24,0.73
2020-04-24,000935,12.53,12.41,12.7,12.34,41660,55714677.0,2.86,-1.27,-0.16,0.55
2020-04-27,000935,12.39,12.38,12.56,12.35,37369,49896944.0,1.69,-0.24,-0.03,0.49
2020-04-28,000935,12.53,12.74,13.03,12.53,122239,167061762.0,4.04,2.91,0.36,1.6
2020-04-29,000935,12.52,12.96,13.02,12.42,126561,173535090.0,4.71,1.73,0.22,1.66
2020-04-30,000935,12.96,12.98,13.05,12.82,108730,150250215.0,1.77,0.15,0.02,1.42
2020-05-06,000935,12.77,13.21,13.32,12.77,101865,142772615.0,4.24,1.77,0.23,1.33
2020-05-07,000935,13.26,13.11,13.57,13.08,103826,147154482.0,3.71,-0.76,-0.1,1.36
2020-05-08,000935,13.22,13.17,13.24,13.08,70404,98769415.0,1.22,0.46,0.06,0.92
2020-05-11,000935,13.12,13.42,13.6,13.12,132963,190141038.0,3.64,1.9,0.25,1.74
2020-05-12,000935,13.42,13.15,13.45,12.97,89654,125768105.0,3.58,-2.01,-0.27,1.17
2020-05-13,000935,13.12,13.14,13.25,13.04,51148,71576532.0,1.6,-0.08,-0.01,0.67
2020-05-14,000935,13.12,12.8,13.16,12.76,68396,94330798.0,3.04,-2.59,-0.34,0.9
2020-05-15,000935,12.9,12.81,12.94,12.7,43802,59955839.0,1.88,0.08,0.01,0.57
2020-05-18,000935,13.57,13.07,13.6,13.03,148408,211042546.0,4.45,2.03,0.26,1.94
2020-05-19,000935,13.21,13.24,13.58,13.13,92313,130797394.0,3.44,1.3,0.17,1.21
2020-05-20,000935,13.27,13.28,13.45,12.94,107579,150900539.0,3.85,0.3,0.04,1.41
2020-05-21,000935,13.25,13.22,13.45,13.07,74139,104573062.0,2.86,-0.45,-0.06,0.97
2020-05-22,000935,13.22,12.6,13.22,12.59,84937,116605009.0,4.77,-4.69,-0.62,1.11
2020-05-25,000935,12.24,12.19,12.55,12.04,72282,94973502.0,4.05,-3.25,-0.41,0.95
2020-05-26,000935,12.2,12.27,12.28,12.17,47570,62314383.0,0.9,0.66,0.08,0.62
2020-05-27,000935,12.22,12.13,12.26,12.09,36944,48207758.0,1.39,-1.14,-0.14,0.48
2020-05-28,000935,12.15,12.04,12.29,11.89,46481,60373976.0,3.3,-0.74,-0.09,0.61
2020-05-29,000935,12.02,11.97,12.12,11.88,31497,40587111.0,1.99,-0.58,-0.07,0.41
2020-06-01,000935,12.1,12.3,12.34,12.04,56168,73679202.0,2.51,2.76,0.33,0.74
2020-06-02,000935,12.58,12.43,12.58,12.39,58243,77246929.0,1.54,1.06,0.13,0.76
2020-06-03,000935,12.5,12.26,12.5,12.26,51212,67449132.0,1.93,-1.37,-0.17,0.67
2020-06-04,000935,12.26,12.28,12.44,12.23,34499,45243197.0,1.71,0.16,0.02,0.45
2020-06-05,000935,12.27,12.34,12.36,12.2,29043,37927824.0,1.3,0.49,0.06,0.38
2020-06-08,000935,12.37,12.29,12.43,12.24,37115,48659337.0,1.54,-0.41,-0.05,0.49
2020-06-09,000935,12.29,12.31,12.37,12.25,29003,37980973.0,0.98,0.16,0.02,0.38
2020-06-10,000935,12.27,12.32,12.4,12.21,37834,49552630.0,1.54,0.08,0.01,0.5
2020-06-11,000935,12.36,12.23,12.36,12.2,40478,52881867.0,1.3,-0.73,-0.09,0.53
2020-06-12,000935,11.79,12.09,12.18,11.79,43665,56050544.0,3.19,-1.14,-0.14,0.57
2020-06-15,000935,12.01,12.13,12.33,12.01,39274,51039759.0,2.65,0.33,0.04,0.51
2020-06-16,000935,12.21,12.26,12.31,12.12,38973,50691409.0,1.57,1.07,0.13,0.51
2020-06-17,000935,12.23,12.21,12.26,12.12,37875,49161916.0,1.14,-0.41,-0.05,0.5
2020-06-18,000935,12.16,12.17,12.25,12.11,31221,40448177.0,1.15,-0.33,-0.04,0.41
2020-06-19,000935,12.17,12.26,12.26,12.14,34972,45422825.0,0.99,0.74,0.09,0.46
2020-06-22,000935,12.23,12.22,12.29,12.15,38408,50056340.0,1.14,-0.33,-0.04,0.5
2020-06-23,000935,12.26,12.16,12.26,12.13,32887,42688509.0,1.06,-0.49,-0.06,0.43
2020-06-24,000935,12.18,12.14,12.23,12.14,24993,32389875.0,0.74,-0.16,-0.02,0.33
2020-06-29,000935,12.11,12.01,12.14,11.92,34851,44610150.0,1.81,-1.07,-0.13,0.46
2020-06-30,000935,12.1,12.05,12.14,11.96,29518,37948341.0,1.5,0.33,0.04,0.39
2020-07-01,000935,12.08,12.3,12.32,12.01,77120,100277063.0,2.57,2.07,0.25,1.01
2020-07-02,000935,12.27,12.44,12.45,12.27,90478,119035817.0,1.46,1.14,0.14,1.19
2020-07-03,000935,12.51,12.64,12.79,12.47,99633,133756211.0,2.57,1.61,0.2,1.31
2020-07-06,000935,12.72,13.33,13.34,12.72,151287,209935291.0,4.91,5.46,0.69,1.98
2020-07-07,000935,13.38,13.13,13.56,13.02,162589,227704054.0,4.05,-1.5,-0.2,2.13
2020-07-08,000935,13.15,13.25,13.31,12.94,134777,188056869.0,2.82,0.91,0.12,1.77
2020-07-09,000935,13.25,14.12,14.52,13.2,237996,345372512.0,9.96,6.57,0.87,3.12
2020-07-10,000935,13.81,13.88,14.11,13.66,157682,231334420.0,3.19,-1.7,-0.24,2.07
2020-07-13,000935,13.83,14.79,15.09,13.83,246511,376249760.0,9.08,6.56,0.91,3.23
2020-07-14,000935,14.82,14.53,15.07,14.3,182264,280169280.0,5.21,-1.76,-0.26,2.39
2020-07-15,000935,14.53,13.81,14.69,13.77,155980,232075754.0,6.33,-4.96,-0.72,2.04
2020-07-16,000935,13.73,13.11,14.06,12.98,143066,205666734.0,7.82,-5.07,-0.7,1.87
2020-07-17,000935,13.16,13.3,13.51,13.03,102252,144014274.0,3.66,1.45,0.19,1.34
2020-07-20,000935,13.51,14.17,14.34,13.49,175715,260321375.0,6.39,6.54,0.87,2.3
2020-07-21,000935,14.2,13.87,14.2,13.77,121141,178012489.0,3.03,-2.12,-0.3,1.59
2020-07-22,000935,13.92,14.18,14.52,13.92,178460,267639410.0,4.33,2.24,0.31,2.34
2020-07-23,000935,14.18,13.9,14.18,13.6,111957,164229965.0,4.09,-1.97,-0.28,1.47
2020-07-24,000935,13.86,13.3,14.09,13.1,112813,161910167.0,7.12,-4.32,-0.6,1.48
2020-07-27,000935,13.41,13.52,13.8,13.28,77534,110896779.0,3.91,1.65,0.22,1.02
2020-07-28,000935,13.61,13.48,13.76,13.32,65743,94335751.0,3.25,-0.3,-0.04,0.86
2020-07-29,000935,13.45,13.7,13.72,13.21,81893,117313745.0,3.78,1.63,0.22,1.07
2020-07-30,000935,13.66,14.21,14.51,13.66,221358,332570224.0,6.2,3.72,0.51,2.9
2020-07-31,000935,14.26,14.16,14.31,13.92,131653,196507732.0,2.74,-0.35,-0.05,1.72
2020-08-03,000935,14.31,14.32,14.46,14.16,134981,203947568.0,2.12,1.13,0.16,1.77
2020-08-04,000935,14.36,14.4,14.5,14.15,132672,200653336.0,2.44,0.56,0.08,1.74
2020-08-05,000935,14.36,14.22,14.36,14.11,93255,140093111.0,1.74,-1.25,-0.18,1.22
2020-08-06,000935,14.33,14.09,14.37,13.94,97564,145188800.0,3.02,-0.91,-0.13,1.28
2020-08-07,000935,14.05,13.88,14.19,13.56,88476,129123931.0,4.47,-1.49,-0.21,1.16
2020-08-10,000935,14.21,14.24,14.51,14.07,120444,180791347.0,3.17,2.59,0.36,1.58
2020-08-11,000935,14.28,13.77,14.31,13.77,95967,141604169.0,3.79,-3.3,-0.47,1.26
2020-08-12,000935,13.84,13.56,13.84,13.32,72690,104159805.0,3.78,-1.53,-0.21,0.95
2020-08-13,000935,13.54,13.59,13.73,13.54,52346,75470141.0,1.4,0.22,0.03,0.69
2020-08-14,000935,13.55,13.72,13.74,13.45,46599,67005873.0,2.13,0.96,0.13,0.61
2020-08-17,000935,13.71,14.21,14.28,13.63,107433,159093882.0,4.74,3.57,0.49,1.41
2020-08-18,000935,14.21,14.41,14.77,14.13,157430,239860372.0,4.5,1.41,0.2,2.06
2020-08-19,000935,14.6,14.92,15.55,14.41,280274,442085680.0,7.91,3.54,0.51,3.67
2020-08-20,000935,14.56,14.32,14.71,14.21,146770,223910958.0,3.35,-4.02,-0.6,1.92
2020-08-21,000935,14.41,14.3,14.65,14.14,94573,143578017.0,3.56,-0.14,-0.02,1.24
2020-08-24,000935,14.33,14.49,14.99,14.19,114397,176549799.0,5.59,1.33,0.19,1.5
2020-08-25,000935,14.49,14.31,14.7,14.24,85788,130763454.0,3.17,-1.24,-0.18,1.12
2020-08-26,000935,14.31,13.86,14.46,13.81,86458,128537961.0,4.54,-3.14,-0.45,1.13
2020-08-27,000935,13.82,13.96,14.04,13.76,49541,72812391.0,2.02,0.72,0.1,0.65
2020-08-28,000935,13.89,14.54,14.66,13.85,117690,178579113.0,5.8,4.15,0.58,1.54
2020-08-31,000935,15.13,14.72,15.36,14.72,184028,290485360.0,4.4,1.24,0.18,2.41
2020-09-01,000935,14.78,14.79,15.21,14.69,114790,179893574.0,3.53,0.48,0.07,1.5
2020-09-02,000935,14.83,14.8,14.96,14.53,99561,154767680.0,2.91,0.07,0.01,1.3
2020-09-03,000935,14.77,14.5,14.98,14.37,86824,134212910.0,4.12,-2.03,-0.3,1.14
2020-09-04,000935,14.14,14.28,14.3,13.99,71763,107497320.0,2.14,-1.52,-0.22,0.94
2020-09-07,000935,14.28,14.08,14.5,14.02,69783,104981476.0,3.36,-1.4,-0.2,0.91
2020-09-08,000935,14.11,14.21,14.26,13.86,61829,91667894.0,2.84,0.92,0.13,0.81
2020-09-09,000935,14.06,13.83,14.09,13.72,66303,97425951.0,2.6,-2.67,-0.38,0.87
2020-09-10,000935,13.98,13.52,13.99,13.47,57876,84152956.0,3.76,-2.24,-0.31,0.76
2020-09-11,000935,13.37,13.71,13.76,13.22,45365,65017928.0,3.99,1.41,0.19,0.59
2020-09-14,000935,13.72,13.79,13.99,13.63,46038,66998668.0,2.63,0.58,0.08,0.6
2020-09-15,000935,13.76,13.68,13.77,13.54,33466,48303177.0,1.67,-0.8,-0.11,0.44
2020-09-16,000935,13.69,13.62,13.83,13.56,29799,43045767.0,1.97,-0.44,-0.06,0.39
2020-09-17,000935,13.65,13.54,13.75,13.39,32094,45932293.0,2.64,-0.59,-0.08,0.42
2020-09-18,000935,13.5,13.82,13.82,13.48,42099,61021091.0,2.51,2.07,0.28,0.55
2020-09-21,000935,13.83,13.77,13.91,13.71,36124,52708633.0,1.45,-0.36,-0.05,0.47
2020-09-22,000935,13.71,13.37,13.71,13.32,45875,65586830.0,2.83,-2.9,-0.4,0.6
2020-09-23,000935,13.44,13.38,13.51,13.32,25856,36639971.0,1.42,0.07,0.01,0.34
2020-09-24,000935,13.29,12.81,13.34,12.8,62357,85791898.0,4.04,-4.26,-0.57,0.82
2020-09-25,000935,12.84,12.67,12.91,12.57,27935,37699034.0,2.65,-1.09,-0.14,0.37
2020-09-28,000935,12.69,12.59,12.81,12.58,19802,26598165.0,1.82,-0.63,-0.08,0.26
2020-09-29,000935,12.76,12.63,12.79,12.59,20447,27535850.0,1.59,0.32,0.04,0.27
2020-09-30,000935,12.59,12.91,13.7,12.57,44337,61116923.0,8.95,2.22,0.28,0.58
2020-10-09,000935,13.06,13.05,13.16,12.95,26538,36723638.0,1.63,1.08,0.14,0.35
2020-10-12,000935,13.06,13.3,13.34,13.05,36277,50865188.0,2.22,1.92,0.25,0.48
2020-10-13,000935,13.21,13.2,13.27,13.1,25125,35052661.0,1.28,-0.75,-0.1,0.33
2020-10-14,000935,13.21,13.12,13.25,13.08,27863,38862558.0,1.29,-0.61,-0.08,0.36
2020-10-15,000935,13.12,12.93,13.16,12.91,27649,38129226.0,1.91,-1.45,-0.19,0.36
2020-10-16,000935,12.85,12.83,13.05,12.76,23262,31719522.0,2.24,-0.77,-0.1,0.3
2020-10-19,000935,12.89,12.81,13.11,12.81,27254,37471590.0,2.34,-0.16,-0.02,0.36
2020-10-20,000935,12.78,12.95,12.95,12.67,26128,35502222.0,2.19,1.09,0.14,0.34
2020-10-21,000935,13.01,12.86,13.05,12.77,18427,25184766.0,2.16,-0.69,-0.09,0.24
2020-10-22,000935,12.79,12.72,12.8,12.63,16274,21983686.0,1.32,-1.09,-0.14,0.21
2020-10-23,000935,12.73,12.62,12.81,12.56,23504,31676614.0,1.97,-0.79,-0.1,0.31
2020-10-26,000935,12.61,12.4,12.61,12.27,23800,31404051.0,2.69,-1.74,-0.22,0.31
2020-10-27,000935,12.4,12.47,12.55,12.34,17498,23181349.0,1.69,0.56,0.07,0.23
2020-10-28,000935,12.5,12.42,12.5,12.28,20486,26997843.0,1.76,-0.4,-0.05,0.27
2020-10-29,000935,12.28,12.45,12.56,12.21,31563,41533305.0,2.82,0.24,0.03,0.41
2020-10-30,000935,12.47,12.28,12.49,12.23,29225,38361253.0,2.09,-1.37,-0.17,0.38
2020-11-02,000935,12.45,12.58,12.6,12.3,38013,50545278.0,2.44,2.44,0.3,0.5
2020-11-03,000935,12.63,12.83,12.86,12.63,36010,48792451.0,1.83,1.99,0.25,0.47
2020-11-04,000935,12.86,12.96,13.06,12.82,41213,56608305.0,1.87,1.01,0.13,0.54
2020-11-05,000935,13.04,12.96,13.09,12.86,30878,42427693.0,1.77,0.0,0.0,0.4
2020-11-06,000935,12.96,12.88,13.0,12.76,30594,41744200.0,1.85,-0.62,-0.08,0.4
2020-11-09,000935,13.03,13.09,13.11,12.97,48046,66505930.0,1.09,1.63,0.21,0.63
2020-11-10,000935,13.01,12.94,13.16,12.86,39203,54157171.0,2.29,-1.15,-0.15,0.51
2020-11-11,000935,12.89,13.25,13.61,12.86,90181,127086345.0,5.8,2.4,0.31,1.18
2020-11-12,000935,13.25,13.25,13.3,13.06,43172,60269341.0,1.81,0.0,0.0,0.57
2020-11-13,000935,13.26,13.48,13.62,13.03,72242,102379771.0,4.45,1.74,0.23,0.95
2020-11-16,000935,13.48,13.69,13.77,13.43,70544,101909818.0,2.52,1.56,0.21,0.92
2020-11-17,000935,13.67,13.51,13.72,13.41,51432,73842944.0,2.26,-1.31,-0.18,0.67
2020-11-18,000935,13.51,13.3,13.51,13.23,51210,72471088.0,2.07,-1.55,-0.21,0.67
2020-11-19,000935,13.32,13.17,13.45,13.07,44570,62330754.0,2.86,-0.98,-0.13,0.58
2020-11-20,000935,13.2,13.24,13.26,13.04,29434,41095783.0,1.67,0.53,0.07,0.39
2020-11-23,000935,13.24,13.46,13.64,13.16,71450,101665563.0,3.63,1.66,0.22,0.94
2020-11-24,000935,13.45,13.37,13.6,13.32,45703,64963455.0,2.08,-0.67,-0.09,0.6
2020-11-25,000935,13.41,13.01,13.47,12.96,45152,63118926.0,3.81,-2.69,-0.36,0.59
2020-11-26,000935,13.02,12.82,13.08,12.78,35382,48385491.0,2.31,-1.46,-0.19,0.46
2020-11-27,000935,12.82,12.99,13.0,12.81,27467,37556816.0,1.48,1.33,0.17,0.36
2020-11-30,000935,13.1,12.99,13.19,12.91,38480,53399333.0,2.16,0.0,0.0,0.5
2020-12-01,000935,12.91,13.0,13.02,12.69,59217,80688422.0,2.54,0.08,0.01,0.78
2020-12-02,000935,12.91,12.88,12.93,12.77,36527,49853821.0,1.23,-0.92,-0.12,0.48
2020-12-03,000935,12.87,12.82,12.89,12.76,23604,32106667.0,1.01,-0.47,-0.06,0.31
2020-12-04,000935,12.86,12.86,12.89,12.73,19433,26443566.0,1.25,0.31,0.04,0.25
2020-12-07,000935,12.86,12.73,12.89,12.72,23891,32365025.0,1.32,-1.01,-0.13,0.31
2020-12-08,000935,12.74,12.68,12.81,12.67,21077,28479591.0,1.1,-0.39,-0.05,0.28
2020-12-09,000935,12.71,12.53,12.75,12.51,24158,32401345.0,1.89,-1.18,-0.15,0.32
2020-12-10,000935,12.51,12.48,12.65,12.45,18506,24668133.0,1.6,-0.4,-0.05,0.24
2020-12-11,000935,12.51,12.38,12.56,12.25,26291,34556849.0,2.48,-0.8,-0.1,0.34
2020-12-14,000935,12.38,12.42,12.47,12.29,12667,16711726.0,1.45,0.32,0.04,0.17
2020-12-15,000935,12.43,12.58,12.74,12.35,28487,38070784.0,3.14,1.29,0.16,0.37
2020-12-16,000935,12.56,12.52,12.63,12.47,16206,21571461.0,1.27,-0.48,-0.06,0.21
2020-12-17,000935,12.53,12.48,12.55,12.29,22259,29432161.0,2.08,-0.32,-0.04,0.29
2020-12-18,000935,12.48,12.52,12.58,12.43,17961,23903820.0,1.2,0.32,0.04,0.24
2020-12-21,000935,12.48,12.41,12.49,12.34,20755,27408537.0,1.2,-0.88,-0.11,0.27
2020-12-22,000935,12.38,12.17,12.44,12.16,32145,42011637.0,2.26,-1.93,-0.24,0.42
2020-12-23,000935,12.19,11.99,12.22,11.96,30782,39555583.0,2.14,-1.48,-0.18,0.4
2020-12-24,000935,12.01,11.65,12.01,11.58,37865,47597111.0,3.59,-2.84,-0.34,0.5
2020-12-25,000935,11.74,11.69,11.75,11.6,19654,24520207.0,1.29,0.34,0.04,0.26
2020-12-28,000935,11.82,11.57,11.82,11.46,20849,25814876.0,3.08,-1.03,-0.12,0.27
2020-12-29,000935,11.51,12.32,12.74,11.51,85597,111494786.0,10.63,6.48,0.75,1.12
2020-12-30,000935,12.12,11.97,12.25,11.92,46760,59927068.0,2.68,-2.84,-0.35,0.61
2020-12-31,000935,12.01,12.05,12.13,11.91,26204,33577430.0,1.84,0.67,0.08,0.34
2021-01-04,000935,12.05,12.11,12.15,11.92,29119,37341179.0,1.91,0.5,0.06,0.38
2021-01-05,000935,12.12,12.04,12.17,11.98,28376,36450037.0,1.57,-0.58,-0.07,0.37
2021-01-06,000935,12.06,12.28,12.6,11.93,80373,105356009.0,5.56,1.99,0.24,1.05
2021-01-07,000935,12.14,11.65,12.21,11.59,66812,84265247.0,5.05,-5.13,-0.63,0.88
2021-01-08,000935,11.73,11.63,11.82,11.48,30774,38279233.0,2.92,-0.17,-0.02,0.4
2021-01-11,000935,11.76,11.85,12.3,11.49,51406,65144266.0,6.96,1.89,0.22,0.67
2021-01-12,000935,11.99,12.11,12.16,11.82,48405,62146459.0,2.87,2.19,0.26,0.63
2021-01-13,000935,12.04,11.78,12.11,11.77,40058,50688398.0,2.81,-2.73,-0.33,0.52
2021-01-14,000935,11.91,12.21,12.55,11.66,72983,94740256.0,7.56,3.65,0.43,0.96
2021-01-15,000935,12.05,12.38,12.56,12.05,64187,84178864.0,4.18,1.39,0.17,0.84
2021-01-18,000935,12.38,12.37,12.4,12.15,43538,56893195.0,2.02,-0.08,-0.01,0.57
2021-01-19,000935,12.33,12.11,12.35,12.1,40428,52482596.0,2.02,-2.1,-0.26,0.53
2021-01-20,000935,12.19,11.93,12.19,11.9,37819,48288786.0,2.39,-1.49,-0.18,0.5
2021-01-21,000935,11.91,11.98,12.09,11.91,23878,30538904.0,1.51,0.42,0.05,0.31
2021-01-22,000935,11.91,11.71,11.97,11.71,32403,40714482.0,2.17,-2.25,-0.27,0.42
2021-01-25,000935,11.79,12.1,12.24,11.62,64030,81586969.0,5.29,3.33,0.39,0.84
2021-01-26,000935,11.97,12.0,12.29,11.83,53978,69390259.0,3.8,-0.83,-0.1,0.71
2021-01-27,000935,12.11,12.24,12.4,12.09,61945,80892954.0,2.58,2.0,0.24,0.81
2021-01-28,000935,12.09,12.13,12.21,11.99,31523,40623015.0,1.8,-0.9,-0.11,0.41
2021-01-29,000935,12.18,12.43,12.43,12.16,71979,94419529.0,2.23,2.47,0.3,0.94
2021-02-01,000935,12.36,12.53,12.66,12.27,60963,80669441.0,3.14,0.8,0.1,0.8
2021-02-02,000935,12.54,12.01,12.57,11.71,65633,84624545.0,6.86,-4.15,-0.52,0.86
2021-02-03,000935,12.01,11.76,12.16,11.74,38882,49454058.0,3.5,-2.08,-0.25,0.51
2021-02-04,000935,11.77,11.91,12.1,11.71,38497,48949925.0,3.32,1.28,0.15,0.5
2021-02-05,000935,11.91,11.96,12.19,11.8,34959,44790017.0,3.27,0.42,0.05,0.46
2021-02-08,000935,12.01,12.25,12.38,11.91,59532,77503332.0,3.93,2.42,0.29,0.78
2021-02-09,000935,12.24,12.26,12.3,12.11,35543,46283275.0,1.55,0.08,0.01,0.47
2021-02-10,000935,12.27,12.36,12.51,12.19,41557,54533988.0,2.61,0.82,0.1,0.54
2021-02-18,000935,12.46,12.41,12.74,12.39,58741,78192032.0,2.83,0.4,0.05,0.77
2021-02-19,000935,12.39,13.16,13.3,12.32,153953,211575677.0,7.9,6.04,0.75,2.02
2021-02-22,000935,13.21,13.01,13.6,13.0,153752,216973744.0,4.56,-1.14,-0.15,2.01
2021-02-23,000935,13.02,13.22,13.35,12.92,75170,105049010.0,3.31,1.61,0.21,0.98
2021-02-24,000935,13.41,13.25,13.57,13.03,81972,115517029.0,4.08,0.23,0.03,1.07
2021-02-25,000935,13.27,13.35,13.69,13.03,96254,136565635.0,4.98,0.75,0.1,1.26
2021-02-26,000935,12.97,13.06,13.25,12.96,56101,78009987.0,2.17,-2.17,-0.29,0.73
2021-03-01,000935,13.14,13.33,13.44,13.06,59782,83899851.0,2.91,2.07,0.27,0.78
2021-03-02,000935,13.9,14.13,14.74,13.6,246784,371749536.0,8.55,6.0,0.8,3.23
2021-03-03,000935,14.16,14.34,14.67,14.16,170328,259324736.0,3.61,1.49,0.21,2.23
2021-03-04,000935,14.19,13.97,14.36,13.92,116696,174056165.0,3.07,-2.58,-0.37,1.53
2021-03-05,000935,13.93,13.4,14.01,13.38,139167,199657138.0,4.51,-4.08,-0.57,1.82
2021-03-08,000935,13.5,13.07,13.59,13.06,93560,131884456.0,3.96,-2.46,-0.33,1.23
2021-03-09,000935,13.13,12.81,13.15,12.44,86339,117484640.0,5.43,-1.99,-0.26,1.13
2021-03-10,000935,12.87,12.66,12.91,12.61,47889,64898180.0,2.34,-1.17,-0.15,0.63
2021-03-11,000935,12.78,13.32,13.41,12.77,101235,141438568.0,5.06,5.21,0.66,1.33
2021-03-12,000935,13.29,13.36,13.56,13.12,92453,130938330.0,3.3,0.3,0.04,1.21
2021-03-15,000935,13.25,13.3,13.5,13.17,78793,111104742.0,2.47,-0.45,-0.06,1.03
2021-03-16,000935,13.3,13.48,13.53,13.2,67797,96074241.0,2.48,1.35,0.18,0.89
2021-03-17,000935,13.54,13.09,13.55,13.06,72464,101508504.0,3.64,-2.89,-0.39,0.95
2021-03-18,000935,13.12,13.15,13.26,12.97,46540,64883013.0,2.22,0.46,0.06,0.61
2021-03-19,000935,13.02,12.92,13.15,12.9,44873,61929842.0,1.9,-1.75,-0.23,0.59
2021-03-22,000935,12.91,13.04,13.1,12.87,36505,50308053.0,1.78,0.93,0.12,0.48
2021-03-23,000935,13.02,13.38,13.66,13.02,113177,161078339.0,4.91,2.61,0.34,1.48
2021-03-24,000935,13.2,13.0,13.21,12.96,65788,91226827.0,1.87,-2.84,-0.38,0.86
2021-03-25,000935,13.0,13.05,13.31,12.93,38008,52805278.0,2.92,0.38,0.05,0.5
2021-03-26,000935,13.07,13.23,13.36,13.07,49192,68926213.0,2.22,1.38,0.18,0.64
2021-03-29,000935,13.31,13.34,13.68,13.31,93711,133682273.0,2.8,0.83,0.11,1.23
2021-03-30,000935,13.33,13.47,13.56,13.16,74907,106226012.0,3.0,0.97,0.13,0.98
2021-03-31,000935,13.48,13.59,13.6,13.29,60900,86857585.0,2.3,0.89,0.12,0.8
2021-04-01,000935,13.6,13.5,13.69,13.42,50373,72031102.0,1.99,-0.66,-0.09,0.66
2021-04-02,000935,13.5,13.31,13.56,13.19,54350,76680766.0,2.74,-1.41,-0.19,0.71
2021-04-06,000935,13.31,13.14,13.36,13.12,42624,59655452.0,1.8,-1.28,-0.17,0.56
2021-04-07,000935,13.11,13.26,13.27,12.87,52148,72183132.0,3.04,0.91,0.12,0.68
2021-04-08,000935,13.26,13.04,13.26,13.02,35912,50020931.0,1.81,-1.66,-0.22,0.47
2021-04-09,000935,13.06,13.09,13.2,13.01,26905,37359387.0,1.46,0.38,0.05,0.35
2021-04-12,000935,13.01,12.49,13.02,12.39,73919,99828622.0,4.81,-4.58,-0.6,0.97
2021-04-13,000935,12.52,12.28,12.6,12.27,37361,49126399.0,2.64,-1.68,-0.21,0.49
2021-04-14,000935,12.41,12.41,12.42,12.28,21310,28032097.0,1.14,1.06,0.13,0.28
2021-04-15,000935,12.55,12.51,12.66,12.47,29269,38979494.0,1.53,0.81,0.1,0.38
2021-04-16,000935,12.52,12.62,12.65,12.49,26974,36098986.0,1.28,0.88,0.11,0.35
2021-04-19,000935,12.63,12.66,12.69,12.54,33405,44847564.0,1.19,0.32,0.04,0.44
2021-04-20,000935,12.66,12.57,12.81,12.57,28160,37902644.0,1.9,-0.71,-0.09,0.37
2021-04-21,000935,12.51,12.5,12.56,12.42,25741,34170693.0,1.11,-0.56,-0.07,0.34
2021-04-22,000935,12.53,12.5,12.6,12.43,23759,31512464.0,1.36,0.0,0.0,0.31
2021-04-23,000935,12.53,12.34,12.53,12.28,26381,34720602.0,2.0,-1.28,-0.16,0.35
2021-04-26,000935,12.35,12.39,12.51,12.28,24201,31939234.0,1.86,0.41,0.05,0.32
2021-04-27,000935,12.37,12.22,12.46,12.12,27036,35196008.0,2.74,-1.37,-0.17,0.35
2021-04-28,000935,12.21,12.48,12.49,12.16,35458,46637000.0,2.7,2.13,0.26,0.46
2021-04-29,000935,12.47,12.47,12.64,12.32,32832,43493699.0,2.56,-0.08,-0.01,0.43
2021-04-30,000935,12.46,12.09,12.47,12.04,37702,48897361.0,3.45,-3.05,-0.38,0.49
2021-05-06,000935,12.12,11.96,12.16,11.93,31037,39720183.0,1.9,-1.08,-0.13,0.41
2021-05-07,000935,11.98,12.11,12.22,11.98,26550,34277740.0,2.01,1.25,0.15,0.35
2021-05-10,000935,12.16,12.36,12.46,12.16,37204,48833391.0,2.48,2.06,0.25,0.49
2021-05-11,000935,12.4,12.62,12.75,12.36,65957,88395801.0,3.16,2.1,0.26,0.86
2021-05-12,000935,12.62,12.58,12.66,12.42,34675,46074202.0,1.9,-0.32,-0.04,0.45
2021-05-13,000935,12.42,12.44,12.58,12.42,26416,35032344.0,1.27,-1.11,-0.14,0.35
2021-05-14,000935,12.43,12.57,12.58,12.36,29354,38968682.0,1.77,1.05,0.13,0.38
2021-05-17,000935,12.51,12.47,12.62,12.43,25740,34143935.0,1.51,-0.8,-0.1,0.34
2021-05-18,000935,12.47,12.29,12.47,12.21,24336,31819388.0,2.09,-1.44,-0.18,0.32
2021-05-19,000935,12.29,12.28,12.46,12.19,26804,35081194.0,2.2,-0.08,-0.01,0.35
2021-05-20,000935,12.28,12.25,12.29,12.16,20273,26385368.0,1.06,-0.24,-0.03,0.27
2021-05-21,000935,12.38,12.3,12.41,12.2,21207,27711917.0,1.71,0.41,0.05,0.28
2021-05-24,000935,12.27,12.37,12.38,12.22,21837,28633859.0,1.3,0.57,0.07,0.29
2021-05-25,000935,12.4,12.47,12.51,12.32,32217,42606004.0,1.54,0.81,0.1,0.42
2021-05-26,000935,12.56,12.44,12.57,12.4,30546,40462938.0,1.36,-0.24,-0.03,0.4
2021-05-27,000935,12.44,12.33,12.51,12.29,42803,56263549.0,1.77,-0.88,-0.11,0.56
2021-05-28,000935,12.32,12.17,12.37,12.12,48620,63259785.0,2.03,-1.3,-0.16,0.64
2021-05-31,000935,12.16,12.19,12.21,12.1,25152,32539002.0,0.9,0.16,0.02,0.33
2021-06-01,000935,12.21,12.27,12.32,12.12,27601,36016019.0,1.64,0.66,0.08,0.36
2021-06-02,000935,12.26,12.17,12.3,12.14,23251,30212437.0,1.3,-0.81,-0.1,0.3
2021-06-03,000935,12.21,12.14,12.24,12.12,21911,28388536.0,0.99,-0.25,-0.03,0.29
2021-06-04,000935,12.11,12.14,12.17,12.07,19059,24631749.0,0.82,0.0,0.0,0.25
2021-06-07,000935,12.12,11.96,12.21,11.87,59114,75522105.0,2.8,-1.48,-0.18,0.77
2021-06-08,000935,11.97,11.96,12.0,11.88,23783,30308445.0,1.0,0.0,0.0,0.31
2021-06-09,000935,12.01,12.04,12.04,11.86,27813,35453553.0,1.51,0.67,0.08,0.36
2021-06-10,000935,12.04,12.26,12.28,11.97,42821,55643628.0,2.57,1.83,0.22,0.56
2021-06-11,000935,12.27,12.37,12.39,12.05,58220,74870266.0,2.77,0.9,0.11,0.76
2021-06-15,000935,12.38,12.19,12.42,12.18,25553,32833624.0,1.94,-1.46,-0.18,0.33
2021-06-16,000935,12.2,11.98,12.24,11.96,28865,36495675.0,2.3,-1.72,-0.21,0.38
2021-06-17,000935,12.02,12.03,12.1,11.93,16878,21240956.0,1.42,0.42,0.05,0.22
2021-06-18,000935,12.07,12.19,12.22,12.04,25076,31891136.0,1.5,1.33,0.16,0.33
2021-06-21,000935,12.19,12.08,12.19,12.02,22414,28360231.0,1.39,-0.9,-0.11,0.29
2021-06-22,000935,12.05,12.1,12.18,12.05,17705,22477057.0,1.08,0.17,0.02,0.23
2021-06-23,000935,12.11,11.99,12.18,11.98,24346,30681892.0,1.65,-0.91,-0.11,0.32
2021-06-24,000935,12.02,12.15,12.16,11.96,23834,30151361.0,1.67,1.33,0.16,0.31
2021-06-25,000935,12.16,12.67,12.98,12.14,129314,171636439.0,6.91,4.28,0.52,1.69
2021-06-28,000935,12.67,12.49,12.69,12.47,46072,60535674.0,1.74,-1.42,-0.18,0.6
2021-06-29,000935,12.71,12.59,12.9,12.56,51573,68526694.0,2.72,0.8,0.1,0.68
2021-06-30,000935,12.52,13.06,13.3,12.52,104225,141695510.0,6.2,3.73,0.47,1.37
2021-07-01,000935,13.12,13.89,14.42,13.06,245458,353201792.0,10.41,6.36,0.83,3.22
2021-07-02,000935,13.79,14.27,14.72,13.64,236008,352894880.0,7.78,2.74,0.38,3.09
2021-07-05,000935,14.28,15.76,15.76,14.13,324161,519224224.0,11.42,10.44,1.49,4.25
2021-07-06,000935,16.44,17.39,17.39,16.02,114342,202531762.0,8.69,10.34,1.63,1.5
2021-07-07,000935,17.42,17.09,17.8,16.3,386451,680697584.0,8.63,-1.73,-0.3,5.06
2021-07-08,000935,16.82,18.16,18.82,16.16,416468,735437936.0,15.56,6.26,1.07,5.46
2021-07-09,000935,17.58,17.12,17.88,16.98,224538,403754464.0,4.96,-5.73,-1.04,2.94
2021-07-12,000935,17.12,16.3,17.33,16.24,219840,376349360.0,6.37,-4.79,-0.82,2.88
2021-07-13,000935,16.55,16.76,17.11,16.37,179728,309679952.0,4.54,2.82,0.46,2.35
2021-07-14,000935,16.51,18.49,18.49,16.44,271583,509327904.0,12.23,10.32,1.73,3.56
2021-07-15,000935,18.48,16.7,18.7,16.58,403637,724755792.0,11.47,-9.68,-1.79,5.29
2021-07-16,000935,16.44,16.83,17.27,15.92,245370,426347440.0,8.08,0.78,0.13,3.21
2021-07-19,000935,16.54,18.57,18.57,16.47,359362,671846912.0,12.48,10.34,1.74,4.71
2021-07-20,000935,18.63,19.02,20.23,18.19,368629,717330544.0,10.99,2.42,0.45,4.83
2021-07-21,000935,19.16,18.88,19.33,18.55,218962,426306496.0,4.1,-0.74,-0.14,2.87
2021-07-22,000935,18.87,19.52,20.53,18.7,259236,525184880.0,9.69,3.39,0.64,3.4
2021-07-23,000935,19.48,18.66,19.93,18.42,204667,401306480.0,7.74,-4.41,-0.86,2.68
2021-07-26,000935,18.66,17.9,19.16,17.5,154458,290760112.0,8.9,-4.07,-0.76,2.02
2021-07-27,000935,18.01,16.52,18.33,16.39,205840,366774656.0,10.84,-7.71,-1.38,2.7
2021-07-28,000935,16.26,16.03,16.52,15.59,145059,240963819.0,5.63,-2.97,-0.49,1.9
2021-07-29,000935,17.1,17.69,17.69,17.01,92961,167885210.0,4.24,10.36,1.66,1.22
2021-07-30,000935,18.42,17.73,18.43,17.64,198586,367343536.0,4.47,0.23,0.04,2.6
2021-08-02,000935,18.17,18.82,19.28,17.68,171057,323532144.0,9.02,6.15,1.09,2.24
2021-08-03,000935,18.48,19.47,20.36,18.42,232552,463926592.0,10.31,3.45,0.65,3.05
2021-08-04,000935,19.44,19.14,19.55,18.82,154550,304049536.0,3.75,-1.69,-0.33,2.02
2021-08-05,000935,18.93,18.29,19.14,18.1,147965,281491936.0,5.43,-4.44,-0.85,1.94
2021-08-06,000935,18.37,18.31,18.62,17.95,123001,231918050.0,3.66,0.11,0.02,1.61
2021-08-09,000935,18.27,18.45,18.98,18.22,122111,235072335.0,4.15,0.76,0.14,1.6
2021-08-10,000935,18.35,18.01,18.46,17.35,179240,329950848.0,6.02,-2.38,-0.44,2.35
2021-08-11,000935,18.12,17.54,18.28,17.48,131000,240460437.0,4.44,-2.61,-0.47,1.72
2021-08-12,000935,17.62,17.22,17.62,16.92,135531,240656082.0,3.99,-1.82,-0.32,1.78
2021-08-13,000935,17.38,17.12,17.8,16.94,135792,243203383.0,4.99,-0.58,-0.1,1.78
2021-08-16,000935,17.25,16.98,17.54,16.87,87827,155546042.0,3.91,-0.82,-0.14,1.15
2021-08-17,000935,17.2,16.72,17.77,16.7,154355,274312384.0,6.3,-1.53,-0.26,2.02
2021-08-18,000935,16.77,18.45,18.45,16.62,244447,449441392.0,10.94,10.35,1.73,3.2
2021-08-19,000935,19.02,20.1,20.35,18.93,474428,975136016.0,7.7,8.94,1.65,6.21
2021-08-20,000935,20.16,22.17,22.17,20.16,255187,567200608.0,10.0,10.3,2.07,3.34
2021-08-23,000935,24.25,24.45,24.45,23.44,124337,307037136.0,4.56,10.28,2.28,1.63
2021-08-24,000935,24.92,23.73,25.52,22.53,559672,1360542720.0,12.23,-2.94,-0.72,7.33
2021-08-25,000935,23.97,23.12,24.12,22.54,388045,914301008.0,6.66,-2.57,-0.61,5.08
2021-08-26,000935,22.54,22.85,24.12,21.92,369624,863364720.0,9.52,-1.17,-0.27,4.84
2021-08-27,000935,22.42,22.69,23.12,22.06,274388,635733376.0,4.64,-0.7,-0.16,3.59
2021-08-30,000935,22.44,20.36,22.86,20.36,426332,932980192.0,11.02,-10.27,-2.33,5.58
2021-08-31,000935,20.13,22.45,22.45,20.13,329042,718547136.0,11.39,10.27,2.09,4.31
2021-09-01,000935,23.05,24.75,24.75,22.44,434782,1046550512.0,10.29,10.24,2.3,5.7
2021-09-02,000935,26.11,26.62,27.28,24.97,678804,1826103072.0,9.33,7.56,1.87,8.89
2021-09-03,000935,29.22,23.9,29.22,23.9,725580,1910286976.0,19.98,-10.22,-2.72,9.5
2021-09-06,000935,23.19,22.33,24.28,22.06,445487,1041676192.0,9.29,-6.57,-1.57,5.84
2021-09-07,000935,22.72,22.61,23.2,21.92,321932,747042608.0,5.73,1.25,0.28,4.22
2021-09-08,000935,22.42,22.1,22.86,21.72,269022,614736336.0,5.04,-2.26,-0.51,3.52
2021-09-09,000935,21.74,23.24,23.51,21.74,398961,932058208.0,8.01,5.16,1.14,5.23
2021-09-10,000935,23.29,22.39,24.42,22.27,379822,907986016.0,9.25,-3.66,-0.85,4.98
2021-09-13,000935,21.94,21.51,22.75,20.97,295189,657877792.0,7.95,-3.93,-0.88,3.87
2021-09-14,000935,21.51,21.05,21.92,20.98,213545,467583888.0,4.37,-2.14,-0.46,2.8
2021-09-15,000935,21.05,21.07,21.21,20.51,173334,371043600.0,3.33,0.1,0.02,2.27
2021-09-16,000935,21.32,21.37,22.36,21.02,250972,557888224.0,6.36,1.42,0.3,3.29
2021-09-17,000935,20.77,20.27,21.6,19.44,214040,450875424.0,10.11,-5.15,-1.1,2.8
2021-09-22,000935,19.98,20.41,20.7,19.62,141606,294317120.0,5.33,0.69,0.14,1.85
2021-09-23,000935,20.51,20.72,21.15,20.0,145819,307659440.0,5.63,1.52,0.31,1.91
2021-09-24,000935,20.71,19.75,20.71,19.72,120928,250132089.0,4.78,-4.68,-0.97,1.58
2021-09-27,000935,19.76,18.5,19.92,18.3,200185,388530720.0,8.2,-6.33,-1.25,2.62
2021-09-28,000935,18.5,19.02,19.54,18.5,132435,259631954.0,5.62,2.81,0.52,1.73
2021-09-29,000935,19.11,17.8,19.22,17.76,129136,243996283.0,7.68,-6.41,-1.22,1.69
2021-09-30,000935,18.28,18.05,18.28,17.87,77906,145274924.0,2.3,1.4,0.25,1.02
2021-10-08,000935,18.23,18.33,18.62,17.9,83265,156516754.0,3.99,1.55,0.28,1.09
2021-10-11,000935,18.27,18.38,18.62,18.12,80778,153039213.0,2.73,0.27,0.05,1.06
2021-10-12,000935,18.22,17.54,18.38,17.32,95672,174615022.0,5.77,-4.57,-0.84,1.25
2021-10-13,000935,17.72,17.32,17.77,16.77,92075,163269560.0,5.7,-1.25,-0.22,1.21
2021-10-14,000935,17.67,17.83,18.11,17.5,110907,204804050.0,3.52,2.94,0.51,1.45
2021-10-15,000935,18.19,19.67,19.67,17.92,263821,522755488.0,9.81,10.32,1.84,3.46
2021-10-18,000935,19.62,19.84,20.12,19.24,234601,476291552.0,4.47,0.86,0.17,3.07
2021-10-19,000935,19.84,21.11,21.11,19.64,223848,471256288.0,7.41,6.4,1.27,2.93
2021-10-20,000935,20.74,20.18,20.79,20.01,161893,338837712.0,3.69,-4.41,-0.93,2.12
2021-10-21,000935,20.18,20.36,20.77,20.05,122791,258355240.0,3.57,0.89,0.18,1.61
2021-10-22,000935,20.17,20.28,20.86,19.99,98653,207548923.0,4.27,-0.39,-0.08,1.29
2021-10-25,000935,19.94,20.64,21.01,19.35,131414,273516944.0,8.19,1.78,0.36,1.72
2021-10-26,000935,20.52,20.44,20.87,20.31,91591,192931787.0,2.71,-0.97,-0.2,1.2
2021-10-27,000935,20.46,19.88,20.5,19.67,87327,179139962.0,4.06,-2.74,-0.56,1.14
2021-10-28,000935,19.49,19.38,20.14,19.3,73024,147923442.0,4.23,-2.52,-0.5,0.96
2021-10-29,000935,19.38,19.45,19.82,19.32,56226,113010767.0,2.58,0.36,0.07,0.74
2021-11-01,000935,19.42,21.06,21.42,19.32,214435,459627392.0,10.8,8.28,1.61,2.81
2021-11-02,000935,20.92,20.02,21.02,19.82,144876,303171216.0,5.7,-4.94,-1.04,1.9
2021-11-03,000935,20.08,19.76,20.53,19.54,71853,147158931.0,4.95,-1.3,-0.26,0.94
2021-11-04,000935,19.64,20.22,20.39,19.64,71570,148284872.0,3.8,2.33,0.46,0.94
2021-11-05,000935,20.23,20.45,21.03,19.78,129540,272562672.0,6.18,1.14,0.23,1.7
2021-11-08,000935,20.3,20.79,21.0,20.08,97915,208452310.0,4.5,1.66,0.34,1.28
2021-11-09,000935,21.01,20.78,21.38,20.53,81831,175737744.0,4.09,-0.05,-0.01,1.07
2021-11-10,000935,20.67,21.38,21.64,20.24,141590,305983120.0,6.74,2.89,0.6,1.85
2021-11-11,000935,21.31,22.23,22.91,21.22,218895,498513648.0,7.9,3.98,0.85,2.87
2021-11-12,000935,21.92,22.03,22.25,21.52,133792,300218544.0,3.28,-0.9,-0.2,1.75
2021-11-15,000935,21.91,21.04,21.92,21.0,106360,232853347.0,4.18,-4.49,-0.99,1.39
2021-11-16,000935,20.97,21.06,21.5,20.79,68311,148155059.0,3.37,0.1,0.02,0.89
2021-11-17,000935,20.93,20.63,20.96,19.87,118974,249064474.0,5.18,-2.04,-0.43,1.56
2021-11-18,000935,20.43,20.23,20.64,20.22,68197,143024483.0,2.04,-1.94,-0.4,0.89
2021-11-19,000935,20.42,20.46,20.59,20.18,61600,129334485.0,2.03,1.14,0.23,0.81
2021-11-22,000935,20.48,20.64,20.8,20.04,80740,169723762.0,3.71,0.88,0.18,1.06
2021-11-23,000935,20.49,20.41,20.6,20.34,47196,99093865.0,1.26,-1.11,-0.23,0.62
2021-11-24,000935,20.32,20.0,20.38,20.0,66205,136903912.0,1.86,-2.01,-0.41,0.87
2021-11-25,000935,19.96,20.15,20.48,19.93,51675,107749767.0,2.75,0.75,0.15,0.68
2021-11-26,000935,20.42,19.43,20.42,19.42,75293,154145637.0,4.96,-3.57,-0.72,0.99
2021-11-29,000935,18.87,21.43,21.43,18.73,188255,402645488.0,13.9,10.29,2.0,2.47
2021-11-30,000935,21.83,22.7,22.92,21.62,268363,619184720.0,6.07,5.93,1.27,3.52
2021-12-01,000935,22.76,22.08,22.87,21.96,135806,310228144.0,4.01,-2.73,-0.62,1.78
2021-12-02,000935,22.03,22.72,24.15,21.98,237181,558816048.0,9.83,2.9,0.64,3.11
2021-12-03,000935,22.94,22.96,23.02,22.11,168056,388715584.0,4.01,1.06,0.24,2.2
2021-12-06,000935,23.3,22.98,23.91,22.8,171679,411499056.0,4.83,0.09,0.02,2.25
2021-12-07,000935,23.27,22.38,23.29,22.08,117693,270546672.0,5.27,-2.61,-0.6,1.54
2021-12-08,000935,22.49,22.97,23.71,22.23,119101,280296000.0,6.61,2.64,0.59,1.56
2021-12-09,000935,22.92,23.84,24.42,22.53,179295,435881024.0,8.23,3.79,0.87,2.35
2021-12-10,000935,23.62,23.17,23.8,22.78,114797,272937168.0,4.28,-2.81,-0.67,1.5
2021-12-13,000935,23.75,23.27,24.22,23.01,102069,246055310.0,5.22,0.43,0.1,1.34
2021-12-14,000935,22.98,23.21,23.66,22.36,108387,256160671.0,5.59,-0.26,-0.06,1.42
2021-12-15,000935,23.58,24.0,24.7,23.46,158294,390720208.0,5.34,3.4,0.79,2.07
2021-12-16,000935,24.22,24.0,24.27,23.62,80051,196246737.0,2.71,0.0,0.0,1.05
2021-12-17,000935,24.8,24.5,25.08,24.0,140005,351836016.0,4.5,2.08,0.5,1.83
2021-12-20,000935,24.26,23.67,24.4,23.54,86026,210963556.0,3.51,-3.39,-0.83,1.13
2021-12-21,000935,23.67,23.54,24.08,23.52,53969,131229293.0,2.37,-0.55,-0.13,0.71
2021-12-22,000935,23.57,23.92,24.15,22.98,63888,154977398.0,4.97,1.61,0.38,0.84
2021-12-23,000935,23.93,23.51,23.95,23.24,65484,158243275.0,2.97,-1.71,-0.41,0.86
2021-12-24,000935,23.42,22.32,23.62,22.32,87447,203193403.0,5.53,-5.06,-1.19,1.15
2021-12-27,000935,22.39,22.24,22.81,21.92,54819,125536836.0,3.99,-0.36,-0.08,0.72
2021-12-28,000935,22.46,23.37,24.24,22.3,126430,304654096.0,8.72,5.08,1.13,1.66
2021-12-29,000935,23.52,23.62,24.04,22.98,91531,220874107.0,4.54,1.07,0.25,1.2
2021-12-30,000935,23.42,24.01,24.2,23.42,89384,219466458.0,3.3,1.65,0.39,1.17
2021-12-31,000935,23.92,23.72,24.17,23.55,58863,143580498.0,2.58,-1.21,-0.29,0.77
2022-01-04,000935,23.72,23.45,23.81,23.21,65356,157158158.0,2.53,-1.14,-0.27,0.86
2022-01-05,000935,23.42,23.71,24.31,23.24,115252,281831952.0,4.56,1.11,0.26,1.51
2022-01-06,000935,23.52,24.64,24.9,23.43,139093,346641056.0,6.2,3.92,0.93,1.82
2022-01-07,000935,24.59,25.24,26.01,24.58,135530,352978752.0,5.8,2.44,0.6,1.78
2022-01-10,000935,25.12,25.0,25.58,24.62,76204,195848890.0,3.8,-0.95,-0.24,1.0
2022-01-11,000935,25.37,24.87,25.61,24.74,55177,141768946.0,3.48,-0.52,-0.13,0.72
2022-01-12,000935,25.12,24.76,25.12,24.16,60121,151103134.0,3.86,-0.44,-0.11,0.79
2022-01-13,000935,24.77,24.08,24.77,23.92,41773,103605801.0,3.43,-2.75,-0.68,0.55
2022-01-14,000935,23.84,23.92,24.25,23.39,36218,88087766.0,3.57,-0.66,-0.16,0.47
2022-01-17,000935,23.82,23.72,24.09,23.47,43050,104640354.0,2.59,-0.84,-0.2,0.56
2022-01-18,000935,23.56,23.51,24.2,23.09,59200,142945810.0,4.68,-0.89,-0.21,0.78
2022-01-19,000935,23.46,23.78,24.31,23.44,50441,123361824.0,3.7,1.15,0.27,0.66
2022-01-20,000935,23.71,23.52,23.97,23.27,46178,112082014.0,2.94,-1.09,-0.26,0.6
2022-01-21,000935,23.47,22.68,23.53,22.61,42594,100410442.0,3.91,-3.57,-0.84,0.56
2022-01-24,000935,22.66,22.87,23.37,22.6,36921,86843085.0,3.4,0.84,0.19,0.48
2022-01-25,000935,22.93,21.96,23.32,21.91,39053,89845433.0,6.17,-3.98,-0.91,0.51
2022-01-26,000935,22.09,22.28,22.42,21.82,31968,72648190.0,2.73,1.46,0.32,0.42
2022-01-27,000935,22.22,22.0,23.05,21.8,41997,96471070.0,5.61,-1.26,-0.28,0.55
2022-01-28,000935,22.22,21.38,22.22,21.12,53307,117622388.0,5.0,-2.82,-0.62,0.7
2022-02-07,000935,21.82,22.87,23.08,21.81,69117,161270440.0,5.94,6.97,1.49,0.91
2022-02-08,000935,23.11,22.87,23.11,22.12,57456,132997383.0,4.33,0.0,0.0,0.75
2022-02-09,000935,22.99,23.09,23.19,22.43,47417,111251685.0,3.32,0.96,0.22,0.62
2022-02-10,000935,23.08,23.2,23.67,22.83,46790,112053126.0,3.64,0.48,0.11,0.61
2022-02-11,000935,23.19,22.79,23.41,22.77,28159,66619177.0,2.76,-1.77,-0.41,0.37
2022-02-14,000935,22.98,22.18,23.02,21.94,37933,87114936.0,4.74,-2.68,-0.61,0.5
2022-02-15,000935,22.3,22.43,22.6,22.17,25852,59251537.0,1.94,1.13,0.25,0.34
2022-02-16,000935,22.46,22.71,23.3,22.46,36028,84560345.0,3.74,1.25,0.28,0.47
2022-02-17,000935,22.7,23.0,23.17,22.3,40837,95159241.0,3.83,1.28,0.29,0.53
2022-02-18,000935,22.92,23.43,23.61,22.7,42629,101737414.0,3.96,1.87,0.43,0.56
2022-02-21,000935,23.51,23.64,23.66,23.05,44364,106378479.0,2.6,0.9,0.21,0.58
2022-02-22,000935,23.62,22.94,23.62,22.81,43300,102696460.0,3.43,-2.96,-0.7,0.57
2022-02-23,000935,22.92,22.62,23.09,22.57,53172,124344340.0,2.27,-1.39,-0.32,0.7
2022-02-24,000935,22.62,21.43,22.62,20.92,83976,186176819.0,7.52,-5.26,-1.19,1.1
2022-02-25,000935,21.5,21.39,21.77,21.13,51558,113321691.0,2.99,-0.19,-0.04,0.68
2022-02-28,000935,21.34,21.57,21.68,21.03,36215,79684509.0,3.04,0.84,0.18,0.47
2022-03-01,000935,21.57,21.43,21.74,21.34,27741,61236931.0,1.85,-0.65,-0.14,0.36
2022-03-02,000935,21.42,21.53,21.7,21.37,20833,46067098.0,1.54,0.47,0.1,0.27
2022-03-03,000935,21.53,21.35,21.8,21.34,27777,61530897.0,2.14,-0.84,-0.18,0.36
2022-03-04,000935,21.1,21.15,21.37,20.8,23883,51721584.0,2.67,-0.94,-0.2,0.31
2022-03-07,000935,21.07,19.52,21.07,18.98,103516,210381552.0,9.88,-7.71,-1.63,1.36
2022-03-08,000935,19.5,19.05,19.61,18.79,49491,98147436.0,4.2,-2.41,-0.47,0.65
2022-03-09,000935,19.42,20.0,20.24,18.57,93596,189187805.0,8.77,4.99,0.95,1.23
2022-03-10,000935,20.43,20.86,20.96,20.32,100969,215132877.0,3.2,4.3,0.86,1.32
2022-03-11,000935,20.73,21.22,21.48,20.17,103631,222383589.0,6.28,1.73,0.36,1.36
2022-03-14,000935,21.11,20.55,21.27,20.53,50593,108439971.0,3.49,-3.16,-0.67,0.66
2022-03-15,000935,20.27,19.02,20.38,19.0,78141,157916706.0,6.72,-7.45,-1.53,1.02
2022-03-16,000935,19.3,20.98,20.98,18.56,115351,236014495.0,12.72,10.3,1.96,1.51
2022-03-17,000935,20.99,20.72,22.06,20.65,110842,242164830.0,6.72,-1.24,-0.26,1.45
2022-03-18,000935,20.96,20.44,20.96,20.23,48435,102189620.0,3.52,-1.35,-0.28,0.63
2022-03-21,000935,20.32,20.22,20.51,19.93,41772,86757636.0,2.84,-1.08,-0.22,0.55
2022-03-22,000935,20.07,20.32,20.41,19.77,35970,74641489.0,3.17,0.49,0.1,0.47
2022-03-23,000935,20.22,19.97,20.48,19.94,32278,66702640.0,2.66,-1.72,-0.35,0.42
2022-03-24,000935,19.91,19.42,19.92,19.31,36876,73922889.0,3.05,-2.75,-0.55,0.48
2022-03-25,000935,19.51,19.37,19.86,19.29,42466,85507521.0,2.94,-0.26,-0.05,0.56
2022-03-28,000935,19.37,19.46,19.68,18.92,29854,59428813.0,3.92,0.46,0.09,0.39
2022-03-29,000935,19.45,18.83,19.51,18.69,45538,89297717.0,4.21,-3.24,-0.63,0.6
2022-03-30,000935,19.07,19.46,19.8,18.87,55777,111570639.0,4.94,3.35,0.63,0.73
2022-03-31,000935,19.32,19.67,19.67,19.27,45097,90678368.0,2.06,1.08,0.21,0.59
2022-04-01,000935,19.34,19.64,19.72,19.34,34024,68315079.0,1.93,-0.15,-0.03,0.45
2022-04-06,000935,19.47,20.08,20.17,19.47,43694,89550858.0,3.56,2.24,0.44,0.57
2022-04-07,000935,20.3,21.24,22.15,20.22,213906,477497632.0,9.61,5.78,1.16,2.8
2022-04-08,000935,21.17,21.43,21.9,20.44,148376,322172368.0,6.87,0.89,0.19,1.94
2022-04-11,000935,21.32,19.34,21.37,19.31,133997,277975168.0,9.61,-9.75,-2.09,1.76
2022-04-12,000935,19.23,19.63,19.67,18.66,75344,148882302.0,5.22,1.5,0.29,0.99
2022-04-13,000935,19.33,18.72,19.41,18.7,59401,115944789.0,3.62,-4.64,-0.91,0.78
2022-04-14,000935,18.77,18.87,19.19,18.32,42786,82870360.0,4.65,0.8,0.15,0.56
2022-04-15,000935,18.77,18.27,18.82,18.08,48331,91905546.0,3.92,-3.18,-0.6,0.63
2022-04-18,000935,18.22,17.78,18.22,17.72,36072,66518635.0,2.74,-2.68,-0.49,0.47
2022-04-19,000935,17.78,17.87,18.02,17.68,23138,42654314.0,1.91,0.51,0.09,0.3
2022-04-20,000935,17.87,17.32,17.88,17.1,32358,58435418.0,4.36,-3.08,-0.55,0.42
2022-04-21,000935,17.32,16.21,17.32,16.07,55325,94866696.0,7.22,-6.41,-1.11,0.72
2022-04-22,000935,16.14,16.42,16.62,15.72,32893,55251426.0,5.55,1.3,0.21,0.43
2022-04-25,000935,16.19,15.49,16.19,15.41,47609,77711299.0,4.75,-5.66,-0.93,0.62
2022-04-26,000935,15.66,15.15,15.97,15.02,43994,71120702.0,6.13,-2.19,-0.34,0.58
2022-04-27,000935,15.22,15.82,15.92,15.22,48074,78210243.0,4.62,4.42,0.67,0.63
2022-04-28,000935,15.63,16.15,16.62,15.55,51206,85147548.0,6.76,2.09,0.33,0.67
2022-04-29,000935,16.27,16.94,17.29,16.02,55037,94634348.0,7.86,4.89,0.79,0.72
2022-05-05,000935,17.13,17.52,17.87,17.12,68338,124468141.0,4.43,3.42,0.58,0.9
2022-05-06,000935,17.32,17.72,18.04,17.07,62755,114717676.0,5.54,1.14,0.2,0.82
2022-05-09,000935,17.88,17.86,18.36,17.63,43427,80748567.0,4.12,0.79,0.14,0.57
2022-05-10,000935,17.64,18.18,18.25,17.47,71662,132962646.0,4.37,1.79,0.32,0.94
2022-05-11,000935,18.17,18.81,19.6,18.07,94200,185045740.0,8.42,3.47,0.63,1.23
2022-05-12,000935,18.82,19.46,19.61,18.53,79533,156157177.0,5.74,3.46,0.65,1.04
2022-05-13,000935,19.45,18.91,19.45,18.72,56257,109923525.0,3.75,-2.83,-0.55,0.74
2022-05-16,000935,18.96,19.72,19.79,18.96,64468,128945599.0,4.39,4.28,0.81,0.84
2022-05-17,000935,19.59,20.2,20.52,19.09,89686,183258974.0,7.25,2.43,0.48,1.17
2022-05-18,000935,20.24,19.83,20.32,19.8,37312,76544525.0,2.57,-1.83,-0.37,0.49
2022-05-19,000935,19.43,19.84,20.02,19.42,45272,92381848.0,3.03,0.05,0.01,0.59
2022-05-20,000935,19.83,20.34,20.51,19.83,51262,106284037.0,3.43,2.52,0.5,0.67
2022-05-23,000935,20.77,20.31,20.79,19.83,59659,123615806.0,4.72,-0.15,-0.03,0.78
2022-05-24,000935,20.54,19.57,20.64,19.57,42691,87835281.0,5.27,-3.64,-0.74,0.56
2022-05-25,000935,19.51,19.86,20.12,19.44,35850,73541095.0,3.47,1.48,0.29,0.47
2022-05-26,000935,20.01,19.93,20.21,19.72,31598,65139142.0,2.47,0.35,0.07,0.41
2022-05-27,000935,19.96,19.81,20.37,19.58,33288,68459532.0,3.96,-0.6,-0.12,0.44
2022-05-30,000935,19.82,20.32,21.07,19.66,66213,138592309.0,7.12,2.57,0.51,0.87
2022-05-31,000935,20.32,20.72,20.97,20.09,53460,113472921.0,4.33,1.97,0.4,0.7
2022-06-01,000935,20.64,20.42,20.76,20.22,49417,104038788.0,2.61,-1.45,-0.3,0.65
2022-06-02,000935,20.68,20.72,20.88,20.33,38731,82099353.0,2.69,1.47,0.3,0.51
2022-06-06,000935,20.71,20.74,21.12,20.44,68150,145148267.0,3.28,0.1,0.02,0.89
2022-06-07,000935,20.71,21.05,21.59,20.62,40132,87166692.0,4.68,1.49,0.31,0.53
2022-06-08,000935,20.95,21.14,21.84,20.95,56578,124006057.0,4.23,0.43,0.09,0.74
2022-06-09,000935,21.15,20.75,21.26,20.65,53845,115833523.0,2.89,-1.84,-0.39,0.71
2022-06-10,000935,20.71,20.65,20.95,20.55,42760,90087886.0,1.93,-0.48,-0.1,0.56
2022-06-13,000935,20.34,20.73,21.05,20.25,53683,112833503.0,3.87,0.39,0.08,0.7
2022-06-14,000935,20.54,21.2,21.27,20.17,59546,125231320.0,5.31,2.27,0.47,0.78
2022-06-15,000935,21.23,23.04,23.33,21.2,159331,364817216.0,10.05,8.68,1.84,2.09
2022-06-16,000935,23.01,22.46,23.5,22.0,124411,283768912.0,6.51,-2.52,-0.58,1.63
2022-06-17,000935,22.43,22.02,22.45,21.92,80740,181096108.0,2.36,-1.96,-0.44,1.06
2022-06-20,000935,22.02,22.26,22.46,21.87,78464,176689230.0,2.68,1.09,0.24,1.03
2022-06-21,000935,22.23,23.05,23.21,21.87,116806,268630640.0,6.02,3.55,0.79,1.53
2022-06-22,000935,23.02,23.12,24.09,22.45,84429,198666598.0,7.11,0.3,0.07,1.11
2022-06-23,000935,23.13,24.07,24.64,22.84,104378,252050188.0,7.79,4.11,0.95,1.37
2022-06-24,000935,24.27,25.84,26.51,23.86,184488,479207840.0,11.01,7.35,1.77,2.42
2022-06-27,000935,25.54,23.56,25.55,23.22,207204,502311888.0,9.02,-8.82,-2.28,2.71
2022-06-28,000935,23.16,23.51,23.79,23.15,101314,241543209.0,2.72,-0.21,-0.05,1.33
2022-06-29,000935,23.36,22.79,24.32,22.66,96064,227723007.0,7.06,-3.06,-0.72,1.26
2022-06-30,000935,23.0,23.88,23.94,22.77,75531,178203420.0,5.13,4.78,1.09,0.99
2022-07-01,000935,23.65,22.95,23.76,22.67,61229,144142517.0,4.56,-3.89,-0.93,0.8
2022-07-04,000935,23.01,22.99,23.21,22.75,39043,90943232.0,2.0,0.17,0.04,0.51
2022-07-05,000935,22.98,22.21,23.05,21.78,90137,203262693.0,5.52,-3.39,-0.78,1.18
2022-07-06,000935,22.21,22.13,22.4,21.65,44969,100696776.0,3.38,-0.36,-0.08,0.59
2022-07-07,000935,22.09,22.25,22.65,21.82,35497,80713129.0,3.75,0.54,0.12,0.46
2022-07-08,000935,22.71,22.38,22.93,22.27,43387,99406016.0,2.97,0.58,0.13,0.57
2022-07-11,000935,22.56,21.63,22.56,21.46,61245,135409361.0,4.92,-3.35,-0.75,0.8
2022-07-12,000935,21.67,21.74,22.06,21.16,48833,107809424.1,4.16,0.51,0.11,0.64
2022-07-13,000935,21.72,21.85,22.31,21.72,38782,86575519.18,2.71,0.51,0.11,0.51
2022-07-14,000935,21.78,22.19,22.39,21.56,45076,100964750.03,3.8,1.56,0.34,0.59
2022-07-15,000935,21.99,21.68,22.62,21.63,47554,106285681.44,4.46,-2.3,-0.51,0.62
2022-07-18,000935,21.65,22.0,22.3,21.61,40834,91140135.42,3.18,1.48,0.32,0.53
2022-07-19,000935,21.99,21.75,22.21,21.6,33225,73805480.21,2.77,-1.14,-0.25,0.44
2022-07-20,000935,21.78,21.99,22.06,21.75,23881,53197855.89,1.43,1.1,0.24,0.31
2022-07-21,000935,21.87,21.65,22.1,21.58,35443,78389256.27,2.36,-1.55,-0.34,0.46
2022-07-22,000935,21.63,21.36,22.04,21.02,50516,110134448.68,4.71,-1.34,-0.29,0.66
2022-07-25,000935,21.79,21.44,21.83,21.4,41817,91723890.67,2.01,0.37,0.08,0.55
2022-07-26,000935,21.24,21.46,21.59,21.15,23136,50289411.67,2.05,0.09,0.02,0.3
2022-07-27,000935,21.47,21.48,21.62,21.27,27475,59895857.71,1.63,0.09,0.02,0.36
2022-07-28,000935,21.58,21.42,21.75,21.41,28026,61267798.56,1.58,-0.28,-0.06,0.37
2022-07-29,000935,21.44,20.79,21.58,20.68,52803,112559048.6,4.2,-2.94,-0.63,0.69
2022-08-01,000935,21.18,20.93,21.26,20.65,40893,86773813.43,2.93,0.67,0.14,0.54
2022-08-02,000935,20.79,20.16,20.79,19.86,47245,97314921.31,4.44,-3.68,-0.77,0.62
2022-08-03,000935,19.63,20.16,20.94,19.63,41075,85566726.53,6.5,0.0,0.0,0.54
2022-08-04,000935,20.29,20.16,20.55,19.9,22501,46167792.0,3.22,0.0,0.0,0.29
2022-08-05,000935,20.12,20.55,20.63,19.97,25947,53555488.14,3.27,1.93,0.39,0.34
2022-08-08,000935,20.66,21.13,21.86,20.66,76509,165626273.12,5.84,2.82,0.58,1.0
2022-08-09,000935,21.15,20.88,21.21,20.87,28036,59706612.52,1.61,-1.18,-0.25,0.37
2022-08-10,000935,20.92,21.06,21.23,20.79,27521,58973388.64,2.11,0.86,0.18,0.36
2022-08-11,000935,21.13,22.57,22.92,21.08,111599,251596453.17,8.74,7.17,1.51,1.46
2022-08-12,000935,22.36,22.4,22.88,22.21,60619,138094281.19,2.97,-0.75,-0.17,0.79
2022-08-15,000935,22.37,22.38,22.72,22.08,45601,103557366.82,2.86,-0.09,-0.02,0.6
2022-08-16,000935,22.51,22.26,22.53,22.23,33127,75181207.67,1.34,-0.54,-0.12,0.43
2022-08-17,000935,22.27,22.09,22.41,21.89,33774,75734094.09,2.34,-0.76,-0.17,0.44
2022-08-18,000935,22.05,21.88,22.21,21.8,28276,62906256.1,1.86,-0.95,-0.21,0.37
2022-08-19,000935,21.9,22.27,22.54,21.9,48446,109393394.49,2.93,1.78,0.39,0.63
2022-08-22,000935,22.15,21.87,22.51,21.76,44648,99875659.63,3.37,-1.8,-0.4,0.58
2022-08-23,000935,21.86,22.14,22.2,21.68,32570,72728127.27,2.38,1.23,0.27,0.43
2022-08-24,000935,22.19,21.25,22.76,21.13,66627,148323507.76,7.36,-4.02,-0.89,0.87
2022-08-25,000935,21.36,21.16,21.62,20.79,45302,97171634.29,3.91,-0.42,-0.09,0.59
2022-08-26,000935,21.36,21.7,22.15,21.22,44654,98505390.87,4.4,2.55,0.54,0.58
2022-08-29,000935,21.46,21.27,21.54,20.74,49146,105696465.51,3.69,-1.98,-0.43,0.64
2022-08-30,000935,21.51,21.15,21.66,21.01,30867,66653586.0,3.06,-0.56,-0.12,0.4
2022-08-31,000935,21.15,20.81,21.29,20.63,35604,75587321.95,3.12,-1.61,-0.34,0.47
2022-09-01,000935,20.77,20.76,21.48,20.62,46343,98832658.3,4.13,-0.24,-0.05,0.61
2022-09-02,000935,21.17,20.89,21.32,20.74,33164,70695822.12,2.79,0.63,0.13,0.43
2022-09-05,000935,20.93,21.82,22.61,20.68,96226,211874887.06,9.24,4.45,0.93,1.26
2022-09-06,000935,21.49,20.89,21.56,20.5,100077,211806811.7,4.86,-4.26,-0.93,1.31
2022-09-07,000935,20.65,20.3,20.65,20.02,60035,123908921.53,3.02,-2.82,-0.59,0.79
2022-09-08,000935,20.32,20.0,20.43,19.95,31096,63600007.54,2.36,-1.48,-0.3,0.41
2022-09-09,000935,19.95,20.55,20.93,19.95,63642,133048729.96,4.9,2.75,0.55,0.83
2022-09-13,000935,20.67,22.64,22.64,20.62,169290,382309851.14,9.83,10.17,2.09,2.22
2022-09-14,000935,22.37,22.64,23.11,22.09,170837,391755608.73,4.51,0.0,0.0,2.24
2022-09-15,000935,22.66,22.06,22.96,21.81,92675,209925881.04,5.08,-2.56,-0.58,1.21
2022-09-16,000935,22.21,20.92,22.21,20.91,70810,153911653.92,5.89,-5.17,-1.14,0.93
2022-09-19,000935,20.88,19.46,20.95,19.37,104883,212624424.98,7.55,-6.98,-1.46,1.37
2022-09-20,000935,19.86,19.73,20.24,19.53,62584,125939957.35,3.65,1.39,0.27,0.82
2022-09-21,000935,19.81,19.6,19.83,19.29,52435,104133577.27,2.74,-0.66,-0.13,0.69
2022-09-22,000935,19.39,19.98,20.28,19.16,82696,166491451.13,5.71,1.94,0.38,1.08
2022-09-23,000935,20.06,19.25,20.16,19.22,53779,107072295.7,4.7,-3.65,-0.73,0.7
2022-09-26,000935,18.94,19.31,19.47,18.68,70410,136050252.92,4.1,0.31,0.06,0.92
2022-09-27,000935,19.07,19.55,19.56,18.67,48574,94743639.23,4.61,1.24,0.24,0.64
2022-09-28,000935,19.64,19.75,20.11,19.23,56333,112880891.72,4.5,1.02,0.2,0.74
2022-09-29,000935,19.68,20.37,20.76,19.68,66954,138722889.66,5.47,3.14,0.62,0.88
2022-09-30,000935,20.4,20.34,20.65,20.14,34381,71193372.42,2.5,-0.15,-0.03,0.45
2022-10-10,000935,20.48,19.51,20.52,18.97,61740,122995059.93,7.62,-4.08,-0.83,0.81
2022-10-11,000935,19.33,19.29,19.51,18.85,39022,76266779.75,3.38,-1.13,-0.22,0.51
2022-10-12,000935,19.34,19.85,19.91,19.06,23366,46457605.62,4.41,2.9,0.56,0.31
2022-10-13,000935,19.95,19.83,20.26,19.57,30080,61126568.0,3.48,-0.1,-0.02,0.39
2022-10-14,000935,19.91,20.84,20.96,19.91,52657,110601550.66,5.3,5.09,1.01,0.69
2022-10-17,000935,20.8,20.78,21.04,20.61,24367,51496651.22,2.06,-0.29,-0.06,0.32
2022-10-18,000935,20.78,20.32,20.96,20.28,27325,57019537.74,3.27,-2.21,-0.46,0.36
2022-10-19,000935,20.18,20.22,20.46,20.17,20056,41407939.62,1.43,-0.49,-0.1,0.26
2022-10-20,000935,20.14,19.73,20.34,19.56,40207,81127318.25,3.86,-2.42,-0.49,0.53
2022-10-21,000935,19.73,19.54,19.73,19.43,23595,47080140.71,1.52,-0.96,-0.19,0.31
2022-10-24,000935,19.55,19.26,19.92,19.06,32363,63991372.87,4.4,-1.43,-0.28,0.42
2022-10-25,000935,19.11,19.35,19.47,18.81,29796,58072296.34,3.43,0.47,0.09,0.39
2022-10-26,000935,19.41,20.03,20.12,19.27,57839,116955731.24,4.39,3.51,0.68,0.76
2022-10-27,000935,20.24,19.89,20.25,19.86,37524,76503009.19,1.95,-0.7,-0.14,0.49
2022-10-28,000935,19.88,18.51,20.04,18.4,66709,129197744.46,8.25,-6.94,-1.38,0.87
2022-10-31,000935,18.74,19.81,20.13,18.59,75821,151552335.16,8.32,7.02,1.3,0.99
2022-11-01,000935,19.78,20.06,20.25,19.74,44969,91588079.9,2.57,1.26,0.25,0.59
2022-11-02,000935,20.06,20.14,20.44,19.86,27631,56642821.56,2.89,0.4,0.08,0.36
2022-11-03,000935,20.01,20.1,20.26,19.89,18605,38032618.38,1.84,-0.2,-0.04,0.24
2022-11-04,000935,20.01,20.68,20.7,20.01,54346,113151578.14,3.43,2.89,0.58,0.71
2022-11-07,000935,20.65,21.07,21.32,20.63,44141,94486325.85,3.34,1.89,0.39,0.58
2022-11-08,000935,21.1,21.12,21.6,20.93,31437,67623047.14,3.18,0.24,0.05,0.41
2022-11-09,000935,21.07,22.19,22.31,21.02,63643,141344087.9,6.11,5.07,1.07,0.83
2022-11-10,000935,22.01,22.11,22.27,21.67,59182,132291901.87,2.7,-0.36,-0.08,0.78
2022-11-11,000935,22.57,23.82,24.34,22.57,156124,374326932.83,8.01,7.73,1.71,2.05
2022-11-14,000935,24.12,23.49,24.38,23.33,71242,171968272.25,4.41,-1.39,-0.33,0.93
2022-11-15,000935,23.91,24.34,24.46,23.36,70539,172774756.54,4.68,3.62,0.85,0.92
2022-11-16,000935,24.65,24.06,24.65,23.95,62330,152588099.53,2.88,-1.15,-0.28,0.82
2022-11-17,000935,24.01,23.46,24.05,23.29,51816,123861442.6,3.16,-2.49,-0.6,0.68
2022-11-18,000935,23.61,23.0,23.72,22.71,57669,134846966.96,4.31,-1.96,-0.46,0.76
2022-11-21,000935,22.86,23.05,23.08,22.14,54994,126327053.28,4.09,0.22,0.05,0.72
2022-11-22,000935,23.15,22.85,23.32,22.69,33479,78016980.78,2.73,-0.87,-0.2,0.44
2022-11-23,000935,22.66,22.63,22.96,22.4,19633,45148876.69,2.45,-0.96,-0.22,0.26
2022-11-24,000935,22.87,22.77,23.14,22.44,47231,109063573.8,3.09,0.62,0.14,0.62
2022-11-25,000935,22.61,22.65,23.23,22.6,38803,90051307.08,2.77,-0.53,-0.12,0.51
2022-11-28,000935,22.46,22.36,22.69,22.16,26948,61252230.0,2.34,-1.28,-0.29,0.35
2022-11-29,000935,22.58,22.66,22.85,22.31,41603,95414784.7,2.42,1.34,0.3,0.54
2022-11-30,000935,22.51,22.81,23.12,22.46,53251,123098508.67,2.91,0.66,0.15,0.7
2022-12-01,000935,23.07,22.24,23.07,22.11,52667,120059359.5,4.21,-2.5,-0.57,0.69
2022-12-02,000935,22.06,21.98,22.42,21.88,47742,107098487.89,2.43,-1.17,-0.26,0.63
2022-12-05,000935,22.16,22.28,22.49,21.99,28468,64371536.41,2.27,1.36,0.3,0.37
2022-12-06,000935,22.16,22.04,22.4,21.91,26845,60389360.31,2.2,-1.08,-0.24,0.35
2022-12-07,000935,22.04,21.87,22.16,21.8,20017,44571762.82,1.63,-0.77,-0.17,0.26
2022-12-08,000935,21.83,21.86,22.38,21.55,30233,67471239.47,3.8,-0.05,-0.01,0.4
2022-12-09,000935,22.03,22.52,22.54,21.89,43642,98360432.48,2.97,3.02,0.66,0.57
2022-12-12,000935,22.56,21.64,22.59,21.61,50465,111850317.77,4.35,-3.91,-0.88,0.66
2022-12-13,000935,21.65,21.66,21.95,21.53,18350,40405262.36,1.94,0.09,0.02,0.24
2022-12-14,000935,21.65,21.67,21.85,21.54,13974,30834721.66,1.43,0.05,0.01,0.18
2022-12-15,000935,21.75,21.26,21.76,21.26,18550,40297859.98,2.31,-1.89,-0.41,0.24
2022-12-16,000935,21.43,21.45,22.01,21.26,26773,58785847.27,3.53,0.89,0.19,0.35
2022-12-19,000935,21.44,20.76,21.75,20.66,24427,52384190.27,5.08,-3.22,-0.69,0.32
2022-12-20,000935,20.6,20.69,20.82,20.42,19263,40366431.02,1.93,-0.34,-0.07,0.25
2022-12-21,000935,20.69,20.48,20.91,20.2,32280,66969837.71,3.43,-1.01,-0.21,0.42
2022-12-22,000935,20.64,20.34,20.98,20.23,19409,40745060.73,3.66,-0.68,-0.14,0.25
2022-12-23,000935,20.33,20.36,20.48,20.07,12744,26278418.71,2.02,0.1,0.02,0.17
2022-12-26,000935,20.3,20.42,20.66,20.26,11925,24796303.0,1.96,0.29,0.06,0.16
2022-12-27,000935,20.51,20.46,20.78,20.38,16506,34441404.71,1.96,0.2,0.04,0.22
2022-12-28,000935,20.39,20.36,20.55,20.12,25214,52216347.22,2.1,-0.49,-0.1,0.33
2022-12-29,000935,20.26,20.43,20.6,20.12,25210,52215414.4,2.36,0.34,0.07,0.33
2022-12-30,000935,20.44,20.66,21.0,20.44,19401,40889109.51,2.74,1.13,0.23,0.25
2023-01-03,000935,20.7,20.74,20.89,20.48,27615,58083373.0,1.98,0.39,0.08,0.36
2023-01-04,000935,20.74,21.11,21.35,20.74,50992,109165212.55,2.94,1.78,0.37,0.67
2023-01-05,000935,21.04,21.62,21.64,21.02,42326,92182238.0,2.94,2.42,0.51,0.55
2023-01-06,000935,21.62,22.41,22.64,21.49,61862,139454802.77,5.32,3.65,0.79,0.81
2023-01-09,000935,22.44,21.93,22.77,21.84,38018,85605352.05,4.15,-2.14,-0.48,0.5
2023-01-10,000935,22.16,21.84,22.21,21.79,27337,61033814.5,1.92,-0.41,-0.09,0.36
2023-01-11,000935,21.88,21.5,21.88,21.46,23137,50835568.85,1.92,-1.56,-0.34,0.3
2023-01-12,000935,21.5,21.55,21.79,21.41,18518,40579441.49,1.77,0.23,0.05,0.24
2023-01-13,000935,21.57,22.22,22.24,21.57,30844,68965347.65,3.11,3.11,0.67,0.4
2023-01-16,000935,22.22,22.51,22.97,21.97,43665,99705108.46,4.5,1.31,0.29,0.57
2023-01-17,000935,22.56,22.52,22.65,22.25,20576,46869654.58,1.78,0.04,0.01,0.27
2023-01-18,000935,22.55,22.53,22.71,22.27,19722,45151965.42,1.95,0.04,0.01,0.26
2023-01-19,000935,22.38,22.94,23.18,22.34,46553,108056626.89,3.73,1.82,0.41,0.61
2023-01-20,000935,22.89,23.26,23.35,22.8,32248,75703547.47,2.4,1.39,0.32,0.42
2023-01-30,000935,23.43,23.56,23.93,23.27,43512,103978058.11,2.84,1.29,0.3,0.57
2023-01-31,000935,23.54,25.87,25.95,23.37,147414,374968610.3,10.95,9.8,2.31,1.93
2023-02-01,000935,25.16,25.38,25.99,24.56,142583,363223897.49,5.53,-1.89,-0.49,1.87
2023-02-02,000935,24.75,25.01,26.58,24.66,159876,411583049.85,7.57,-1.46,-0.37,2.09
2023-02-03,000935,24.77,24.52,25.24,24.26,84902,211395874.93,3.92,-1.96,-0.49,1.11
2023-02-06,000935,24.42,23.89,24.5,23.68,66371,161397361.82,3.34,-2.57,-0.63,0.87
2023-02-07,000935,24.13,23.86,24.13,23.66,39383,95235845.06,1.97,-0.13,-0.03,0.52
2023-02-08,000935,23.86,23.75,23.93,23.66,24283,58564506.89,1.13,-0.46,-0.11,0.32
2023-02-09,000935,23.75,23.84,23.91,23.64,34913,84301318.17,1.14,0.38,0.09,0.46
2023-02-10,000935,23.95,23.84,23.99,23.64,30272,73112948.63,1.47,0.0,0.0,0.4
2023-02-13,000935,23.81,24.01,24.06,23.71,35723,86776159.28,1.47,0.71,0.17,0.47
2023-02-14,000935,24.06,23.93,24.2,23.7,25731,62411902.48,2.08,-0.33,-0.08,0.34
2023-02-15,000935,24.05,24.01,24.43,23.93,48531,118637750.77,2.09,0.33,0.08,0.64
2023-02-16,000935,24.0,23.18,24.22,23.0,63568,152406329.0,5.08,-3.46,-0.83,0.83
2023-02-17,000935,23.24,22.96,23.65,22.87,45016,105982934.57,3.36,-0.95,-0.22,0.59
2023-02-20,000935,23.44,23.78,24.16,23.24,88882,212985135.43,4.01,3.57,0.82,1.16
2023-02-21,000935,23.75,23.75,23.91,23.55,42433,102126954.37,1.51,-0.13,-0.03,0.56
2023-02-22,000935,23.6,23.36,23.7,23.24,32093,76306995.24,1.94,-1.64,-0.39,0.42
2023-02-23,000935,23.35,23.4,23.71,23.27,27611,65751344.07,1.88,0.17,0.04,0.36
2023-02-24,000935,23.69,23.03,23.71,22.95,38477,90385111.8,3.25,-1.58,-0.37,0.5
2023-02-27,000935,23.03,23.16,23.24,22.87,27842,65228209.16,1.61,0.56,0.13,0.36
2023-02-28,000935,23.13,23.22,23.32,22.96,23943,56174267.79,1.55,0.26,0.06,0.31
2023-03-01,000935,23.21,23.38,23.42,23.17,25576,60554660.66,1.08,0.69,0.16,0.34
2023-03-02,000935,23.32,23.3,23.55,23.27,25447,60366932.03,1.2,-0.34,-0.08,0.33
2023-03-03,000935,23.3,23.34,23.45,23.26,25205,59657770.45,0.82,0.17,0.04,0.33
2023-03-06,000935,23.33,22.97,23.4,22.95,33323,78165234.25,1.93,-1.59,-0.37,0.44
2023-03-07,000935,22.91,22.35,23.11,22.34,38130,87608136.99,3.35,-2.7,-0.62,0.5
2023-03-08,000935,22.34,22.33,22.37,22.13,19251,43542851.68,1.07,-0.09,-0.02,0.25
2023-03-09,000935,22.33,22.08,22.46,22.03,24481,55136550.65,1.93,-1.12,-0.25,0.32
2023-03-10,000935,21.96,21.85,22.14,21.78,19223,42692910.56,1.63,-1.04,-0.23,0.25
2023-03-13,000935,21.76,21.67,21.99,21.41,26087,57240878.43,2.65,-0.82,-0.18,0.34
2023-03-14,000935,21.78,21.36,21.78,21.21,20815,45283046.45,2.63,-1.43,-0.31,0.27
2023-03-15,000935,21.55,21.74,21.86,21.36,31793,69850862.39,2.34,1.78,0.38,0.42
2023-03-16,000935,21.81,21.08,21.81,20.86,50638,108987946.1,4.37,-3.04,-0.66,0.66
2023-03-17,000935,21.24,21.24,21.47,21.16,28789,62354571.77,1.47,0.76,0.16,0.38
2023-03-20,000935,21.42,21.21,21.47,21.07,23715,51200986.62,1.88,-0.14,-0.03,0.31
2023-03-21,000935,21.18,20.86,21.31,20.77,46141,98198358.85,2.55,-1.65,-0.35,0.6
2023-03-22,000935,21.02,21.04,21.12,20.94,21582,46116591.61,0.86,0.86,0.18,0.28
2023-03-23,000935,21.25,21.17,21.31,20.66,38895,83316114.74,3.09,0.62,0.13,0.51
2023-03-24,000935,21.16,21.34,21.61,21.14,41198,89369422.38,2.22,0.8,0.17,0.54
2023-03-27,000935,21.35,21.01,21.37,20.86,38330,81987435.58,2.39,-1.55,-0.33,0.5
2023-03-28,000935,20.91,20.96,21.1,20.84,23840,50713816.97,1.24,-0.24,-0.05,0.31
2023-03-29,000935,21.01,20.78,21.06,20.76,23427,49653349.25,1.43,-0.86,-0.18,0.31
2023-03-30,000935,20.91,20.96,20.98,20.6,24654,52142821.16,1.83,0.87,0.18,0.32
2023-03-31,000935,20.83,21.13,21.4,20.83,26392,56856463.56,2.72,0.81,0.17,0.35
2023-04-03,000935,21.13,21.23,21.48,21.13,38773,83907903.28,1.66,0.47,0.1,0.51
2023-04-04,000935,21.24,20.88,21.44,20.85,47022,100903131.39,2.78,-1.65,-0.35,0.62
2023-04-06,000935,20.81,21.23,21.38,20.55,30918,66296573.56,3.98,1.68,0.35,0.4
2023-04-07,000935,21.23,21.43,21.53,21.13,33213,72232340.11,1.88,0.94,0.2,0.44
2023-04-10,000935,21.52,20.98,21.58,20.87,48824,105001468.58,3.31,-2.1,-0.45,0.64
2023-04-11,000935,20.98,21.0,21.17,20.82,27096,57823972.0,1.67,0.1,0.02,0.35
2023-04-12,000935,20.96,21.15,21.32,20.93,29487,63296772.5,1.86,0.71,0.15,0.39
2023-04-13,000935,21.21,21.0,21.29,20.99,36100,77398292.67,1.42,-0.71,-0.15,0.47
2023-04-14,000935,21.06,21.12,21.25,20.99,29258,62820040.95,1.24,0.57,0.12,0.38
2023-04-17,000935,21.09,21.63,21.96,21.09,55821,122833663.21,4.12,2.41,0.51,0.73
2023-04-18,000935,21.66,21.43,21.9,21.36,37998,83352846.35,2.5,-0.92,-0.2,0.5
2023-04-19,000935,21.38,20.81,21.51,20.75,47070,100608859.8,3.55,-2.89,-0.62,0.62
2023-04-20,000935,20.81,19.76,20.95,19.57,90439,182954673.44,6.63,-5.05,-1.05,1.18
2023-04-21,000935,19.71,19.0,19.71,18.96,48138,94369008.85,3.8,-3.85,-0.76,0.63
2023-04-24,000935,19.0,18.97,19.16,18.81,28732,55538635.99,1.84,-0.16,-0.03,0.38
2023-04-25,000935,18.99,18.61,19.09,18.34,40436,76585460.8,3.95,-1.9,-0.36,0.53
2023-04-26,000935,18.61,18.71,18.92,18.49,23362,44625480.41,2.31,0.54,0.1,0.31
2023-04-27,000935,18.72,18.65,18.91,18.5,27493,52292781.06,2.19,-0.32,-0.06,0.36
2023-04-28,000935,18.66,18.88,18.89,18.65,29809,57135881.93,1.29,1.23,0.23,0.39
2023-05-04,000935,18.86,18.17,18.91,18.16,69367,129751515.16,3.97,-3.76,-0.71,0.91
2023-05-05,000935,18.3,18.07,18.42,17.78,44813,82305384.68,3.52,-0.55,-0.1,0.59
2023-05-08,000935,18.2,18.02,18.37,17.92,36714,67616933.14,2.49,-0.28,-0.05,0.48
2023-05-09,000935,18.07,18.02,18.39,17.86,40952,75662584.37,2.94,0.0,0.0,0.54
2023-05-10,000935,18.02,18.04,18.13,17.97,27135,49878556.55,0.89,0.11,0.02,0.36
2023-05-11,000935,18.04,17.73,18.11,17.71,31382,57072327.04,2.22,-1.72,-0.31,0.41
2023-05-12,000935,17.66,17.5,17.86,17.43,36077,64753286.25,2.43,-1.3,-0.23,0.47
2023-05-15,000935,17.65,17.74,17.78,17.24,32839,58644380.21,3.09,1.37,0.24,0.43
2023-05-16,000935,17.73,17.5,17.75,17.46,20830,37332127.49,1.63,-1.35,-0.24,0.27
2023-05-17,000935,17.51,17.56,17.65,17.43,14909,26646577.05,1.26,0.34,0.06,0.2
2023-05-18,000935,17.58,17.42,17.63,17.36,16979,30225403.96,1.54,-0.8,-0.14,0.22
2023-05-19,000935,17.35,17.29,17.44,17.24,28250,49853246.75,1.15,-0.75,-0.13,0.37
2023-05-22,000935,17.26,17.32,17.39,17.12,28165,49572604.21,1.56,0.17,0.03,0.37
2023-05-23,000935,17.36,17.1,17.44,17.06,25595,45014827.0,2.19,-1.27,-0.22,0.34
2023-05-24,000935,17.06,16.87,17.17,16.86,23849,41281454.76,1.81,-1.35,-0.23,0.31
2023-05-25,000935,16.86,16.7,16.96,16.48,34073,58021772.61,2.85,-1.01,-0.17,0.45
2023-05-26,000935,16.73,16.69,16.83,16.47,32310,54891333.27,2.16,-0.06,-0.01,0.42
2023-05-29,000935,16.61,16.46,16.74,16.41,36585,61708277.76,1.98,-1.38,-0.23,0.48
2023-05-30,000935,16.43,16.6,16.61,16.31,25221,42426620.0,1.82,0.85,0.14,0.33
2023-05-31,000935,16.6,16.75,16.85,16.51,21786,37149561.57,2.05,0.9,0.15,0.29
2023-06-01,000935,16.69,16.48,16.69,16.44,28110,47441810.0,1.49,-1.61,-0.27,0.37
2023-06-02,000935,16.56,16.76,16.87,16.49,51338,87647266.8,2.31,1.7,0.28,0.67
2023-06-05,000935,16.74,16.56,16.89,16.56,36561,62225254.02,1.97,-1.19,-0.2,0.48
2023-06-06,000935,16.57,16.22,16.63,16.2,29669,49718721.38,2.6,-2.05,-0.34,0.39
2023-06-07,000935,16.38,16.13,16.41,16.12,21231,35143210.68,1.79,-0.55,-0.09,0.28
2023-06-08,000935,16.12,16.21,16.25,15.98,25365,41776593.78,1.67,0.5,0.08,0.33
2023-06-09,000935,16.21,15.57,16.25,15.41,67405,108156290.07,5.18,-3.95,-0.64,0.88
2023-06-12,000935,15.53,16.01,16.21,15.53,62077,100805259.42,4.37,2.83,0.44,0.81
2023-06-13,000935,15.97,15.7,16.04,15.61,38529,62063594.13,2.69,-1.94,-0.31,0.5
2023-06-14,000935,15.76,15.59,15.79,15.56,25358,40538052.29,1.46,-0.7,-0.11,0.33
2023-06-15,000935,15.59,16.18,16.27,15.51,48912,79637228.02,4.87,3.78,0.59,0.64
2023-06-16,000935,16.17,16.41,16.71,16.17,50598,84839441.55,3.34,1.42,0.23,0.66
2023-06-19,000935,16.36,16.14,16.52,16.12,40119,66624383.08,2.44,-1.65,-0.27,0.53
2023-06-20,000935,16.09,16.28,16.71,15.84,77080,127881067.03,5.39,0.87,0.14,1.01
2023-06-21,000935,16.12,15.87,16.3,15.86,42742,70025778.73,2.7,-2.52,-0.41,0.56
2023-06-26,000935,15.82,15.59,15.96,15.5,33894,54212263.5,2.9,-1.76,-0.28,0.44
2023-06-27,000935,15.59,16.24,16.31,15.59,50912,83717696.77,4.62,4.17,0.65,0.67
2023-06-28,000935,16.24,16.27,16.44,16.08,31484,52210657.87,2.22,0.18,0.03,0.41
2023-06-29,000935,16.16,16.07,16.3,16.07,23648,39010115.81,1.41,-1.23,-0.2,0.31
2023-06-30,000935,16.05,16.5,16.71,16.02,46280,77703686.0,4.29,2.68,0.43,0.61
2023-07-03,000935,16.6,16.54,16.74,16.46,49074,83041801.18,1.7,0.24,0.04,0.64
2023-07-04,000935,16.56,16.36,16.58,16.33,38576,64495352.17,1.51,-1.09,-0.18,0.51
2023-07-05,000935,16.36,16.37,16.49,16.26,25179,42035914.4,1.41,0.06,0.01,0.33
2023-07-06,000935,16.3,16.27,16.36,16.22,17832,29662450.58,0.86,-0.61,-0.1,0.23
2023-07-07,000935,16.17,16.17,16.3,16.03,20820,34341021.0,1.66,-0.61,-0.1,0.27
2023-07-10,000935,16.32,16.36,16.51,16.25,22523,37633138.46,1.61,1.18,0.19,0.3
2023-07-11,000935,16.31,16.46,16.49,16.31,22435,37602626.25,1.1,0.61,0.1,0.29
2023-07-12,000935,16.51,16.31,16.55,16.27,20276,33894914.53,1.7,-0.91,-0.15,0.27
2023-07-13,000935,16.36,16.46,16.52,16.16,20959,35132032.99,2.21,0.92,0.15,0.27
2023-07-14,000935,16.49,16.44,16.53,16.37,20703,34777424.0,0.97,-0.12,-0.02,0.27
2023-07-17,000935,16.45,16.52,16.53,16.29,27689,46366378.39,1.46,0.49,0.08,0.36
2023-07-18,000935,16.54,17.06,17.24,16.45,74314,128811069.0,4.78,3.27,0.54,0.97
2023-07-19,000935,17.06,17.09,17.12,16.9,34895,60572839.43,1.29,0.18,0.03,0.46
2023-07-20,000935,17.12,17.03,17.36,17.03,44810,78464312.18,1.93,-0.35,-0.06,0.59
2023-07-21,000935,17.03,17.0,17.1,16.84,27295,47206658.6,1.53,-0.18,-0.03,0.36
2023-07-24,000935,17.01,16.64,17.1,16.56,34350,58555077.42,3.18,-2.12,-0.36,0.45
2023-07-25,000935,17.05,17.52,17.72,16.91,90342,160422360.99,4.87,5.29,0.88,1.18
2023-07-26,000935,17.52,17.73,17.89,17.33,71806,129391589.44,3.2,1.2,0.21,0.94
2023-07-27,000935,17.64,17.52,17.8,17.48,44936,80607508.19,1.8,-1.18,-0.21,0.59
2023-07-28,000935,17.52,18.49,18.9,17.5,130486,242641958.93,7.99,5.54,0.97,1.71
2023-07-31,000935,18.26,18.53,18.86,18.17,108223,203267411.88,3.73,0.22,0.04,1.42
2023-08-01,000935,18.36,18.21,18.53,18.03,63322,117783272.89,2.7,-1.73,-0.32,0.83
2023-08-02,000935,18.06,18.17,18.42,18.01,40240,74651350.06,2.25,-0.22,-0.04,0.53
2023-08-03,000935,18.15,18.13,18.29,17.94,44275,81602790.86,1.93,-0.22,-0.04,0.58
2023-08-04,000935,18.74,18.27,19.3,18.26,113903,218178485.68,5.74,0.77,0.14,1.49
2023-08-07,000935,18.19,18.0,18.31,17.88,55892,102670013.21,2.35,-1.48,-0.27,0.73
2023-08-08,000935,17.93,17.75,18.18,17.69,36228,65775837.7,2.72,-1.39,-0.25,0.47
2023-08-09,000935,17.75,17.75,17.93,17.58,31387,56788831.6,1.97,0.0,0.0,0.41
2023-08-10,000935,17.74,17.87,17.93,17.69,19357,35146243.0,1.35,0.68,0.12,0.25
2023-08-11,000935,17.87,17.48,18.01,17.47,29940,54055967.97,3.02,-2.18,-0.39,0.39
2023-08-14,000935,17.36,17.31,17.5,17.1,29075,51174681.16,2.29,-0.97,-0.17,0.38
2023-08-15,000935,17.39,17.28,17.39,17.05,21595,37860387.0,1.96,-0.17,-0.03,0.28
2023-08-16,000935,17.18,17.33,17.66,17.08,23971,42423843.0,3.36,0.29,0.05,0.31
2023-08-17,000935,17.26,17.32,17.44,17.01,26704,46810122.43,2.48,-0.06,-0.01,0.35
2023-08-18,000935,17.32,16.95,17.48,16.93,24513,42825903.54,3.18,-2.14,-0.37,0.32
2023-08-21,000935,16.87,16.58,17.06,16.58,26986,46223748.2,2.83,-2.18,-0.37,0.35
2023-08-22,000935,16.61,16.7,16.89,16.36,27322,46164454.0,3.2,0.72,0.12,0.36
2023-08-23,000935,16.61,16.14,16.67,16.11,22821,38003319.44,3.35,-3.35,-0.56,0.3
2023-08-24,000935,16.28,15.89,16.33,15.86,31089,50901490.9,2.91,-1.55,-0.25,0.41
2023-08-25,000935,15.91,15.67,15.96,15.62,22039,35499211.9,2.14,-1.38,-0.22,0.29
2023-08-28,000935,16.76,16.22,16.81,16.19,55796,94075658.26,3.96,3.51,0.55,0.73
2023-08-29,000935,16.26,16.41,16.49,16.13,34375,57278691.0,2.22,1.17,0.19,0.45
2023-08-30,000935,16.36,16.29,16.49,16.26,26102,43618482.63,1.4,-0.73,-0.12,0.34
2023-08-31,000935,16.43,16.21,16.55,16.21,24660,41172052.36,2.09,-0.49,-0.08,0.32
2023-09-01,000935,16.23,16.37,16.48,16.23,18780,31396933.84,1.54,0.99,0.16,0.25
2023-09-04,000935,16.46,16.87,16.94,16.38,47596,81632725.12,3.42,3.05,0.5,0.62
2023-09-05,000935,16.84,16.73,16.9,16.64,20121,34352921.0,1.54,-0.83,-0.14,0.26
2023-09-06,000935,16.85,16.62,16.85,16.5,21080,35683797.55,2.09,-0.66,-0.11,0.28
2023-09-07,000935,16.66,16.41,16.76,16.41,19150,32349832.28,2.11,-1.26,-0.21,0.25
2023-09-08,000935,16.49,16.55,16.62,16.26,26022,43670648.4,2.19,0.85,0.14,0.34
2023-09-11,000935,16.55,16.36,16.65,16.26,22229,37133564.68,2.36,-1.15,-0.19,0.29
2023-09-12,000935,16.36,16.22,16.37,16.11,23059,38203555.99,1.59,-0.86,-0.14,0.3
2023-09-13,000935,16.22,16.22,16.58,16.11,28044,46689368.41,2.9,0.0,0.0,0.37
2023-09-14,000935,16.16,16.08,16.2,15.98,15821,25961838.78,1.36,-0.86,-0.14,0.21
2023-09-15,000935,16.14,16.03,16.18,15.94,16779,27518302.64,1.49,-0.31,-0.05,0.22
2023-09-18,000935,16.05,15.96,16.13,15.92,17793,29077884.0,1.31,-0.44,-0.07,0.23
2023-09-19,000935,16.09,16.12,16.17,15.93,14953,24539364.3,1.5,1.0,0.16,0.2
2023-09-20,000935,16.08,16.06,16.29,16.06,18537,30647503.14,1.43,-0.37,-0.06,0.24
2023-09-21,000935,16.09,15.55,16.16,15.5,32691,52636818.0,4.11,-3.18,-0.51,0.43
2023-09-22,000935,15.56,16.03,16.04,15.48,33672,54415995.68,3.6,3.09,0.48,0.44
2023-09-25,000935,16.03,15.35,16.04,15.26,63230,99869581.87,4.87,-4.24,-0.68,0.83
2023-09-26,000935,15.35,15.3,15.37,15.04,25238,39288901.22,2.15,-0.33,-0.05,0.33
2023-09-27,000935,15.19,15.19,15.45,15.19,27481,42914734.66,1.7,-0.72,-0.11,0.36
2023-09-28,000935,15.26,15.36,15.4,15.25,19948,31252975.2,0.99,1.12,0.17,0.26
2023-10-09,000935,15.35,15.06,15.36,14.97,33449,51596979.14,2.54,-1.95,-0.3,0.44
2023-10-10,000935,15.06,15.03,15.24,14.92,18616,28618778.21,2.12,-0.2,-0.03,0.24
2023-10-11,000935,15.14,14.86,15.14,14.76,38995,59497858.63,2.53,-1.13,-0.17,0.51
2023-10-12,000935,14.94,15.07,15.1,14.89,24615,37738110.12,1.41,1.41,0.21,0.32
2023-10-13,000935,14.97,14.83,15.0,14.74,18948,28735314.05,1.73,-1.59,-0.24,0.25
2023-10-16,000935,14.84,14.7,14.93,14.62,23576,35565007.58,2.09,-0.88,-0.13,0.31
2023-10-17,000935,14.69,14.83,14.89,14.66,17381,26331811.77,1.56,0.88,0.13,0.23
2023-10-18,000935,14.79,14.51,14.82,14.48,25814,38598056.3,2.29,-2.16,-0.32,0.34
2023-10-19,000935,14.48,14.33,14.61,14.31,26390,39026738.3,2.07,-1.24,-0.18,0.35
2023-10-20,000935,14.26,14.35,14.54,14.11,24983,36795382.23,3.0,0.14,0.02,0.33
2023-10-23,000935,14.35,14.12,14.44,14.01,23606,34280289.91,3.0,-1.6,-0.23,0.31
2023-10-24,000935,14.12,14.37,14.43,13.99,24845,36154851.76,3.12,1.77,0.25,0.33
2023-10-25,000935,15.24,14.91,15.24,14.87,49318,75707186.8,2.57,3.76,0.54,0.65
2023-10-26,000935,14.91,14.76,14.91,14.56,32294,48517540.5,2.35,-1.01,-0.15,0.42
2023-10-27,000935,14.59,15.1,15.15,14.56,34147,52281356.72,4.0,2.3,0.34,0.45
2023-10-30,000935,14.95,15.08,15.21,14.95,25712,39652430.27,1.72,-0.13,-0.02,0.34
2023-10-31,000935,14.99,14.96,15.11,14.78,29254,44602817.6,2.19,-0.8,-0.12,0.38
2023-11-01,000935,15.06,15.05,15.25,14.96,26713,41129817.68,1.94,0.6,0.09,0.35
2023-11-02,000935,15.1,14.84,15.11,14.82,22326,34028264.9,1.93,-1.4,-0.21,0.29
2023-11-03,000935,14.82,14.93,15.03,14.77,23629,36125277.6,1.75,0.61,0.09,0.31
2023-11-06,000935,15.06,15.3,15.35,15.0,31963,49592836.44,2.34,2.48,0.37,0.42
2023-11-07,000935,15.39,15.28,15.39,15.14,20352,31718684.0,1.63,-0.13,-0.02,0.27
2023-11-08,000935,15.32,15.18,15.35,15.15,28854,44890263.09,1.31,-0.65,-0.1,0.38
2023-11-09,000935,15.23,15.32,15.55,15.18,34293,53815015.9,2.44,0.92,0.14,0.45
2023-11-10,000935,15.31,15.29,15.33,15.09,25327,39348013.13,1.57,-0.2,-0.03,0.33
2023-11-13,000935,15.39,15.36,15.44,15.06,36193,56323436.0,2.49,0.46,0.07,0.47
2023-11-14,000935,15.33,15.39,15.51,15.33,25001,39383394.25,1.17,0.2,0.03,0.33
2023-11-15,000935,15.51,15.43,15.62,15.38,25115,39778352.08,1.56,0.26,0.04,0.33
2023-11-16,000935,15.43,15.22,15.43,15.22,21719,33923755.7,1.36,-1.36,-0.21,0.28
2023-11-17,000935,15.19,15.22,15.27,15.02,19973,30934136.43,1.64,0.0,0.0,0.26
2023-11-20,000935,15.28,15.36,15.54,15.11,36046,56488841.99,2.83,0.92,0.14,0.47
2023-11-21,000935,15.37,15.66,16.28,15.36,95367,153859093.63,5.99,1.95,0.3,1.25
2023-11-22,000935,15.48,15.56,15.86,15.38,64501,102888018.03,3.07,-0.64,-0.1,0.84
2023-11-23,000935,15.57,16.12,16.28,15.54,89055,145847433.25,4.76,3.6,0.56,1.17
2023-11-24,000935,16.11,16.13,16.32,15.92,59391,97377769.23,2.48,0.06,0.01,0.78
2023-11-27,000935,16.07,15.67,16.14,15.62,53256,85745331.81,3.22,-2.85,-0.46,0.7
2023-11-28,000935,15.61,15.66,15.72,15.39,28403,45147218.0,2.11,-0.06,-0.01,0.37
2023-11-29,000935,15.67,15.35,15.7,15.26,37460,59097531.29,2.81,-1.98,-0.31,0.49
2023-11-30,000935,15.39,15.17,15.52,15.11,26525,41370944.96,2.67,-1.17,-0.18,0.35
2023-12-01,000935,15.2,15.31,15.39,15.12,22465,34973872.92,1.78,0.92,0.14,0.29
2023-12-04,000935,15.3,15.24,15.41,15.19,20502,32018609.4,1.44,-0.46,-0.07,0.27
2023-12-05,000935,15.25,15.99,16.21,15.21,102292,165449008.96,6.56,4.92,0.75,1.34
2023-12-06,000935,15.94,15.94,16.26,15.82,64425,105456646.67,2.75,-0.31,-0.05,0.84
2023-12-07,000935,15.94,15.89,16.05,15.52,50258,80961575.0,3.32,-0.31,-0.05,0.66
2023-12-08,000935,16.05,15.75,16.05,15.7,29291,47247761.05,2.2,-0.88,-0.14,0.38
2023-12-11,000935,15.75,16.4,16.44,15.66,75327,124269344.28,4.95,4.13,0.65,0.99
2023-12-12,000935,16.45,16.59,16.82,16.2,85337,143775833.22,3.78,1.16,0.19,1.12
2023-12-13,000935,16.6,17.49,18.28,16.52,198708,355457852.5,10.61,5.42,0.9,2.6
2023-12-14,000935,17.29,17.01,17.79,16.88,107131,189615705.45,5.2,-2.74,-0.48,1.4
2023-12-15,000935,16.99,17.55,17.57,16.83,88256,155432683.31,4.35,3.17,0.54,1.16
2023-12-18,000935,17.38,17.26,17.42,17.06,45114,79222759.76,2.05,-1.65,-0.29,0.59
2023-12-19,000935,17.23,17.32,17.46,17.0,38008,66571766.83,2.67,0.35,0.06,0.5
2023-12-20,000935,17.33,17.17,17.45,17.12,33273,58506069.18,1.91,-0.87,-0.15,0.44
2023-12-21,000935,17.12,17.62,17.75,16.96,54461,96766147.38,4.6,2.62,0.45,0.71
2023-12-22,000935,17.72,17.32,17.79,17.27,35389,63010801.0,2.95,-1.7,-0.3,0.46
2023-12-25,000935,17.2,17.24,17.41,17.01,27707,48693368.39,2.31,-0.46,-0.08,0.36
2023-12-26,000935,17.15,17.29,17.52,16.94,31421,55338340.24,3.36,0.29,0.05,0.41
2023-12-27,000935,17.23,17.22,17.34,16.94,34885,60948751.0,2.31,-0.4,-0.07,0.46
2023-12-28,000935,17.24,17.42,17.51,17.11,42750,75710542.6,2.32,1.16,0.2,0.56
2023-12-29,000935,17.42,17.58,17.69,17.36,33078,59200539.0,1.89,0.92,0.16,0.43
2024-01-02,000935,17.57,17.77,18.04,17.52,41491,75410395.0,2.96,1.08,0.19,0.54
2024-01-03,000935,17.67,17.66,17.81,17.56,23081,41569254.0,1.41,-0.62,-0.11,0.3
2024-01-04,000935,17.66,17.69,17.77,17.54,20306,36481957.67,1.3,0.17,0.03,0.27
2024-01-05,000935,17.59,17.28,17.68,17.21,42550,75495858.77,2.66,-2.32,-0.41,0.56
2024-01-08,000935,17.28,17.01,17.28,16.88,41055,71270170.89,2.31,-1.56,-0.27,0.54
2024-01-09,000935,17.0,16.88,17.15,16.71,27166,46834429.21,2.59,-0.76,-0.13,0.36
2024-01-10,000935,16.88,16.74,16.96,16.59,29583,50724469.01,2.19,-0.83,-0.14,0.39
2024-01-11,000935,16.86,16.98,17.15,16.66,23239,40081645.4,2.93,1.43,0.24,0.3
2024-01-12,000935,16.98,17.18,17.41,16.98,20833,36577560.44,2.53,1.18,0.2,0.27
2024-01-15,000935,17.19,17.16,17.29,16.99,12367,21638331.39,1.75,-0.12,-0.02,0.16
2024-01-16,000935,17.06,17.29,17.32,17.02,21554,37707576.59,1.75,0.76,0.13,0.28
2024-01-17,000935,17.26,16.86,17.4,16.86,21765,38060017.28,3.12,-2.49,-0.43,0.29
2024-01-18,000935,16.83,16.85,16.91,16.52,37538,63865611.0,2.31,-0.06,-0.01,0.49
2024-01-19,000935,16.84,16.54,16.97,16.54,29489,50432004.54,2.55,-1.84,-0.31,0.39
2024-01-22,000935,16.49,15.57,16.49,15.4,26648,43474030.82,6.59,-5.86,-0.97,0.35
2024-01-23,000935,15.57,16.17,16.21,15.21,28594,46223231.3,6.42,3.85,0.6,0.37
2024-01-24,000935,16.17,16.64,16.66,16.01,28923,48223694.97,4.02,2.91,0.47,0.38
2024-01-25,000935,16.64,16.72,16.86,16.56,22064,37685864.44,1.8,0.48,0.08,0.29
2024-01-26,000935,16.77,16.63,17.01,16.51,20221,34522873.38,2.99,-0.54,-0.09,0.26
2024-01-29,000935,16.76,16.37,16.88,16.34,18198,30674561.44,3.25,-1.56,-0.26,0.24
2024-01-30,000935,16.4,15.97,16.58,15.97,15443,25583915.02,3.73,-2.44,-0.4,0.2
2024-01-31,000935,16.45,15.78,16.56,15.68,28667,46813627.88,5.51,-1.19,-0.19,0.38
2024-02-01,000935,15.83,15.81,16.31,15.61,29570,48210726.49,4.44,0.19,0.03,0.39
2024-02-02,000935,16.13,15.43,16.19,15.02,32745,52412557.22,7.4,-2.4,-0.38,0.43
2024-02-05,000935,15.34,15.16,15.76,14.38,40402,62013389.9,8.94,-1.75,-0.27,0.53
2024-02-06,000935,14.84,15.88,16.2,14.83,40012,63272233.25,9.04,4.75,0.72,0.52
2024-02-07,000935,16.03,16.22,17.01,15.87,65509,110256525.93,7.18,2.14,0.34,0.86
2024-02-08,000935,16.47,16.47,17.09,16.32,62274,106215378.97,4.75,1.54,0.25,0.82
2024-02-19,000935,16.93,16.39,16.93,16.16,42517,71595962.09,4.68,-0.49,-0.08,0.56
2024-02-20,000935,16.18,16.4,16.4,16.18,24322,40519880.3,1.34,0.06,0.01,0.32
2024-02-21,000935,16.37,16.73,17.02,16.21,48070,82192871.55,4.94,2.01,0.33,0.63
2024-02-22,000935,16.67,16.72,16.92,16.5,25836,43927001.5,2.51,-0.06,-0.01,0.34
2024-02-23,000935,16.65,16.89,17.17,16.61,34941,60072480.87,3.35,1.02,0.17,0.46
2024-02-26,000935,16.81,16.7,16.93,16.65,27609,47217896.38,1.66,-1.12,-0.19,0.36
2024-02-27,000935,16.73,16.87,17.05,16.64,35507,60917417.27,2.46,1.02,0.17,0.47
2024-02-28,000935,16.88,16.56,17.24,16.55,56360,97293553.1,4.09,-1.84,-0.31,0.74
2024-02-29,000935,16.41,17.01,17.01,16.41,44032,75565313.32,3.62,2.72,0.45,0.58
2024-03-01,000935,18.65,17.18,18.65,17.0,83775,148000187.8,9.7,1.0,0.17,1.1
2024-03-04,000935,17.18,16.69,17.19,16.51,64720,110376152.01,3.96,-2.85,-0.49,0.85
2024-03-05,000935,16.71,16.36,16.71,16.18,41868,69988863.12,3.18,-1.98,-0.33,0.55
2024-03-06,000935,16.36,16.15,16.4,15.96,33599,55436355.46,2.69,-1.28,-0.21,0.44
2024-03-07,000935,16.06,16.46,16.71,16.06,41137,69256132.69,4.02,1.92,0.31,0.54
2024-03-08,000935,16.46,16.07,16.49,16.03,32231,53297589.9,2.79,-2.37,-0.39,0.42
2024-03-11,000935,16.07,16.15,16.17,15.86,31731,51815619.62,1.93,0.5,0.08,0.42
2024-03-12,000935,16.16,16.21,16.3,16.07,34979,57817824.21,1.42,0.37,0.06,0.46
2024-03-13,000935,16.24,16.04,16.25,15.92,31082,50951303.04,2.04,-1.05,-0.17,0.41
2024-03-14,000935,16.01,15.92,16.26,15.86,25561,41889689.82,2.49,-0.75,-0.12,0.33
2024-03-15,000935,15.86,15.86,15.97,15.56,29214,46952283.22,2.58,-0.38,-0.06,0.38
2024-03-18,000935,15.89,16.04,16.06,15.76,29929,48633936.1,1.89,1.13,0.18,0.39
2024-03-19,000935,16.03,15.87,16.05,15.83,24956,40509847.76,1.37,-1.06,-0.17,0.33
2024-03-20,000935,15.87,15.83,15.87,15.64,24987,40252426.0,1.45,-0.25,-0.04,0.33
2024-03-21,000935,15.79,15.84,15.93,15.66,26606,42940967.11,1.71,0.06,0.01,0.35
2024-03-22,000935,15.83,15.53,15.83,15.43,28219,44886120.84,2.53,-1.96,-0.31,0.37
2024-03-25,000935,15.47,15.35,15.67,15.29,22607,35693418.7,2.45,-1.16,-0.18,0.3
2024-03-26,000935,15.27,15.43,15.48,15.21,21474,33632862.12,1.76,0.52,0.08,0.28
2024-03-27,000935,15.38,15.0,15.54,14.94,24591,38371373.0,3.89,-2.79,-0.43,0.32
2024-03-28,000935,15.06,15.02,15.16,14.93,24480,37705318.0,1.53,0.13,0.02,0.32
2024-03-29,000935,15.06,15.09,15.1,14.98,16847,25911161.0,0.8,0.47,0.07,0.22
2024-04-01,000935,15.11,15.5,15.52,15.1,29522,46546227.0,2.78,2.72,0.41,0.39
2024-04-02,000935,15.54,15.41,15.61,15.37,18055,28467927.72,1.55,-0.58,-0.09,0.24
2024-04-03,000935,15.41,15.43,15.52,15.34,14460,22804732.21,1.17,0.13,0.02,0.19
2024-04-08,000935,15.47,15.02,15.47,15.02,22230,34549754.53,2.92,-2.66,-0.41,0.29
2024-04-09,000935,15.03,15.27,15.34,15.01,14881,23127985.9,2.2,1.66,0.25,0.19
2024-04-10,000935,15.21,14.9,15.33,14.78,18202,27923654.03,3.6,-2.42,-0.37,0.24
2024-04-11,000935,14.76,15.09,15.27,14.76,16875,26076621.25,3.42,1.28,0.19,0.22
2024-04-12,000935,15.12,14.73,15.18,14.73,18809,28692055.09,2.98,-2.39,-0.36,0.25
2024-04-15,000935,14.81,14.46,14.98,14.26,36444,54234868.23,4.89,-1.83,-0.27,0.48
2024-04-16,000935,14.47,14.24,14.55,14.16,29950,44025409.1,2.7,-1.52,-0.22,0.39
2024-04-17,000935,14.32,14.53,14.6,14.3,24319,36031707.58,2.11,2.04,0.29,0.32
2024-04-18,000935,14.47,14.56,14.73,14.43,22986,34306696.11,2.06,0.21,0.03,0.3
2024-04-19,000935,14.43,14.51,14.65,14.41,21328,31648193.2,1.65,-0.34,-0.05,0.28
2024-04-22,000935,14.56,14.66,14.8,14.41,28008,41994510.35,2.69,1.03,0.15,0.37
2024-04-23,000935,14.66,14.61,14.72,14.49,15940,23828171.56,1.57,-0.34,-0.05,0.21
2024-04-24,000935,14.86,14.83,15.01,14.56,27558,41619005.92,3.08,1.51,0.22,0.36
2024-04-25,000935,14.61,14.48,14.76,14.36,30960,45966340.13,2.7,-2.36,-0.35,0.41
2024-04-26,000935,14.46,14.78,14.8,14.41,41386,62126501.19,2.69,2.07,0.3,0.54
2024-04-29,000935,14.8,15.18,15.28,14.75,58481,90381659.07,3.59,2.71,0.4,0.77
2024-04-30,000935,14.72,14.48,14.72,14.02,81862,120620835.78,4.61,-4.61,-0.7,1.07
2024-05-06,000935,14.49,14.74,14.9,14.49,58761,88740710.72,2.83,1.8,0.26,0.77
2024-05-07,000935,14.68,14.58,14.8,14.49,37030,55378352.17,2.1,-1.09,-0.16,0.49
2024-05-08,000935,14.51,14.18,14.51,14.12,38192,55877824.17,2.67,-2.74,-0.4,0.5
2024-05-09,000935,14.16,14.48,14.55,13.95,32857,48502567.86,4.23,2.12,0.3,0.43
2024-05-10,000935,14.54,14.41,14.58,14.25,22299,32852069.31,2.28,-0.48,-0.07,0.29
2024-05-13,000935,14.36,14.15,14.36,14.07,20250,29438003.0,2.01,-1.8,-0.26,0.27
2024-05-14,000935,14.32,14.13,14.32,14.12,22492,32635695.28,1.41,-0.14,-0.02,0.29
2024-05-15,000935,14.14,13.96,14.15,13.88,19946,28626385.36,1.91,-1.2,-0.17,0.26
2024-05-16,000935,13.96,14.34,14.53,13.95,39547,57887499.06,4.15,2.72,0.38,0.52
2024-05-17,000935,14.33,14.78,14.8,14.21,50382,74816932.0,4.11,3.07,0.44,0.66
2024-05-20,000935,14.91,14.47,14.91,14.43,54048,80737658.54,3.25,-2.1,-0.31,0.71
2024-05-21,000935,14.45,14.22,14.58,14.17,29190,42844826.0,2.83,-1.73,-0.25,0.38
2024-05-22,000935,14.27,14.5,14.56,14.22,28447,42001632.39,2.39,1.97,0.28,0.37
2024-05-23,000935,14.52,14.04,14.52,14.03,30232,43897199.03,3.38,-3.17,-0.46,0.4
2024-05-24,000935,13.99,13.86,14.14,13.81,25302,36202004.86,2.35,-1.28,-0.18,0.33
2024-05-27,000935,13.84,13.64,13.94,13.46,28138,39159746.0,3.46,-1.59,-0.22,0.37
2024-05-28,000935,13.66,13.41,13.67,13.32,26275,36230661.88,2.57,-1.69,-0.23,0.34
2024-05-29,000935,13.49,13.43,13.74,13.39,19004,26398016.0,2.61,0.15,0.02,0.25
2024-05-30,000935,13.46,13.38,13.56,13.29,17102,23518668.88,2.01,-0.37,-0.05,0.22
2024-05-31,000935,13.43,13.53,13.56,13.38,12726,17582150.47,1.35,1.12,0.15,0.17
2024-06-03,000935,13.54,13.38,13.71,13.24,28476,39388814.49,3.47,-1.11,-0.15,0.37
2024-06-04,000935,13.38,13.51,13.53,13.17,21813,29908175.36,2.69,0.97,0.13,0.29
2024-06-05,000935,13.51,13.42,13.58,13.39,17232,23823233.0,1.41,-0.67,-0.09,0.23
2024-06-06,000935,13.56,12.98,13.56,12.75,54307,70673500.1,6.04,-3.28,-0.44,0.71
2024-06-07,000935,13.11,13.14,13.28,13.02,28243,37117744.98,2.0,1.23,0.16,0.37
2024-06-11,000935,13.14,13.15,13.22,12.85,20591,26902809.72,2.82,0.08,0.01,0.27
2024-06-12,000935,13.25,12.95,13.27,12.93,23174,30311160.5,2.59,-1.52,-0.2,0.3
2024-06-13,000935,12.97,12.76,12.99,12.58,30662,39134618.4,3.17,-1.47,-0.19,0.4
2024-06-14,000935,12.76,12.86,12.94,12.64,30136,38581541.0,2.35,0.78,0.1,0.39
2024-06-17,000935,12.84,12.73,12.85,12.7,17702,22577158.0,1.17,-1.01,-0.13,0.23
2024-06-18,000935,12.74,12.76,12.88,12.73,13537,17325243.0,1.18,0.24,0.03,0.18
2024-06-19,000935,12.84,12.55,12.85,12.55,18002,22768836.59,2.35,-1.65,-0.21,0.24
2024-06-20,000935,12.99,12.62,13.36,12.55,74704,96651879.06,6.45,0.56,0.07,0.98
2024-06-21,000935,12.19,12.5,12.66,12.15,46520,58140360.0,4.04,-0.95,-0.12,0.61
2024-06-24,000935,12.49,12.15,12.49,11.92,63280,76577002.26,4.56,-2.8,-0.35,0.83
2024-06-25,000935,12.08,12.16,12.23,11.94,28161,34097686.24,2.39,0.08,0.01,0.37
2024-06-26,000935,12.0,12.24,12.25,11.94,23806,28875272.0,2.55,0.66,0.08,0.31
2024-06-27,000935,12.21,12.02,12.3,11.98,22657,27366016.78,2.61,-1.8,-0.22,0.3
2024-06-28,000935,12.0,12.01,12.33,11.98,27372,33262680.37,2.91,-0.08,-0.01,0.36
2024-07-01,000935,11.97,12.18,12.22,11.92,22292,26950219.04,2.5,1.42,0.17,0.29
2024-07-02,000935,12.12,12.27,12.31,12.12,18686,22886415.0,1.56,0.74,0.09,0.24
2024-07-03,000935,12.27,12.3,12.41,12.19,15347,18874741.1,1.79,0.24,0.03,0.2
2024-07-04,000935,12.28,11.98,12.31,11.94,22050,26583100.48,3.01,-2.6,-0.32,0.29
2024-07-05,000935,11.94,12.1,12.16,11.91,13246,15990060.31,2.09,1.0,0.12,0.17
2024-07-08,000935,12.01,11.67,12.07,11.6,26263,30913380.73,3.88,-3.55,-0.43,0.34
2024-07-09,000935,11.67,11.7,11.78,11.31,35752,41342892.0,4.03,0.26,0.03,0.47
2024-07-10,000935,11.58,11.77,11.92,11.58,20413,24043613.76,2.91,0.6,0.07,0.27
2024-07-11,000935,11.97,12.18,12.2,11.86,23342,28207576.32,2.89,3.48,0.41,0.31
2024-07-12,000935,12.22,12.25,12.34,12.15,14895,18279931.0,1.56,0.57,0.07,0.2
2024-07-15,000935,12.23,12.11,12.27,12.08,14018,17047181.98,1.55,-1.14,-0.14,0.18
2024-07-16,000935,12.02,11.98,12.11,11.89,15565,18644021.58,1.82,-1.07,-0.13,0.2
2024-07-17,000935,12.0,12.01,12.07,11.94,12260,14721851.87,1.09,0.25,0.03,0.16
2024-07-18,000935,12.0,11.81,12.0,11.74,16414,19466671.0,2.16,-1.67,-0.2,0.22
2024-07-19,000935,11.76,11.84,11.9,11.69,15918,18774533.0,1.78,0.25,0.03,0.21
2024-07-22,000935,11.85,11.79,11.95,11.73,10665,12608698.0,1.86,-0.42,-0.05,0.14
2024-07-23,000935,11.85,11.52,11.85,11.5,14277,16708368.0,2.97,-2.29,-0.27,0.19
2024-07-24,000935,11.54,11.21,11.56,11.13,34474,38872766.88,3.73,-2.69,-0.31,0.45
2024-07-25,000935,11.22,11.41,11.53,11.16,22971,26200390.28,3.3,1.78,0.2,0.3
2024-07-26,000935,11.86,11.39,11.86,11.34,25455,29120391.0,4.56,-0.18,-0.02,0.33
2024-07-29,000935,11.4,11.42,11.53,11.25,16486,18811269.78,2.46,0.26,0.03,0.22
2024-07-30,000935,11.42,11.65,11.69,11.33,20673,23823077.65,3.15,2.01,0.23,0.27
2024-07-31,000935,11.65,12.25,12.42,11.65,49725,60386321.94,6.61,5.15,0.6,0.65
2024-08-01,000935,12.26,11.99,12.35,11.95,30605,37034772.55,3.27,-2.12,-0.26,0.4
2024-08-02,000935,12.06,11.86,12.08,11.82,23158,27684563.0,2.17,-1.08,-0.13,0.3
2024-08-05,000935,11.86,11.71,12.12,11.66,26337,31357045.41,3.88,-1.26,-0.15,0.34
2024-08-06,000935,11.81,11.86,11.96,11.75,18821,22303918.7,1.79,1.28,0.15,0.25
2024-08-07,000935,11.86,11.7,11.91,11.69,15544,18273662.46,1.85,-1.35,-0.16,0.2
2024-08-08,000935,11.7,11.8,11.85,11.64,21587,25391959.79,1.79,0.85,0.1,0.28
2024-08-09,000935,11.89,11.7,11.96,11.68,18712,22156750.05,2.37,-0.85,-0.1,0.25
2024-08-12,000935,11.82,11.49,11.82,11.42,19267,22260867.37,3.42,-1.79,-0.21,0.25
2024-08-13,000935,11.44,11.48,11.57,11.35,13893,15855581.0,1.91,-0.09,-0.01,0.18
2024-08-14,000935,11.45,11.48,11.85,11.44,39359,45613164.67,3.57,0.0,0.0,0.52
2024-08-15,000935,11.4,11.46,11.64,11.26,30901,35393458.7,3.31,-0.17,-0.02,0.4
2024-08-16,000935,11.48,11.18,11.49,11.16,30596,34505357.0,2.88,-2.44,-0.28,0.4
2024-08-19,000935,11.12,11.0,11.28,10.98,28216,31280054.0,2.68,-1.61,-0.18,0.37
2024-08-20,000935,11.03,10.8,11.05,10.65,33806,36517658.7,3.64,-1.82,-0.2,0.44
2024-08-21,000935,10.78,10.74,10.83,10.68,18286,19638667.0,1.39,-0.56,-0.06,0.24
2024-08-22,000935,10.71,10.43,10.8,10.34,43165,45157288.27,4.28,-2.89,-0.31,0.57
2024-08-23,000935,10.42,10.6,10.68,10.35,34119,35909647.81,3.16,1.63,0.17,0.45
2024-08-26,000935,10.61,10.77,10.97,10.61,37436,40500290.04,3.4,1.6,0.17,0.49
2024-08-27,000935,10.77,10.59,10.78,10.47,28557,30249192.26,2.88,-1.67,-0.18,0.37
2024-08-28,000935,10.61,10.43,10.64,10.4,22716,23831357.34,2.27,-1.51,-0.16,0.3
2024-08-29,000935,10.43,10.53,10.59,10.35,21554,22597963.0,2.3,0.96,0.1,0.28
2024-08-30,000935,10.48,10.75,10.95,10.43,38176,41087977.0,4.94,2.09,0.22,0.5
2024-09-02,000935,10.7,10.25,10.79,10.25,49629,51449232.21,5.02,-4.65,-0.5,0.65
2024-09-03,000935,10.27,10.38,10.48,10.19,25822,26745961.53,2.83,1.27,0.13,0.34
2024-09-04,000935,10.38,10.29,10.49,10.25,21301,22029838.34,2.31,-0.87,-0.09,0.28
2024-09-05,000935,10.29,10.45,10.52,10.29,19857,20712396.99,2.24,1.55,0.16,0.26
2024-09-06,000935,10.47,10.26,10.49,10.25,21891,22625159.48,2.3,-1.82,-0.19,0.29
2024-09-09,000935,10.25,10.2,10.35,10.13,20230,20698296.0,2.14,-0.58,-0.06,0.26
2024-09-10,000935,10.34,10.25,10.35,10.09,24316,24770973.0,2.55,0.49,0.05,0.32
2024-09-11,000935,10.2,10.29,10.36,10.16,19264,19817986.5,1.95,0.39,0.04,0.25
2024-09-12,000935,10.25,10.3,10.47,10.24,17446,18093241.0,2.24,0.1,0.01,0.23
2024-09-13,000935,10.35,10.39,10.58,10.3,31278,32657596.96,2.72,0.87,0.09,0.41
2024-09-18,000935,10.43,10.55,10.56,10.21,25888,26916706.49,3.37,1.54,0.16,0.34
2024-09-19,000935,10.66,11.11,11.3,10.66,79670,88000911.56,6.07,5.31,0.56,1.04
2024-09-20,000935,11.05,11.0,11.1,10.92,44300,48671621.56,1.62,-0.99,-0.11,0.58
2024-09-23,000935,11.06,11.02,11.1,10.94,26405,29062515.36,1.45,0.18,0.02,0.35
2024-09-24,000935,11.11,11.75,11.75,11.11,64013,73433064.32,5.81,6.62,0.73,0.84
2024-09-25,000935,12.2,11.81,12.4,11.8,82359,99482960.04,5.11,0.51,0.06,1.08
2024-09-26,000935,11.72,12.25,12.25,11.7,63373,76280016.11,4.66,3.73,0.44,0.83
2024-09-27,000935,12.39,12.61,12.73,12.37,88449,110725344.87,2.94,2.94,0.36,1.16
2024-09-30,000935,13.2,13.79,13.86,13.2,160835,218686944.63,5.23,9.36,1.18,2.11
2024-10-08,000935,15.17,14.86,15.17,13.91,174424,256915094.79,9.14,7.76,1.07,2.28
2024-10-09,000935,14.5,14.26,14.54,13.66,136882,194084005.8,5.92,-4.04,-0.6,1.79
2024-10-10,000935,14.39,14.2,14.64,13.93,93980,134201808.64,4.98,-0.42,-0.06,1.23
2024-10-11,000935,14.21,13.8,14.21,13.67,64192,89400365.84,3.8,-2.82,-0.4,0.84
2024-10-14,000935,14.5,15.18,15.18,14.38,150524,223165342.6,5.8,10.0,1.38,1.97
2024-10-15,000935,15.5,15.81,16.4,15.38,300225,480981648.49,6.72,4.15,0.63,3.93
2024-10-16,000935,15.51,17.39,17.39,15.51,248537,424139559.54,11.89,9.99,1.58,3.26
2024-10-17,000935,19.13,18.52,19.13,18.08,591600,1110370546.08,6.04,6.5,1.13,7.75
2024-10-18,000935,17.0,17.8,18.22,17.0,437138,775666904.17,6.59,-3.89,-0.72,5.73
2024-10-21,000935,17.4,17.07,18.03,17.03,316642,545954482.69,5.62,-4.1,-0.73,4.15
2024-10-22,000935,18.78,18.78,18.78,18.78,87771,164833318.26,0.0,10.02,1.71,1.15
2024-10-23,000935,20.66,18.4,20.66,18.25,498595,973355763.98,12.83,-2.02,-0.38,6.53
2024-10-24,000935,18.3,17.2,18.36,17.1,265904,461490418.26,6.85,-6.52,-1.2,3.48
2024-10-25,000935,17.19,18.16,18.64,17.11,295694,537527130.81,8.9,5.58,0.96,3.87
2024-10-28,000935,18.45,19.98,19.98,18.28,381714,732570899.38,9.36,10.02,1.82,5.0
2024-10-29,000935,20.0,18.97,20.28,18.96,383242,747717738.66,6.61,-5.06,-1.01,5.02
2024-10-30,000935,18.55,18.28,18.78,18.08,208201,381338165.01,3.69,-3.64,-0.69,2.73
2024-10-31,000935,18.3,18.49,18.81,18.0,228649,423692550.24,4.43,1.15,0.21,2.99
2024-11-01,000935,18.15,17.19,18.16,17.02,223709,390695154.34,6.17,-7.03,-1.3,2.93
2024-11-04,000935,17.11,17.09,17.27,16.84,103674,176388921.17,2.5,-0.58,-0.1,1.36
2024-11-05,000935,17.09,17.38,17.51,16.92,128534,222088181.86,3.45,1.7,0.29,1.68
2024-11-06,000935,18.0,17.24,18.0,17.13,129730,225482584.31,5.01,-0.81,-0.14,1.7
2024-11-07,000935,17.1,17.48,17.61,16.95,116132,201846690.71,3.83,1.39,0.24,1.52
2024-11-08,000935,17.54,17.17,17.61,17.12,119627,207416882.6,2.8,-1.77,-0.31,1.57
2024-11-11,000935,17.13,17.37,17.37,16.95,93788,161561440.78,2.45,1.16,0.2,1.23
2024-11-12,000935,17.38,17.12,17.44,16.94,89713,154364639.36,2.88,-1.44,-0.25,1.18
2024-11-13,000935,16.88,17.13,17.28,16.85,61056,104219946.25,2.51,0.06,0.01,0.8
2024-11-14,000935,17.1,16.72,17.18,16.62,63735,107666896.92,3.27,-2.39,-0.41,0.83
2024-11-15,000935,16.73,16.22,17.04,16.2,85016,141490819.79,5.02,-2.99,-0.5,1.11
2024-11-18,000935,16.24,15.9,16.44,15.82,74689,120205085.61,3.82,-1.97,-0.32,0.98
2024-11-19,000935,15.95,16.21,16.21,15.82,58790,94354250.88,2.45,1.95,0.31,0.77
2024-11-20,000935,16.2,16.29,16.41,16.05,49581,80562499.4,2.22,0.49,0.08,0.65
2024-11-21,000935,16.29,16.13,16.29,15.98,51352,82865458.52,1.9,-0.98,-0.16,0.67
2024-11-22,000935,16.16,15.56,16.25,15.5,55871,88685990.38,4.65,-3.53,-0.57,0.73
2024-11-25,000935,15.55,15.67,15.7,15.36,49158,76412863.62,2.19,0.71,0.11,0.64
2024-11-26,000935,15.67,15.52,15.8,15.51,29982,46856029.5,1.85,-0.96,-0.15,0.39
2024-11-27,000935,15.79,15.74,15.79,15.26,52571,81543032.18,3.41,1.42,0.22,0.69
2024-11-28,000935,15.76,15.68,15.88,15.66,46807,73758486.29,1.4,-0.38,-0.06,0.61
2024-11-29,000935,15.69,15.88,15.96,15.58,44867,70888409.48,2.42,1.28,0.2,0.59
2024-12-02,000935,15.76,16.34,16.41,15.76,72874,118197106.24,4.09,2.9,0.46,0.95
2024-12-03,000935,16.48,17.15,17.64,16.47,173204,296105585.75,7.16,4.96,0.81,2.27
2024-12-04,000935,16.95,16.58,16.99,16.26,106536,176128451.16,4.26,-3.32,-0.57,1.4
2024-12-05,000935,16.48,16.58,16.75,16.23,58584,96670387.61,3.14,0.0,0.0,0.77
2024-12-06,000935,16.61,16.59,16.91,16.5,62380,104227761.26,2.47,0.06,0.01,0.82
2024-12-09,000935,16.8,16.49,16.83,16.35,48085,79532708.42,2.89,-0.6,-0.1,0.63
2024-12-10,000935,17.01,16.5,17.22,16.5,71549,119729967.82,4.37,0.06,0.01,0.94
2024-12-11,000935,16.49,16.5,16.65,16.41,38159,63095937.45,1.45,0.0,0.0,0.5
2024-12-12,000935,16.6,16.6,16.72,16.44,50927,84416920.06,1.7,0.61,0.1,0.67
2024-12-13,000935,16.39,15.9,16.5,15.9,77478,124563172.66,3.61,-4.22,-0.7,1.01
2024-12-16,000935,15.74,15.6,15.89,15.51,50723,79253723.35,2.39,-1.89,-0.3,0.66
2024-12-17,000935,15.5,15.44,15.63,15.36,36986,57256285.38,1.73,-1.03,-0.16,0.48
2024-12-18,000935,15.46,15.4,15.87,15.36,53228,82688798.02,3.3,-0.26,-0.04,0.7
2024-12-19,000935,15.2,15.33,15.43,15.08,50447,76941861.96,2.27,-0.45,-0.07,0.66
2024-12-20,000935,15.34,15.31,15.49,15.24,31997,48998200.56,1.63,-0.13,-0.02,0.42
2024-12-23,000935,15.31,14.94,15.35,14.94,41930,63194163.82,2.68,-2.42,-0.37,0.55
2024-12-24,000935,14.91,15.11,15.15,14.91,29942,45072877.02,1.61,1.14,0.17,0.39
2024-12-25,000935,15.11,14.95,15.16,14.8,26243,39129771.0,2.38,-1.06,-0.16,0.34
2024-12-26,000935,14.95,14.85,15.07,14.84,19888,29709268.92,1.54,-0.67,-0.1,0.26
2024-12-27,000935,14.85,14.91,15.1,14.7,27867,41586481.0,2.69,0.4,0.06,0.37
2024-12-30,000935,14.98,14.88,15.01,14.76,27253,40528800.34,1.68,-0.2,-0.03,0.36
2024-12-31,000935,14.8,14.48,15.0,14.45,34712,50887119.3,3.7,-2.69,-0.4,0.45
2025-01-02,000935,14.47,13.99,14.55,13.87,37592,53508048.0,4.7,-3.38,-0.49,0.49
2025-01-03,000935,14.04,13.55,14.1,13.47,40713,56152285.0,4.5,-3.15,-0.44,0.53
2025-01-06,000935,13.56,13.73,13.82,13.41,44959,61436648.0,3.03,1.33,0.18,0.59
2025-01-07,000935,13.73,13.83,13.9,13.52,30113,41298400.2,2.77,0.73,0.1,0.39
2025-01-08,000935,13.88,14.4,15.15,13.8,131546,190280701.64,9.76,4.12,0.57,1.72
2025-01-09,000935,14.21,14.41,14.88,14.02,86105,125279229.06,5.97,0.07,0.01,1.13
2025-01-10,000935,14.34,13.89,14.48,13.89,45742,64837139.32,4.09,-3.61,-0.52,0.6
2025-01-13,000935,13.75,13.88,13.94,13.55,29556,40749077.68,2.81,-0.07,-0.01,0.39
2025-01-14,000935,13.85,14.4,14.46,13.85,56155,79696024.59,4.39,3.75,0.52,0.74
2025-01-15,000935,14.33,14.3,14.42,14.2,29335,41992864.0,1.53,-0.69,-0.1,0.38
2025-01-16,000935,14.29,14.27,14.64,14.23,39243,56597602.0,2.87,-0.21,-0.03,0.51
2025-01-17,000935,14.2,14.3,14.42,14.11,38576,55102323.0,2.17,0.21,0.03,0.51
2025-01-20,000935,14.51,14.6,14.86,14.44,74262,108460704.0,2.94,2.1,0.3,0.97
2025-01-21,000935,15.18,14.31,15.18,14.26,55450,80080683.76,6.3,-1.99,-0.29,0.73
2025-01-22,000935,14.21,14.13,14.35,14.1,36862,52354099.66,1.75,-1.26,-0.18,0.48
2025-01-23,000935,14.29,13.82,14.32,13.81,78748,110725200.1,3.61,-2.19,-0.31,1.03
2025-01-24,000935,13.73,13.88,13.93,13.63,35888,49560030.56,2.17,0.43,0.06,0.47
2025-01-27,000935,13.9,13.71,14.37,13.71,44954,63160985.0,4.76,-1.22,-0.17,0.59
2025-02-05,000935,14.26,13.7,14.26,13.6,48620,66880184.0,4.81,-0.07,-0.01,0.64
2025-02-06,000935,13.7,13.7,13.74,13.45,57819,78759436.6,2.12,0.0,0.0,0.76
2025-02-07,000935,13.7,14.13,14.28,13.61,86345,121301197.1,4.89,3.14,0.43,1.13
2025-02-10,000935,14.15,14.55,14.76,14.15,79546,115038607.11,4.32,2.97,0.42,1.04
2025-02-11,000935,14.54,14.38,14.54,14.25,42494,60944583.62,1.99,-1.17,-0.17,0.56
2025-02-12,000935,14.05,14.09,14.24,13.94,61485,86545154.58,2.09,-2.02,-0.29,0.81
2025-02-13,000935,14.08,14.14,14.24,14.03,45952,65056416.01,1.49,0.35,0.05,0.6
2025-02-14,000935,14.08,14.13,14.21,14.0,41621,58594269.9,1.49,-0.07,-0.01,0.55
2025-02-17,000935,14.19,14.46,14.8,14.13,98823,143853364.83,4.74,2.34,0.33,1.29
2025-02-18,000935,14.49,14.87,15.55,14.46,165947,249995103.51,7.54,2.84,0.41,2.17
2025-02-19,000935,14.8,14.93,15.05,14.58,94800,140518019.99,3.16,0.4,0.06,1.24
2025-02-20,000935,14.86,15.21,15.49,14.77,114892,174008120.38,4.82,1.88,0.28,1.5
2025-02-21,000935,15.16,15.2,15.47,14.88,111746,169154902.33,3.88,-0.07,-0.01,1.46
2025-02-24,000935,15.25,14.96,15.35,14.92,68077,102530814.4,2.83,-1.58,-0.24,0.89
2025-02-25,000935,14.7,14.82,14.88,14.7,40081,59286672.89,1.2,-0.94,-0.14,0.53
2025-02-26,000935,14.83,14.94,15.06,14.76,34112,50992968.39,2.02,0.81,0.12,0.45
2025-02-27,000935,15.8,15.4,16.32,15.2,160813,252598075.65,7.5,3.08,0.46,2.11
2025-02-28,000935,15.4,15.67,15.89,15.08,126481,196423852.64,5.26,1.75,0.27,1.66
2025-03-03,000935,15.75,16.65,16.88,15.6,200398,324521317.13,8.17,6.25,0.98,2.62
2025-03-04,000935,16.4,16.5,16.65,16.27,99639,163856792.13,2.28,-0.9,-0.15,1.31
2025-03-05,000935,16.51,16.12,16.6,15.87,96180,154782500.33,4.42,-2.3,-0.38,1.26
2025-03-06,000935,16.21,17.73,17.73,16.2,299115,513268011.43,9.49,9.99,1.61,3.92
2025-03-07,000935,17.66,17.48,17.79,17.23,195180,342344152.96,3.16,-1.41,-0.25,2.56
2025-03-10,000935,17.45,16.98,17.5,16.72,112642,191492107.8,4.46,-2.86,-0.5,1.48
2025-03-11,000935,16.87,16.82,16.92,16.47,96524,160877040.37,2.65,-0.94,-0.16,1.26
2025-03-12,000935,16.99,17.05,17.31,16.61,116906,198623777.26,4.16,1.37,0.23,1.53
2025-03-13,000935,16.88,15.94,16.98,15.91,127535,207775667.91,6.28,-6.51,-1.11,1.67
2025-03-14,000935,16.02,16.34,16.55,15.8,93307,151472047.4,4.71,2.51,0.4,1.22
2025-03-17,000935,16.41,16.94,17.34,16.36,105019,177947627.32,6.0,3.67,0.6,1.38
2025-03-18,000935,16.94,16.86,16.95,16.53,66195,110865024.23,2.48,-0.47,-0.08,0.87
2025-03-19,000935,16.75,17.07,17.28,16.57,84507,143554877.89,4.21,1.25,0.21,1.11
2025-03-20,000935,16.94,17.15,17.59,16.93,90628,156423820.74,3.87,0.47,0.08,1.19
2025-03-21,000935,17.3,17.18,17.3,16.82,90101,154099015.45,2.8,0.17,0.03,1.18
2025-03-24,000935,17.06,16.15,17.21,15.84,109435,177958273.54,7.97,-6.0,-1.03,1.43
2025-03-25,000935,16.15,16.2,16.36,15.96,39064,63120454.21,2.48,0.31,0.05,0.51
2025-03-26,000935,16.14,16.04,16.19,15.97,35892,57671515.0,1.36,-0.99,-0.16,0.47
2025-03-27,000935,16.04,16.11,16.26,15.83,46533,74913793.06,2.68,0.44,0.07,0.61
2025-03-28,000935,16.1,16.1,16.21,16.0,31790,51277476.48,1.3,-0.06,-0.01,0.42
2025-03-31,000935,16.1,15.92,16.1,15.55,55435,87387507.7,3.42,-1.12,-0.18,0.73
2025-04-01,000935,15.91,15.98,16.25,15.87,35006,56043827.43,2.39,0.38,0.06,0.46
2025-04-02,000935,15.95,16.02,16.15,15.88,23338,37410770.78,1.69,0.25,0.04,0.31
2025-04-03,000935,16.09,16.05,16.24,15.95,29490,47426979.3,1.81,0.19,0.03,0.39
2025-04-07,000935,15.5,14.45,15.54,14.45,69007,101848480.26,6.79,-9.97,-1.6,0.9
2025-04-08,000935,14.45,14.6,14.84,14.27,60834,88488714.06,3.94,1.04,0.15,0.8
2025-04-09,000935,14.33,14.82,14.86,13.83,59430,85837180.12,7.05,1.51,0.22,0.78
2025-04-10,000935,15.41,15.31,15.47,15.0,53142,81332446.9,3.17,3.31,0.49,0.7
2025-04-11,000935,15.24,15.23,15.43,15.15,30360,46505000.99,1.83,-0.52,-0.08,0.4
2025-04-14,000935,15.58,15.74,15.8,15.33,44289,68803879.5,3.09,3.35,0.51,0.58
2025-04-15,000935,16.16,16.69,16.98,16.03,200013,330994995.13,6.04,6.04,0.95,2.62
2025-04-16,000935,16.69,15.97,16.69,15.82,106104,170244600.79,5.21,-4.31,-0.72,1.39
2025-04-17,000935,15.95,15.91,16.12,15.57,67417,107346643.42,3.44,-0.38,-0.06,0.88
2025-04-18,000935,15.87,15.9,16.12,15.8,65897,105141335.85,2.01,-0.06,-0.01,0.86
2025-04-21,000935,15.88,15.99,16.05,15.62,44478,70886217.0,2.7,0.57,0.09,0.58
2025-04-22,000935,15.95,15.94,16.18,15.84,47708,76449284.38,2.13,-0.31,-0.05,0.62
2025-04-23,000935,15.95,15.91,16.07,15.81,42089,67039113.27,1.63,-0.19,-0.03,0.55
2025-04-24,000935,15.98,15.71,16.0,15.71,36979,58482402.36,1.82,-1.26,-0.2,0.48
2025-04-25,000935,15.73,15.86,16.05,15.71,36253,57715200.7,2.16,0.95,0.15,0.47
2025-04-28,000935,15.82,15.93,16.1,15.72,42228,67234188.68,2.4,0.44,0.07,0.55
2025-04-29,000935,15.98,15.73,16.08,15.68,53931,85532377.48,2.51,-1.26,-0.2,0.71
2025-04-30,000935,15.9,15.7,16.0,15.64,52061,82368387.55,2.29,-0.19,-0.03,0.68
2025-05-06,000935,15.68,16.05,16.07,15.68,67230,106747225.56,2.48,2.23,0.35,0.88
2025-05-07,000935,16.26,16.14,16.4,15.98,64676,104689116.32,2.62,0.56,0.09,0.85
2025-05-08,000935,16.04,16.17,16.24,15.98,41967,67836006.28,1.61,0.19,0.03,0.55
2025-05-09,000935,16.2,15.92,16.2,15.83,37676,60103825.36,2.29,-1.55,-0.25,0.49
2025-05-12,000935,15.94,16.29,16.8,15.91,102114,166070669.0,5.59,2.32,0.37,1.34
2025-05-13,000935,16.28,16.59,16.83,16.25,146322,242418650.74,3.56,1.84,0.3,1.92
2025-05-14,000935,16.41,16.41,16.58,16.12,85170,138851806.03,2.77,-1.08,-0.18,1.12
2025-05-15,000935,16.29,16.06,16.39,16.06,48381,78172201.88,2.01,-2.13,-0.35,0.63
2025-05-16,000935,16.07,15.91,16.15,15.91,48090,77045622.0,1.49,-0.93,-0.15,0.63
2025-05-19,000935,16.88,17.5,17.5,16.88,307666,529397900.96,3.9,9.99,1.59,4.03
2025-05-20,000935,18.54,17.38,18.98,17.38,405802,731816771.49,9.14,-0.69,-0.12,5.32
2025-05-21,000935,17.22,17.13,17.45,16.98,193542,332264274.87,2.7,-1.44,-0.25,2.54
2025-05-22,000935,17.14,17.15,17.26,17.04,103896,178062390.46,1.28,0.12,0.02,1.36
2025-05-23,000935,17.03,16.51,17.13,16.46,115284,192433597.72,3.91,-3.73,-0.64,1.51
2025-05-26,000935,16.56,16.46,16.65,16.39,53002,87482913.59,1.57,-0.3,-0.05,0.69
2025-05-27,000935,16.5,16.82,16.91,16.26,90865,150814312.56,3.95,2.19,0.36,1.19
2025-05-28,000935,16.77,16.52,16.93,16.5,58008,96860251.72,2.56,-1.78,-0.3,0.76
2025-05-29,000935,16.43,17.05,17.09,16.4,104239,176051930.68,4.18,3.21,0.53,1.37
2025-05-30,000935,16.98,16.88,17.22,16.76,79837,135390710.0,2.7,-1.0,-0.17,1.05
2025-06-03,000935,17.18,17.76,17.98,17.01,163262,287307794.23,5.75,5.21,0.88,2.14
2025-06-04,000935,17.56,17.88,18.0,17.56,126036,224503324.6,2.48,0.68,0.12,1.65
2025-06-05,000935,17.8,17.69,17.85,17.52,70765,125128825.95,1.85,-1.06,-0.19,0.93
2025-06-06,000935,17.94,17.72,17.99,17.52,89817,159290581.86,2.66,0.17,0.03,1.18
2025-06-09,000935,17.8,17.96,18.19,17.7,94724,170204880.0,2.77,1.35,0.24,1.24
2025-06-10,000935,17.97,17.56,17.97,17.41,93286,164795002.87,3.12,-2.23,-0.4,1.22
2025-06-11,000935,17.51,17.83,17.85,17.46,63355,112018084.66,2.22,1.54,0.27,0.83
2025-06-12,000935,17.83,17.94,18.0,17.68,62155,111215400.83,1.79,0.62,0.11,0.81
2025-06-13,000935,17.88,17.94,18.23,17.8,107853,193825782.72,2.4,0.0,0.0,1.41
2025-06-16,000935,17.8,18.06,18.38,17.79,105921,192646950.03,3.29,0.67,0.12,1.39
2025-06-17,000935,18.13,18.18,18.74,18.07,122590,225429082.19,3.71,0.66,0.12,1.61
2025-06-18,000935,18.0,17.82,18.2,17.68,100648,179663896.0,2.86,-1.98,-0.36,1.32
2025-06-19,000935,17.77,17.43,17.79,17.36,71755,125942808.42,2.41,-2.19,-0.39,0.94
2025-06-20,000935,17.26,17.1,17.6,17.08,52526,90793608.0,2.98,-1.89,-0.33,0.69
2025-06-23,000935,17.0,17.24,17.27,16.97,41062,70437019.44,1.75,0.82,0.14,0.54
2025-06-24,000935,17.24,17.51,17.58,17.24,47875,83678301.48,1.97,1.57,0.27,0.63
2025-06-25,000935,17.47,18.06,18.09,17.45,98890,177009942.8,3.66,3.14,0.55,1.3
2025-06-26,000935,18.06,17.93,18.18,17.86,70829,127552732.32,1.77,-0.72,-0.13,0.93
2025-06-27,000935,17.88,18.35,18.61,17.88,120830,220144517.16,4.07,2.34,0.42,1.58
2025-06-30,000935,18.19,18.22,18.37,17.8,93310,168854663.4,3.11,-0.71,-0.13,1.22
2025-07-01,000935,18.16,18.05,18.32,17.86,64863,116804129.93,2.52,-0.93,-0.17,0.85
2025-07-02,000935,18.0,18.21,18.5,17.85,99346,181659978.59,3.6,0.89,0.16,1.3
2025-07-03,000935,18.25,18.3,18.46,18.2,81541,149552109.67,1.43,0.49,0.09,1.07
2025-07-04,000935,18.29,18.62,18.98,18.1,173901,324698742.93,4.81,1.75,0.32,2.28
2025-07-07,000935,18.6,18.61,18.85,18.4,82598,153881725.9,2.42,-0.05,-0.01,1.08
2025-07-08,000935,18.66,18.44,18.71,18.39,77684,143674857.0,1.72,-0.91,-0.17,1.02
2025-07-09,000935,18.48,18.53,19.16,18.4,103136,192775085.16,4.12,0.49,0.09,1.35
2025-07-10,000935,18.41,20.38,20.38,18.41,382087,755985525.74,10.63,9.98,1.85,5.0
2025-07-11,000935,20.08,20.14,20.67,19.99,347594,701364206.18,3.34,-1.18,-0.24,4.55
2025-07-14,000935,19.56,19.05,19.97,19.0,209739,401955807.66,4.82,-5.41,-1.09,2.75
2025-07-15,000935,19.19,18.95,19.2,18.7,125513,237703836.2,2.62,-0.52,-0.1,1.64
2025-07-16,000935,18.84,18.61,18.87,18.5,121483,226343215.67,1.95,-1.79,-0.34,1.59
2025-07-17,000935,18.6,18.62,18.7,18.48,120729,224222089.69,1.18,0.05,0.01,1.58
2025-07-18,000935,18.75,18.53,18.75,18.5,94720,176114867.63,1.34,-0.48,-0.09,1.24
2025-07-21,000935,19.6,20.38,20.38,19.55,314795,630990684.03,4.48,9.98,1.85,4.12
2025-07-22,000935,20.8,22.1,22.37,20.8,678089,1476389597.89,7.7,8.44,1.72,8.88
2025-07-23,000935,21.55,20.76,21.75,20.64,464048,976429458.38,5.02,-6.06,-1.34,6.08
2025-07-24,000935,20.45,20.52,20.95,20.25,227896,468446644.29,3.37,-1.16,-0.24,2.99
2025-07-25,000935,20.47,19.8,20.5,19.79,182132,364270852.66,3.46,-3.51,-0.72,2.39
2025-07-28,000935,19.8,19.75,19.97,19.49,139675,276480795.44,2.42,-0.25,-0.05,1.83
2025-07-29,000935,19.69,19.8,19.87,19.6,151583,299258246.15,1.37,0.25,0.05,1.99
2025-07-30,000935,19.74,19.44,19.74,19.2,136802,266334630.85,2.73,-1.82,-0.36,1.79
2025-07-31,000935,19.31,19.55,19.88,19.31,143180,281352926.04,2.93,0.57,0.11,1.88
2025-08-01,000935,19.43,19.35,19.67,19.12,102629,199214234.7,2.81,-1.02,-0.2,1.34
2025-08-04,000935,19.2,19.33,19.45,19.08,82092,158438671.74,1.91,-0.1,-0.02,1.08
2025-08-05,000935,19.48,19.92,19.97,19.38,186906,370089150.11,3.05,3.05,0.59,2.45
2025-08-06,000935,19.94,19.82,20.29,19.58,158323,313037410.87,3.56,-0.5,-0.1,2.07
2025-08-07,000935,19.96,19.76,20.03,19.7,144766,287415250.34,1.66,-0.3,-0.06,1.9
2025-08-08,000935,19.8,19.41,19.84,19.4,111527,217793237.43,2.23,-1.77,-0.35,1.46
2025-08-11,000935,19.36,19.95,20.18,19.3,158405,313854186.34,4.53,2.78,0.54,2.07
2025-08-12,000935,19.83,19.59,19.92,19.5,109418,214893699.04,2.11,-1.8,-0.36,1.43
2025-08-13,000935,19.6,19.55,19.7,19.42,113650,222447024.43,1.43,-0.2,-0.04,1.49
2025-08-14,000935,19.95,19.62,20.35,19.6,195747,391014100.29,3.84,0.36,0.07,2.56
2025-08-15,000935,19.45,19.76,19.96,19.2,147397,289524960.16,3.87,0.71,0.14,1.93
2025-08-18,000935,19.81,20.14,20.48,19.7,199476,400811619.17,3.95,1.92,0.38,2.61
2025-08-19,000935,20.01,19.99,20.3,19.89,159877,320940378.48,2.04,-0.74,-0.15,2.09
2025-08-20,000935,19.92,20.7,20.98,19.84,262695,538827030.27,5.7,3.55,0.71,3.44
2025-08-21,000935,20.81,20.58,21.08,20.45,163775,339989542.69,3.04,-0.58,-0.12,2.15
2025-08-22,000935,20.5,20.7,20.78,20.41,115515,238119250.58,1.8,0.58,0.12,1.51
2025-08-25,000935,20.7,21.68,22.11,20.46,252105,539670280.96,7.97,4.73,0.98,3.3
2025-08-26,000935,21.69,21.48,21.89,21.43,137817,298487623.99,2.12,-0.92,-0.2,1.81
2025-08-27,000935,21.1,20.0,21.1,20.0,242771,501497151.26,5.12,-6.89,-1.48,3.18
2025-08-28,000935,19.91,20.13,20.3,19.54,135676,270701961.95,3.8,0.65,0.13,1.78
2025-08-29,000935,20.13,20.13,20.46,20.0,128585,259731395.31,2.29,0.0,0.0,1.68
2025-09-01,000935,20.0,19.38,20.0,19.3,160893,313490796.3,3.48,-3.73,-0.75,2.11
2025-09-02,000935,19.39,18.88,19.4,18.76,133186,253121821.94,3.3,-2.58,-0.5,1.74
2025-09-03,000935,19.0,18.8,19.24,18.61,91633,173082745.25,3.34,-0.42,-0.08,1.2
2025-09-04,000935,18.78,18.6,19.03,18.32,84210,157607499.21,3.78,-1.06,-0.2,1.1
2025-09-05,000935,18.68,19.58,19.8,18.33,155631,299608835.27,7.9,5.27,0.98,2.04
2025-09-08,000935,19.65,19.91,19.93,19.53,148685,294032856.18,2.04,1.69,0.33,1.95
2025-09-09,000935,19.85,20.62,21.25,19.8,228545,474693142.18,7.28,3.57,0.71,2.99
2025-09-10,000935,20.52,20.12,20.76,20.08,92009,186934393.43,3.3,-2.42,-0.5,1.21
2025-09-11,000935,20.17,20.1,20.18,19.6,83332,165972286.15,2.88,-0.1,-0.02,1.09
2025-09-12,000935,20.48,19.87,20.48,19.78,87012,173982852.64,3.48,-1.14,-0.23,1.14
2025-09-15,000935,19.78,19.98,20.34,19.76,74214,148679992.59,2.92,0.55,0.11,0.97
2025-09-16,000935,19.98,20.07,20.14,19.83,53771,107604069.98,1.55,0.45,0.09,0.7
2025-09-17,000935,20.15,20.13,20.45,19.92,74651,150019858.94,2.64,0.3,0.06,0.98
2025-09-18,000935,20.11,19.73,20.46,19.44,108099,215837049.92,5.07,-1.99,-0.4,1.42
2025-09-19,000935,19.65,20.44,20.69,19.65,170882,346325775.52,5.27,3.6,0.71,2.24
2025-09-22,000935,20.45,21.34,21.55,20.45,264883,561298121.06,5.38,4.4,0.9,3.47
2025-09-23,000935,21.27,21.07,21.47,20.63,173987,366022080.04,3.94,-1.27,-0.27,2.28
2025-09-24,000935,21.09,22.05,22.27,20.91,200294,435270430.67,6.45,4.65,0.98,2.62
2025-09-25,000935,21.93,21.8,22.02,21.43,145593,316404237.48,2.68,-1.13,-0.25,1.91
2025-09-26,000935,21.8,21.53,22.28,21.51,113032,246076082.56,3.53,-1.24,-0.27,1.48
2025-09-29,000935,21.8,21.5,21.82,21.11,117196,251200278.71,3.3,-0.14,-0.03,1.54
2025-09-30,000935,21.44,21.42,21.87,21.33,85926,184908253.72,2.51,-0.37,-0.08,1.13
2025-10-09,000935,21.72,22.28,22.63,21.43,149212,328534152.97,5.6,4.01,0.86,1.95
2025-10-10,000935,22.2,22.55,22.6,21.91,120386,269669696.55,3.1,1.21,0.27,1.58
2025-10-13,000935,21.21,21.7,21.99,21.21,132979,287778612.72,3.46,-3.77,-0.85,1.74
2025-10-14,000935,21.73,21.35,22.02,21.26,114166,246903684.69,3.5,-1.61,-0.35,1.5
2025-10-15,000935,21.5,21.48,21.55,21.08,62539,133286822.8,2.2,0.61,0.13,0.82
2025-10-16,000935,21.35,21.12,21.47,21.0,58674,124393618.87,2.19,-1.68,-0.36,0.77
2025-10-17,000935,21.07,19.89,21.28,19.82,106451,216632482.43,6.91,-5.82,-1.23,1.39
2025-10-20,000935,20.02,19.76,20.2,19.57,70307,139289318.96,3.17,-0.65,-0.13,0.92
2025-10-21,000935,19.66,20.13,20.22,19.66,58736,117207983.99,2.83,1.87,0.37,0.77
2025-10-22,000935,19.96,19.72,20.13,19.6,37752,74684477.92,2.63,-2.04,-0.41,0.49
2025-10-23,000935,19.67,19.25,19.95,19.09,71581,138181993.0,4.37,-2.28,-0.45,0.94
2025-10-24,000935,19.25,19.3,19.58,19.21,50200,97211447.0,1.92,0.26,0.05,0.66
2025-10-27,000935,19.45,19.62,19.69,19.39,6717,13153475.0,1.55,1.66,0.32,0.09
2025-10-28,000935,19.74,19.76,19.92,19.68,30796,60778488.52,1.2,-0.95,-0.19,0.4
2025-10-29,000935,19.62,19.99,20.1,19.61,51106,101430750.35,2.49,1.52,0.3,0.67
2025-10-30,000935,19.81,20.27,20.37,19.59,58826,117305230.35,3.91,1.65,0.33,0.77
2025-10-31,000935,20.06,20.18,20.59,19.95,59205,120117531.29,3.2,0.8,0.16,0.78
