日期,股票代码,开盘,收盘,最高,最低,成交量,成交额,振幅,涨跌幅,涨跌额,换手率
2012-06-12,002683,3.03,3.3,3.3,2.91,339779,528346608.0,14.5,22.68,0.61,62.05
2012-06-13,002683,3.16,3.31,3.45,3.08,220703,351255872.0,11.21,0.3,0.01,40.3
2012-06-14,002683,3.26,3.55,3.7,3.2,216251,352217616.0,15.11,7.25,0.24,39.49
2012-06-15,002683,3.57,3.61,3.65,3.45,137607,228749069.0,5.63,1.69,0.06,25.13
2012-06-18,002683,3.64,3.71,3.82,3.61,115722,196658242.0,5.82,2.77,0.1,21.13
2012-06-19,002683,3.66,3.62,3.72,3.52,86453,144940488.0,5.39,-2.43,-0.09,15.79
2012-06-20,002683,3.61,3.75,3.89,3.55,100487,171247048.0,9.39,3.59,0.13,18.35
2012-06-21,002683,3.67,3.59,3.7,3.41,87982,145972828.0,7.73,-4.27,-0.16,16.07
2012-06-25,002683,3.33,3.04,3.4,3.01,99947,157401694.0,10.86,-15.32,-0.55,18.25
2012-06-26,002683,3.01,3.15,3.28,2.93,89206,138958895.0,11.51,3.62,0.11,16.29
2012-06-27,002683,3.1,3.12,3.33,3.02,89537,140722424.0,9.84,-0.95,-0.03,16.35
2012-06-28,002683,3.14,3.18,3.37,3.06,78021,123639548.0,9.94,1.92,0.06,14.25
2012-06-29,002683,3.1,3.41,3.42,3.07,78738,125761404.0,11.01,7.23,0.23,14.38
2012-07-02,002683,3.38,3.47,3.49,3.26,75711,122685187.0,6.74,1.76,0.06,13.83
2012-07-03,002683,3.42,3.94,4.12,3.39,126195,216743333.0,21.04,13.54,0.47,23.05
2012-07-04,002683,3.9,3.71,3.97,3.69,89523,154507280.0,7.11,-5.84,-0.23,16.35
2012-07-05,002683,3.71,3.75,3.96,3.66,93775,162298159.0,8.09,1.08,0.04,17.12
2012-07-06,002683,3.7,3.63,3.73,3.35,102814,170723844.0,10.13,-3.2,-0.12,18.78
2012-07-09,002683,3.5,3.58,3.76,3.47,63322,106707828.0,7.99,-1.38,-0.05,11.56
2012-07-10,002683,3.51,3.33,3.62,3.29,53663,87247518.0,9.22,-6.98,-0.25,9.8
2012-07-11,002683,3.3,3.16,3.47,3.09,48603,77274788.0,11.41,-5.11,-0.17,8.88
2012-07-12,002683,3.1,3.35,3.37,3.1,42411,67493035.0,8.54,6.01,0.19,7.74
2012-07-13,002683,3.29,3.21,3.37,3.17,40602,64634062.0,5.97,-4.18,-0.14,7.41
2012-07-16,002683,3.22,3.31,3.38,2.94,56560,88209220.0,13.71,3.12,0.1,10.33
2012-07-17,002683,3.23,3.51,3.64,3.21,65324,106858028.0,12.99,6.04,0.2,11.93
2012-07-18,002683,3.46,3.7,3.72,3.39,63768,106429255.0,9.4,5.41,0.19,11.64
2012-07-19,002683,3.82,3.61,3.94,3.6,99162,170135259.0,9.19,-2.43,-0.09,18.11
2012-07-20,002683,3.55,3.64,3.81,3.53,59502,100501853.0,7.76,0.83,0.03,10.87
2012-07-23,002683,3.58,3.37,3.61,3.31,43468,70805907.0,8.24,-7.42,-0.27,7.94
2012-07-24,002683,3.29,3.4,3.5,3.24,29628,47890069.0,7.72,0.89,0.03,5.41
2012-07-25,002683,3.38,3.8,4.05,3.33,148852,257831843.0,21.18,11.76,0.4,27.18
2012-07-26,002683,3.66,3.79,3.89,3.63,91916,157545427.0,6.84,-0.26,-0.01,16.79
2012-07-27,002683,3.78,3.61,3.95,3.57,74950,128390842.0,10.03,-4.75,-0.18,13.69
2012-07-30,002683,3.57,3.81,4.08,3.57,110675,192628796.0,14.13,5.54,0.2,20.21
2012-07-31,002683,3.7,3.21,3.7,3.21,95879,154937272.0,12.86,-15.75,-0.6,17.51
2012-08-01,002683,3.22,3.42,3.54,3.16,58001,93630075.0,11.84,6.54,0.21,10.59
2012-08-02,002683,3.36,3.5,3.53,3.28,56994,92994014.0,7.31,2.34,0.08,10.41
2012-08-03,002683,3.49,3.75,3.77,3.44,77487,130222250.0,9.43,7.14,0.25,14.15
2012-08-06,002683,3.69,3.93,4.08,3.66,126646,220803351.0,11.2,4.8,0.18,23.13
2012-08-07,002683,3.89,4.1,4.33,3.87,149772,269609568.0,11.7,4.33,0.17,27.35
2012-08-08,002683,4.02,4.03,4.08,3.88,76947,136214995.0,4.88,-1.71,-0.07,14.05
2012-08-09,002683,4.0,4.07,4.16,3.86,67572,120175041.0,7.44,0.99,0.04,12.34
2012-08-10,002683,4.01,4.19,4.33,3.89,95706,172511246.0,10.81,2.95,0.12,17.48
2012-08-13,002683,4.13,3.9,4.2,3.85,68194,121407147.0,8.35,-6.92,-0.29,12.45
2012-08-14,002683,3.88,4.3,4.44,3.8,97019,174888287.0,16.41,10.26,0.4,17.72
2012-08-15,002683,4.21,4.22,4.52,4.15,103339,191396844.0,8.6,-1.86,-0.08,18.87
2012-08-16,002683,4.13,4.14,4.29,4.08,46353,84273707.0,4.98,-1.9,-0.08,8.46
2012-08-17,002683,4.14,4.02,4.19,3.92,43239,76739545.0,6.52,-2.9,-0.12,7.9
2012-08-20,002683,3.96,4.22,4.26,3.94,46660,84008144.0,7.96,4.98,0.2,8.52
2012-08-21,002683,4.17,4.26,4.33,4.15,55646,102082907.0,4.27,0.95,0.04,10.16
2012-08-22,002683,4.24,4.09,4.45,4.02,71264,131033522.0,10.09,-3.99,-0.17,13.01
2012-08-23,002683,3.99,4.08,4.19,3.98,52390,93824996.0,5.13,-0.24,-0.01,9.57
2012-08-24,002683,4.02,3.73,4.04,3.7,58481,101041459.0,8.33,-8.58,-0.35,10.68
2012-08-27,002683,3.51,3.5,3.69,3.44,43444,72343850.0,6.7,-6.17,-0.23,7.93
2012-08-28,002683,3.5,3.59,3.68,3.48,36371,60751378.0,5.71,2.57,0.09,6.64
2012-08-29,002683,3.58,3.62,3.73,3.49,34395,57925285.0,6.69,0.84,0.03,6.28
2012-08-30,002683,3.62,3.39,3.75,3.28,44529,73651393.0,12.98,-6.35,-0.23,8.13
2012-08-31,002683,3.38,3.53,3.56,3.37,30358,49800274.0,5.6,4.13,0.14,5.54
2012-09-03,002683,3.53,3.75,3.84,3.5,44223,74937483.0,9.63,6.23,0.22,8.08
2012-09-04,002683,3.76,3.68,3.79,3.64,29866,50786908.0,4.0,-1.87,-0.07,5.45
2012-09-05,002683,3.67,3.69,3.81,3.64,24523,41822879.0,4.62,0.27,0.01,4.48
2012-09-06,002683,3.67,3.77,3.84,3.67,22613,38807177.0,4.61,2.17,0.08,4.13
2012-09-07,002683,3.84,3.98,4.07,3.79,60732,107230354.0,7.43,5.57,0.21,11.09
2012-09-10,002683,3.94,4.04,4.14,3.89,44413,79089481.0,6.28,1.51,0.06,8.11
2012-09-11,002683,4.0,3.92,4.08,3.89,39351,69368617.0,4.7,-2.97,-0.12,7.19
2012-09-12,002683,4.02,4.01,4.16,3.9,49924,88937591.0,6.63,2.3,0.09,9.12
2012-09-13,002683,4.07,3.97,4.2,3.95,45725,81890066.0,6.23,-1.0,-0.04,8.35
2012-09-14,002683,3.97,3.83,4.04,3.75,45911,80210331.0,7.3,-3.53,-0.14,8.38
2012-09-17,002683,3.82,3.72,3.89,3.7,28435,48748406.0,4.96,-2.87,-0.11,5.19
2012-09-18,002683,3.68,3.64,3.76,3.61,18307,30991602.0,4.03,-2.15,-0.08,3.34
2012-09-19,002683,3.72,3.75,3.85,3.69,29132,49998089.0,4.4,3.02,0.11,5.32
2012-09-20,002683,3.7,3.61,3.74,3.56,23386,39285843.0,4.8,-3.73,-0.14,4.27
2012-09-21,002683,3.6,3.61,3.7,3.47,16164,27058089.0,6.37,0.0,0.0,2.95
2012-09-24,002683,3.57,3.66,3.71,3.52,17771,29915678.0,5.26,1.39,0.05,3.25
2012-09-25,002683,3.64,3.59,3.71,3.56,12277,20635875.0,4.1,-1.91,-0.07,2.24
2012-09-26,002683,3.55,3.38,3.61,3.31,22227,36472316.0,8.36,-5.85,-0.21,4.06
2012-09-27,002683,3.39,3.47,3.55,3.36,25135,41289837.0,5.62,2.66,0.09,4.59
2012-09-28,002683,3.44,3.54,3.58,3.43,16416,27111483.0,4.32,2.02,0.07,3.0
2012-10-08,002683,3.54,3.49,3.6,3.45,10635,17551692.0,4.24,-1.41,-0.05,1.94
2012-10-09,002683,3.5,3.71,3.72,3.5,27329,46093640.0,6.3,6.3,0.22,4.99
2012-10-10,002683,3.66,3.71,3.73,3.62,20911,35454632.0,2.96,0.0,0.0,3.82
2012-10-11,002683,3.68,3.54,3.78,3.51,32006,53834190.0,7.28,-4.58,-0.17,5.84
2012-10-12,002683,3.53,3.61,3.63,3.45,23733,39436618.0,5.08,1.98,0.07,4.33
2012-10-15,002683,3.59,3.35,3.61,3.31,31409,51058475.0,8.31,-7.2,-0.26,5.74
2012-10-16,002683,3.38,3.33,3.44,3.3,23198,37516947.0,4.18,-0.6,-0.02,4.24
2012-10-17,002683,3.36,3.38,3.42,3.34,13811,22338210.0,2.4,1.5,0.05,2.52
2012-10-18,002683,3.39,3.45,3.49,3.37,23362,38147618.0,3.55,2.07,0.07,4.27
2012-10-19,002683,3.44,3.36,3.48,3.33,21554,34927609.0,4.35,-2.61,-0.09,3.94
2012-10-22,002683,3.33,3.25,3.33,3.14,29487,46530124.0,5.65,-3.27,-0.11,5.38
2012-10-23,002683,3.23,3.23,3.32,3.22,16656,26479502.0,3.08,-0.62,-0.02,3.04
2012-10-24,002683,3.19,3.23,3.27,3.16,10112,15972927.0,3.41,0.0,0.0,1.85
2012-10-25,002683,3.1,2.8,3.19,2.77,59170,88585379.0,13.0,-13.31,-0.43,10.81
2012-10-26,002683,2.8,2.69,2.82,2.57,26652,38250431.0,8.93,-3.93,-0.11,4.87
2012-10-29,002683,2.62,2.71,2.81,2.61,15826,23006752.0,7.43,0.74,0.02,2.89
2012-10-30,002683,2.68,2.67,2.78,2.65,8557,12449511.0,4.8,-1.48,-0.04,1.56
2012-10-31,002683,2.67,2.66,2.7,2.6,8427,12091897.0,3.75,-0.37,-0.01,1.54
2012-11-01,002683,2.69,2.78,2.83,2.69,18318,26949792.0,5.26,4.51,0.12,3.35
2012-11-02,002683,2.78,2.73,2.79,2.71,11400,16643846.0,2.88,-1.8,-0.05,2.08
2012-11-05,002683,2.72,2.64,2.76,2.6,13220,18990131.0,5.86,-3.3,-0.09,2.41
2012-11-06,002683,2.61,2.71,2.73,2.6,16481,23813718.0,4.92,2.65,0.07,3.01
2012-11-07,002683,2.69,2.61,2.69,2.58,19183,27396400.0,4.06,-3.69,-0.1,3.5
2012-11-08,002683,2.59,2.23,2.59,2.22,28827,39439911.0,14.18,-14.56,-0.38,5.26
2012-11-09,002683,2.21,2.22,2.28,2.19,10657,14192205.0,4.04,-0.45,-0.01,1.95
2012-11-12,002683,2.22,2.25,2.3,2.18,11676,15599758.0,5.41,1.35,0.03,2.13
2012-11-13,002683,2.32,2.25,2.43,2.23,17760,24105829.0,8.89,0.0,0.0,3.24
2012-11-14,002683,2.18,2.33,2.35,2.18,12530,16913992.0,7.56,3.56,0.08,2.29
2012-11-15,002683,2.28,2.13,2.32,2.13,9298,12398169.0,8.15,-8.58,-0.2,1.7
2012-11-16,002683,2.17,1.99,2.17,1.97,11900,15238699.0,9.39,-6.57,-0.14,2.17
2012-11-19,002683,1.99,2.06,2.07,1.95,9424,12040965.0,6.03,3.52,0.07,1.72
2012-11-20,002683,2.07,2.05,2.07,1.99,11030,14155179.0,3.88,-0.49,-0.01,2.01
2012-11-21,002683,2.03,2.09,2.09,1.95,10162,13012196.0,6.83,1.95,0.04,1.86
2012-11-22,002683,2.08,2.2,2.22,2.03,19211,25204943.0,9.09,5.26,0.11,3.51
2012-11-23,002683,2.19,2.19,2.26,2.13,13976,18493821.0,5.91,-0.45,-0.01,2.55
2012-11-26,002683,2.21,2.01,2.21,2.01,9291,12059622.0,9.13,-8.22,-0.18,1.7
2012-11-27,002683,1.94,1.72,1.98,1.71,12634,15480314.0,13.43,-14.43,-0.29,2.31
2012-11-28,002683,1.76,1.61,1.76,1.59,8909,10577998.0,9.88,-6.4,-0.11,1.63
2012-11-29,002683,1.62,1.55,1.69,1.54,7560,8898501.0,9.32,-3.73,-0.06,1.38
2012-11-30,002683,1.55,1.65,1.88,1.55,11597,13878609.0,21.29,6.45,0.1,2.12
2012-12-03,002683,1.62,1.47,1.69,1.46,7515,8811151.0,13.94,-10.91,-0.18,1.37
2012-12-04,002683,1.47,1.45,1.47,1.28,12962,14486104.0,12.93,-1.36,-0.02,2.37
2012-12-05,002683,1.49,1.73,1.84,1.48,29925,35849432.0,24.83,19.31,0.28,5.46
2012-12-06,002683,1.67,1.77,1.87,1.67,22002,26913629.0,11.56,2.31,0.04,4.02
2012-12-07,002683,1.77,1.88,1.88,1.73,23300,28642580.0,8.47,6.21,0.11,4.25
2012-12-10,002683,1.87,2.27,2.38,1.82,47328,61911543.0,29.79,20.74,0.39,8.64
2012-12-11,002683,2.19,2.13,2.22,2.09,32623,42775150.0,5.73,-6.17,-0.14,5.96
2012-12-12,002683,2.1,2.14,2.26,2.1,16706,22019067.0,7.51,0.47,0.01,3.05
2012-12-13,002683,2.15,2.12,2.26,2.11,14937,19693678.0,7.01,-0.93,-0.02,2.73
2012-12-14,002683,2.12,2.28,2.31,2.12,23563,31514360.0,8.96,7.55,0.16,4.3
2012-12-17,002683,2.28,2.49,2.49,2.23,32095,44042363.0,11.4,9.21,0.21,5.86
2012-12-18,002683,2.44,2.4,2.5,2.34,18088,24959161.0,6.43,-3.61,-0.09,3.3
2012-12-19,002683,2.35,2.48,2.54,2.35,19276,26851413.0,7.92,3.33,0.08,3.52
2012-12-20,002683,2.47,2.46,2.56,2.42,15500,21625287.0,5.65,-0.81,-0.02,2.83
2012-12-21,002683,2.47,2.56,2.66,2.36,28839,40506837.0,12.2,4.07,0.1,5.27
2012-12-24,002683,2.53,2.59,2.63,2.47,17941,25297792.0,6.25,1.17,0.03,3.28
2012-12-25,002683,2.59,2.76,2.84,2.51,31324,45483975.0,12.74,6.56,0.17,5.72
2012-12-26,002683,2.69,3.04,3.09,2.69,39167,59563213.0,14.49,10.14,0.28,7.15
2012-12-27,002683,2.99,2.88,3.08,2.87,25896,39180656.0,6.91,-5.26,-0.16,4.73
2012-12-28,002683,2.94,2.91,2.98,2.82,18381,27560224.0,5.56,1.04,0.03,3.36
2012-12-31,002683,2.91,2.9,3.0,2.87,13158,19795562.0,4.47,-0.34,-0.01,2.4
2013-01-04,002683,2.94,2.95,3.06,2.87,22024,33417128.0,6.55,1.72,0.05,4.02
2013-01-07,002683,2.96,3.0,3.09,2.92,15478,23630100.0,5.76,1.69,0.05,2.83
2013-01-08,002683,2.98,2.95,3.01,2.9,18789,28391823.0,3.67,-1.67,-0.05,3.43
2013-01-09,002683,2.94,2.78,2.97,2.73,26017,38718623.0,8.14,-5.76,-0.17,4.75
2013-01-10,002683,2.79,2.83,2.89,2.75,12499,18507914.0,5.04,1.8,0.05,2.28
2013-01-11,002683,2.86,2.83,2.9,2.79,17311,25692349.0,3.89,0.0,0.0,3.16
2013-01-14,002683,2.83,3.08,3.14,2.83,30924,47461728.0,10.95,8.83,0.25,5.65
2013-01-15,002683,3.04,3.17,3.28,3.02,26902,41951891.0,8.44,2.92,0.09,4.91
2013-01-16,002683,3.18,3.09,3.18,2.99,14535,22465640.0,5.99,-2.52,-0.08,2.65
2013-01-17,002683,3.11,3.33,3.57,3.05,46495,75005854.0,16.83,7.77,0.24,8.49
2013-01-18,002683,3.31,3.42,3.45,3.25,20097,32421947.0,6.01,2.7,0.09,3.67
2013-01-21,002683,3.45,3.41,3.5,3.36,11451,18625867.0,4.09,-0.29,-0.01,2.09
2013-01-22,002683,3.39,3.23,3.45,3.19,18537,29581526.0,7.62,-5.28,-0.18,3.39
2013-01-23,002683,3.2,3.35,3.41,3.19,19431,31230359.0,6.81,3.72,0.12,3.55
2013-01-24,002683,3.36,3.07,3.39,3.06,18887,29672991.0,9.85,-8.36,-0.28,3.45
2013-01-25,002683,3.08,3.24,3.34,2.99,20731,32615760.0,11.4,5.54,0.17,3.79
2013-01-28,002683,3.22,3.38,3.39,3.22,12496,20081837.0,5.25,4.32,0.14,2.28
2013-01-29,002683,3.33,3.39,3.49,3.31,9570,15464379.0,5.33,0.3,0.01,1.75
2013-01-30,002683,3.39,3.68,3.73,3.37,46242,77321703.0,10.62,8.55,0.29,8.44
2013-01-31,002683,3.65,3.73,3.75,3.55,29474,49944597.0,5.43,1.36,0.05,5.38
2013-02-01,002683,3.76,4.1,4.24,3.76,59989,107265083.0,12.87,9.92,0.37,10.95
2013-02-04,002683,4.0,4.02,4.22,3.7,30684,54509988.0,12.68,-1.95,-0.08,5.6
2013-02-05,002683,4.06,4.1,4.11,3.89,18395,32784765.0,5.47,1.99,0.08,3.36
2013-02-06,002683,4.09,4.01,4.14,3.91,11494,20410981.0,5.61,-2.2,-0.09,2.1
2013-02-07,002683,4.01,4.0,4.05,3.91,10620,18798452.0,3.49,-0.25,-0.01,1.94
2013-02-08,002683,4.06,4.1,4.19,3.75,15102,27036409.0,11.0,2.5,0.1,2.76
2013-02-18,002683,4.14,4.1,4.16,4.04,10575,18997437.0,2.93,0.0,0.0,1.93
2013-02-19,002683,4.1,3.88,4.12,3.74,18034,31543708.0,9.27,-5.37,-0.22,3.29
2013-02-20,002683,3.87,4.05,4.07,3.59,13974,24536021.0,12.37,4.38,0.17,2.55
2013-02-21,002683,4.04,3.87,4.05,3.8,13627,23897174.0,6.17,-4.44,-0.18,2.49
2013-02-22,002683,3.88,3.93,3.95,3.82,9712,16958892.0,3.36,1.55,0.06,1.77
2013-02-25,002683,3.89,3.93,3.99,3.84,5033,8817210.0,3.82,0.0,0.0,0.92
2013-02-26,002683,3.84,3.81,3.94,3.78,5678,9878614.0,4.07,-3.05,-0.12,1.04
2013-02-27,002683,3.81,3.58,3.92,3.5,11441,19287252.0,11.02,-6.04,-0.23,2.09
2013-02-28,002683,3.58,3.74,3.76,3.47,11156,18830306.0,8.1,4.47,0.16,2.04
2013-03-01,002683,3.78,3.76,3.85,3.69,15492,26562115.0,4.28,0.53,0.02,2.83
2013-03-04,002683,3.48,3.51,3.7,3.48,9307,15447317.0,5.85,-6.65,-0.25,1.7
2013-03-05,002683,3.53,3.98,3.99,3.53,20964,35828011.0,13.11,13.39,0.47,3.83
2013-03-06,002683,3.97,3.99,4.08,3.92,14124,25060819.0,4.02,0.25,0.01,2.58
2013-03-07,002683,3.98,4.26,4.38,3.97,28256,51838391.0,10.28,6.77,0.27,5.16
2013-03-08,002683,4.22,4.14,4.33,4.08,13953,25343522.0,5.87,-2.82,-0.12,2.55
2013-03-11,002683,4.0,4.08,4.2,3.94,7939,14305942.0,6.28,-1.45,-0.06,1.45
2013-03-12,002683,4.09,4.16,4.37,3.97,31731,57636024.0,9.8,1.96,0.08,5.79
2013-03-13,002683,4.04,4.25,4.29,4.03,19901,36255242.0,6.25,2.16,0.09,3.63
2013-03-14,002683,4.1,4.66,4.82,4.06,51529,97918985.0,17.88,9.65,0.41,9.41
2013-03-15,002683,4.66,4.57,4.88,4.45,28915,55926597.0,9.23,-1.93,-0.09,5.28
2013-03-18,002683,4.59,4.66,4.97,4.45,37889,74110182.0,11.38,1.97,0.09,6.92
2013-03-19,002683,4.67,4.82,4.97,4.55,33083,65614618.0,9.01,3.43,0.16,6.04
2013-03-20,002683,4.9,4.9,5.02,4.67,21889,43637778.0,7.26,1.66,0.08,4.0
2013-03-21,002683,4.89,4.89,4.9,4.75,15389,30448427.0,3.06,-0.2,-0.01,2.81
2013-03-22,002683,4.85,4.78,4.89,4.57,17096,33477431.0,6.54,-2.25,-0.11,3.12
2013-03-25,002683,4.83,5.09,5.15,4.68,28161,56585150.0,9.83,6.49,0.31,5.14
2013-03-26,002683,5.1,5.22,5.33,4.85,26777,54838820.0,9.43,2.55,0.13,4.89
2013-03-27,002683,5.09,5.21,5.35,4.99,16471,34017727.0,6.9,-0.19,-0.01,3.01
2013-03-28,002683,5.12,4.93,5.24,4.93,12251,25004419.0,5.95,-5.37,-0.28,2.24
2013-03-29,002683,4.93,4.9,4.98,4.73,12575,24914499.0,5.07,-0.61,-0.03,2.3
2013-04-01,002683,4.79,4.92,4.97,4.67,10252,20204111.0,6.12,0.41,0.02,1.87
2013-04-02,002683,4.92,4.74,5.21,4.7,13608,27527886.0,10.37,-3.66,-0.18,2.48
2013-04-03,002683,4.7,4.77,4.84,4.63,8561,16749047.0,4.43,0.63,0.03,1.56
2013-04-08,002683,4.69,5.02,5.02,4.55,8748,17278336.0,9.85,5.24,0.25,1.6
2013-04-09,002683,4.99,5.09,5.1,4.95,6990,14214248.0,2.99,1.39,0.07,1.28
2013-04-10,002683,5.08,5.2,5.34,5.01,18633,38669796.0,6.48,2.16,0.11,3.4
2013-04-11,002683,5.2,5.21,5.3,5.06,9046,18776332.0,4.62,0.19,0.01,1.65
2013-04-12,002683,5.15,5.21,5.32,5.13,7522,15616140.0,3.65,0.0,0.0,1.37
2013-04-15,002683,5.29,4.85,5.29,4.83,6013,12166022.0,8.83,-6.91,-0.36,1.1
2013-04-16,002683,4.79,4.86,4.95,4.66,6127,12103365.0,5.98,0.21,0.01,1.12
2013-04-17,002683,4.85,4.66,4.92,4.61,16843,32863410.0,6.38,-4.12,-0.2,3.08
2013-04-18,002683,4.62,4.71,4.78,4.62,13106,25621208.0,3.43,1.07,0.05,2.39
2013-04-19,002683,4.98,5.01,5.13,4.78,33239,67137668.0,7.43,6.37,0.3,6.07
2013-04-22,002683,5.01,5.11,5.18,4.86,21050,42969759.0,6.39,2.0,0.1,3.84
2013-04-23,002683,5.1,4.96,5.22,4.89,16570,33680695.0,6.46,-2.94,-0.15,3.03
2013-04-24,002683,4.93,5.25,5.25,4.93,19354,39882975.0,6.45,5.85,0.29,3.53
2013-04-25,002683,5.23,5.02,5.3,5.01,19752,40658490.0,5.52,-4.38,-0.23,3.61
2013-04-26,002683,5.02,4.65,5.06,4.5,15531,30528033.0,11.16,-7.37,-0.37,2.84
2013-05-02,002683,4.71,4.56,4.77,4.51,10239,19547041.0,5.59,-1.94,-0.09,1.87
2013-05-03,002683,4.56,4.77,4.82,4.56,11399,22012714.0,5.7,4.61,0.21,2.08
2013-05-06,002683,4.86,5.15,5.25,4.79,20252,40905928.0,9.64,7.97,0.38,3.7
2013-05-07,002683,5.15,5.03,5.15,4.97,9130,18342618.0,3.5,-2.33,-0.12,1.67
2013-05-08,002683,5.07,5.81,5.83,5.06,45721,98659292.0,15.31,15.51,0.78,8.35
2013-05-09,002683,5.62,5.91,6.04,5.55,24976,55070671.0,8.43,1.72,0.1,4.56
2013-05-10,002683,5.79,5.81,5.99,5.65,14373,31642717.0,5.75,-1.69,-0.1,2.62
2013-05-13,002683,5.85,6.61,6.67,5.85,47471,111570435.0,14.11,13.77,0.8,8.67
2013-05-14,002683,6.61,6.67,7.36,6.49,43902,108357004.0,13.16,0.91,0.06,8.02
2013-05-15,002683,6.53,7.07,7.15,6.53,23463,58453981.0,9.3,6.0,0.4,4.28
2013-05-16,002683,6.97,7.39,7.39,6.82,20054,50785779.0,8.06,4.53,0.32,3.66
2013-05-17,002683,7.42,8.43,8.43,7.42,42682,118906632.0,13.67,14.07,1.04,7.79
2013-05-20,002683,8.19,8.26,8.58,8.11,50597,143258850.0,5.58,-2.02,-0.17,9.24
2013-05-21,002683,8.12,8.23,8.32,8.07,29255,81732591.0,3.03,-0.36,-0.03,5.34
2013-05-22,002683,8.24,8.24,8.77,8.15,31967,91319841.0,7.53,0.12,0.01,5.84
2013-05-23,002683,8.17,7.83,8.17,7.41,19321,52052588.0,9.22,-4.98,-0.41,3.53
2013-05-24,002683,7.55,8.14,8.17,7.51,13913,37961643.0,8.43,3.96,0.31,2.54
2013-05-27,002683,8.11,8.09,8.45,7.99,24167,67547276.0,5.65,-0.61,-0.05,4.41
2013-05-28,002683,8.03,8.2,8.29,7.89,14557,40451848.0,4.94,1.36,0.11,2.66
2013-05-29,002683,8.2,8.21,8.41,8.07,11632,32558824.0,4.15,0.12,0.01,2.12
2013-05-30,002683,8.21,8.09,8.21,7.8,15312,42030369.0,4.99,-1.46,-0.12,2.8
2013-05-31,002683,8.1,8.22,8.39,7.9,16158,45264177.0,6.06,1.61,0.13,2.95
2013-06-03,002683,8.59,8.18,8.59,7.91,21832,61433929.0,8.27,-0.49,-0.04,3.99
2013-06-04,002683,8.11,7.76,8.11,7.71,18171,49270833.0,4.89,-5.13,-0.42,3.32
2013-06-05,002683,7.66,7.81,7.91,7.58,10911,29416131.0,4.25,0.64,0.05,1.99
2013-06-06,002683,7.75,7.77,7.87,7.64,5737,15428549.0,2.94,-0.51,-0.04,1.05
2013-06-07,002683,7.47,7.64,7.87,7.46,6546,17533181.0,5.28,-1.67,-0.13,1.2
2013-06-13,002683,6.83,6.58,6.91,6.58,37881,90989846.0,4.32,-13.87,-1.06,3.6
2013-06-14,002683,6.34,6.62,6.66,6.15,67366,159841558.0,7.75,0.61,0.04,6.41
2013-06-17,002683,6.58,6.58,6.83,6.41,38669,93170213.0,6.34,-0.6,-0.04,3.68
2013-06-18,002683,6.59,6.58,6.72,6.47,31707,76156345.0,3.8,0.0,0.0,3.02
2013-06-19,002683,6.51,6.69,6.7,6.24,9944,23590618.0,6.99,1.67,0.11,0.95
2013-06-20,002683,6.62,6.48,6.73,6.41,10012,24003362.0,4.78,-3.14,-0.21,0.95
2013-06-21,002683,6.39,6.63,6.71,6.27,17459,41792989.0,6.79,2.31,0.15,1.66
2013-06-24,002683,6.67,6.78,6.79,6.45,42944,103175451.0,5.13,2.26,0.15,4.09
2013-06-25,002683,6.67,6.97,6.99,5.83,44492,108698551.0,17.11,2.8,0.19,4.23
2013-06-26,002683,6.98,7.35,7.39,6.86,37970,96219424.0,7.6,5.45,0.38,3.61
2013-06-27,002683,7.4,6.59,7.49,6.32,33271,83933585.0,15.92,-10.34,-0.76,3.17
2013-06-28,002683,6.6,6.52,6.85,6.31,25256,60391443.0,8.19,-1.06,-0.07,2.4
2013-07-01,002683,6.31,7.22,7.35,6.31,33197,82621349.0,15.95,10.74,0.7,3.16
2013-07-02,002683,7.14,7.37,7.39,7.05,16145,41544630.0,4.71,2.08,0.15,1.54
2013-07-03,002683,7.37,7.73,7.74,7.16,26982,71231445.0,7.87,4.88,0.36,2.57
2013-07-04,002683,7.77,7.64,7.98,7.59,16992,45910898.0,5.05,-1.16,-0.09,1.62
2013-07-05,002683,7.61,7.47,7.82,7.39,11867,31302475.0,5.63,-2.23,-0.17,1.13
2013-07-08,002683,7.0,7.31,7.71,6.99,9996,25971620.0,9.64,-2.14,-0.16,0.95
2013-07-09,002683,7.27,7.35,7.4,7.19,10556,27251754.0,2.87,0.55,0.04,1.0
2013-07-10,002683,7.36,7.48,7.71,7.19,11581,30103588.0,7.07,1.77,0.13,1.1
2013-07-11,002683,7.59,7.71,7.77,7.45,12402,33115801.0,4.28,3.07,0.23,1.18
2013-07-12,002683,7.83,8.11,8.61,7.83,32425,91237832.0,10.12,5.19,0.4,3.09
2013-07-15,002683,7.89,8.11,8.34,7.89,17232,48008576.0,5.55,0.0,0.0,1.64
2013-07-16,002683,8.11,8.02,8.17,7.93,10757,29657864.0,2.96,-1.11,-0.09,1.02
2013-07-17,002683,8.05,7.73,8.05,7.52,19012,51321016.0,6.61,-3.62,-0.29,1.81
2013-07-18,002683,7.61,7.73,7.78,7.57,10207,27377964.0,2.72,0.0,0.0,0.97
2013-07-19,002683,7.77,7.44,7.84,6.79,13581,36137894.0,13.58,-3.75,-0.29,1.29
2013-07-22,002683,7.39,7.75,7.79,7.39,8961,23891378.0,5.38,4.17,0.31,0.85
2013-07-23,002683,7.75,7.99,8.15,7.75,12945,35586484.0,5.16,3.1,0.24,1.23
2013-07-24,002683,7.89,8.08,8.16,7.77,13831,37928359.0,4.88,1.13,0.09,1.32
2013-07-25,002683,8.13,7.9,8.31,7.87,10153,27936347.0,5.45,-2.23,-0.18,0.97
2013-07-26,002683,7.83,8.07,8.14,7.47,10568,28540757.0,8.48,2.15,0.17,1.01
2013-07-29,002683,8.19,8.19,8.37,8.07,24699,69497621.0,3.72,1.49,0.12,2.35
2013-07-30,002683,8.19,8.32,8.35,7.83,14891,41661890.0,6.35,1.59,0.13,1.42
2013-07-31,002683,8.35,8.29,8.4,8.11,9819,27743713.0,3.49,-0.36,-0.03,0.93
2013-08-01,002683,8.29,8.37,8.43,8.12,9055,25689281.0,3.74,0.97,0.08,0.86
2013-08-02,002683,8.37,8.95,9.06,8.37,35893,106069625.0,8.24,6.93,0.58,3.42
2013-08-05,002683,9.01,9.03,9.22,8.71,21684,65408767.0,5.7,0.89,0.08,2.06
2013-08-06,002683,9.01,9.53,9.67,8.99,25838,80320162.0,7.53,5.54,0.5,2.46
2013-08-07,002683,9.53,9.39,9.65,9.19,17966,55637683.0,4.83,-1.47,-0.14,1.71
2013-08-08,002683,9.26,9.19,9.71,9.19,13202,41191823.0,5.54,-2.13,-0.2,1.26
2013-08-09,002683,9.18,8.77,9.18,8.59,19953,59099215.0,6.42,-4.57,-0.42,1.9
2013-08-12,002683,8.81,8.53,8.91,8.51,14392,41872495.0,4.56,-2.74,-0.24,1.37
2013-08-13,002683,8.51,8.59,8.75,8.51,12031,34936594.0,2.81,0.7,0.06,1.14
2013-08-14,002683,8.59,8.47,8.74,8.47,7216,20935129.0,3.14,-1.4,-0.12,0.69
2013-08-15,002683,8.48,8.57,8.61,8.35,6799,19546063.0,3.07,1.18,0.1,0.65
2013-08-16,002683,8.57,8.11,8.59,7.99,7227,20583249.0,7.0,-5.37,-0.46,0.69
2013-08-19,002683,7.95,7.76,8.16,7.7,29757,80565973.0,5.67,-4.32,-0.35,2.83
2013-08-20,002683,7.87,7.49,7.87,7.43,25061,66330295.0,5.67,-3.48,-0.27,2.38
2013-08-21,002683,7.5,7.57,7.57,7.39,13527,35548866.0,2.4,1.07,0.08,1.29
2013-08-22,002683,7.57,7.89,7.99,7.51,14357,38514762.0,6.34,4.23,0.32,1.37
2013-08-23,002683,7.87,7.71,7.87,7.53,12887,34491785.0,4.31,-2.28,-0.18,1.23
2013-08-26,002683,7.64,7.83,7.85,7.57,10172,27454306.0,3.63,1.56,0.12,0.97
2013-08-27,002683,7.81,8.13,8.19,7.8,10783,29693465.0,4.98,3.83,0.3,1.03
2013-08-28,002683,8.06,7.99,8.23,7.99,10727,29867320.0,2.95,-1.72,-0.14,1.02
2013-08-29,002683,8.01,7.72,8.17,7.65,11607,31435271.0,6.51,-3.38,-0.27,1.1
2013-08-30,002683,7.7,7.38,7.87,7.31,11497,30247343.0,7.25,-4.4,-0.34,1.09
2013-09-02,002683,7.28,7.71,7.85,7.19,6326,16783757.0,8.94,4.47,0.33,0.6
2013-09-03,002683,7.75,8.19,8.23,7.75,23446,64896812.0,6.23,6.23,0.48,2.23
2013-09-04,002683,8.31,8.34,8.43,8.02,25997,73236786.0,5.01,1.83,0.15,2.47
2013-09-05,002683,8.45,8.08,8.45,7.99,25334,70620430.0,5.52,-3.12,-0.26,2.41
2013-09-06,002683,8.1,8.27,8.35,8.07,17114,48116025.0,3.47,2.35,0.19,1.63
2013-09-09,002683,8.26,8.27,8.37,8.15,14377,40552169.0,2.66,0.0,0.0,1.37
2013-09-10,002683,8.27,8.09,8.39,8.03,14052,39282021.0,4.35,-2.18,-0.18,1.34
2013-09-11,002683,8.1,7.84,8.19,7.76,10289,28004572.0,5.32,-3.09,-0.25,0.98
2013-09-12,002683,7.58,7.85,8.13,7.47,11743,31841960.0,8.42,0.13,0.01,1.12
2013-09-13,002683,7.8,7.65,7.82,7.59,8831,23551818.0,2.93,-2.55,-0.2,0.84
2013-09-16,002683,7.59,7.78,7.87,7.59,7566,20368015.0,3.66,1.7,0.13,0.72
2013-09-17,002683,7.78,7.79,7.85,7.61,9908,26714504.0,3.08,0.13,0.01,0.94
2013-09-18,002683,7.75,7.68,8.07,7.66,5425,14668847.0,5.26,-1.41,-0.11,0.52
2013-09-23,002683,7.71,7.57,7.78,7.54,10822,28672427.0,3.13,-1.43,-0.11,1.03
2013-09-24,002683,7.55,7.53,7.69,7.5,21529,56998296.0,2.51,-0.53,-0.04,2.05
2013-09-25,002683,7.59,7.21,7.59,7.19,33867,87241244.0,5.31,-4.25,-0.32,3.22
2013-09-26,002683,7.33,7.2,7.33,6.94,9163,23305499.0,5.41,-0.14,-0.01,0.87
2013-09-27,002683,7.23,7.59,7.66,7.23,11988,31664112.0,5.97,5.42,0.39,1.14
2013-09-30,002683,7.59,7.56,7.71,7.43,4635,12223202.0,3.69,-0.4,-0.03,0.44
2013-10-08,002683,7.56,7.87,7.95,7.47,14097,38137752.0,6.35,4.1,0.31,1.34
2013-10-09,002683,7.87,7.91,7.95,7.72,5003,13544398.0,2.92,0.51,0.04,0.48
2013-10-10,002683,7.95,7.67,7.95,7.51,10167,27229739.0,5.56,-3.03,-0.24,0.97
2013-10-11,002683,7.63,7.54,7.7,7.53,9657,25617172.0,2.22,-1.69,-0.13,0.92
2013-10-14,002683,7.55,7.88,7.99,7.45,21202,57234889.0,7.16,4.51,0.34,2.02
2013-10-15,002683,7.88,7.8,7.97,7.73,9990,27003789.0,3.05,-1.02,-0.08,0.95
2013-10-16,002683,7.81,7.55,7.95,7.55,8935,23717018.0,5.13,-3.21,-0.25,0.85
2013-10-17,002683,7.59,7.77,7.87,7.5,10128,27050238.0,4.9,2.91,0.22,0.96
2013-10-18,002683,7.77,8.07,8.07,7.77,29145,80147967.0,3.86,3.86,0.3,2.77
2013-10-21,002683,8.08,8.39,8.51,8.08,29285,83106494.0,5.33,3.97,0.32,2.79
2013-10-22,002683,8.32,8.32,8.47,8.14,15088,42651801.0,3.93,-0.83,-0.07,1.44
2013-10-23,002683,8.32,7.95,8.32,7.59,16068,44002578.0,8.77,-4.45,-0.37,1.53
2013-10-24,002683,7.99,8.24,8.28,7.75,17106,47381622.0,6.67,3.65,0.29,1.63
2013-11-05,002683,8.66,8.99,9.36,8.66,82876,249562753.0,8.5,9.1,0.75,7.89
2013-11-06,002683,8.89,9.29,9.91,8.83,40171,125784011.0,12.01,3.34,0.3,3.82
2013-11-07,002683,9.29,9.31,9.57,9.11,17612,54354448.0,4.95,0.22,0.02,1.68
2013-11-08,002683,9.3,8.76,9.31,8.59,20109,59519219.0,7.73,-5.91,-0.55,1.91
2013-11-11,002683,8.68,9.02,9.1,8.68,12513,37303143.0,4.79,2.97,0.26,1.19
2013-11-12,002683,9.03,8.99,9.11,8.73,15504,45832178.0,4.21,-0.33,-0.03,1.48
2013-11-13,002683,8.87,9.03,9.06,8.39,14128,42014076.0,7.45,0.44,0.04,1.34
2013-11-14,002683,8.83,8.98,9.18,8.83,11698,35070005.0,3.88,-0.55,-0.05,1.11
2013-11-15,002683,8.85,8.97,9.23,8.76,19915,59838520.0,5.23,-0.11,-0.01,1.89
2013-11-18,002683,8.98,9.39,9.41,8.79,27274,82729846.0,6.91,4.68,0.42,2.59
2013-11-19,002683,9.31,9.27,9.52,9.19,10745,33066994.0,3.51,-1.28,-0.12,1.02
2013-11-20,002683,9.27,9.12,9.38,9.03,9396,28499876.0,3.78,-1.62,-0.15,0.89
2013-11-21,002683,9.03,9.03,9.17,8.81,10189,30436205.0,3.95,-0.99,-0.09,0.97
2013-11-22,002683,8.94,8.95,9.09,8.91,3880,11637861.0,1.99,-0.89,-0.08,0.37
2013-11-25,002683,8.94,9.14,9.34,8.83,16622,50154466.0,5.7,2.12,0.19,1.58
2013-11-26,002683,9.15,9.04,9.34,8.95,7727,23359460.0,4.27,-1.09,-0.1,0.74
2013-11-27,002683,8.97,9.27,9.31,8.94,18568,56805142.0,4.09,2.54,0.23,1.77
2013-11-28,002683,9.39,9.45,9.71,9.25,15921,50000489.0,4.96,1.94,0.18,1.51
2013-11-29,002683,9.45,10.07,10.11,9.28,27342,87477409.0,8.78,6.56,0.62,2.6
2013-12-02,002683,9.78,9.33,9.78,9.07,22270,69547942.0,7.05,-7.35,-0.74,2.12
2013-12-03,002683,9.09,9.6,9.66,8.65,12557,38400398.0,10.83,2.89,0.27,1.19
2013-12-04,002683,9.59,9.48,9.79,9.31,14435,45412655.0,5.0,-1.25,-0.12,1.37
2013-12-05,002683,9.49,9.09,9.66,9.04,9804,29985416.0,6.54,-4.11,-0.39,0.93
2013-12-06,002683,9.04,8.87,9.1,8.82,10354,30885081.0,3.08,-2.42,-0.22,0.99
2013-12-09,002683,8.85,8.89,8.91,8.62,9526,28173390.0,3.27,0.23,0.02,0.91
2013-12-10,002683,8.87,8.81,8.93,8.72,7030,20794504.0,2.36,-0.9,-0.08,0.67
2013-12-11,002683,8.86,8.79,8.86,8.56,6680,19490533.0,3.41,-0.23,-0.02,0.64
2013-12-12,002683,8.83,8.94,9.02,8.75,5648,16816580.0,3.07,1.71,0.15,0.54
2013-12-13,002683,8.85,8.91,8.98,8.79,3636,10821086.0,2.13,-0.34,-0.03,0.35
2013-12-16,002683,8.91,8.78,8.96,8.69,3163,9330711.0,3.03,-1.46,-0.13,0.3
2013-12-17,002683,8.73,8.71,8.84,8.71,3332,9813134.0,1.48,-0.8,-0.07,0.32
2013-12-18,002683,8.64,8.55,8.73,8.45,6754,19626407.0,3.21,-1.84,-0.16,0.64
2013-12-19,002683,8.49,8.59,8.65,8.25,7355,21163301.0,4.68,0.47,0.04,0.7
2013-12-20,002683,8.67,8.59,8.69,8.39,3681,10584138.0,3.49,0.0,0.0,0.35
2013-12-23,002683,8.6,8.64,8.93,8.4,4527,13308134.0,6.17,0.58,0.05,0.43
2013-12-24,002683,8.55,8.91,9.06,8.51,9215,27522740.0,6.37,3.13,0.27,0.88
2013-12-25,002683,8.86,8.89,8.99,8.82,8904,26507762.0,1.91,-0.22,-0.02,0.85
2013-12-26,002683,8.89,9.39,9.55,8.84,19483,59637453.0,7.99,5.62,0.5,1.85
2013-12-27,002683,9.31,9.47,9.59,9.21,7711,23969791.0,4.05,0.85,0.08,0.73
2013-12-30,002683,9.45,9.43,9.53,9.23,7257,22430678.0,3.17,-0.42,-0.04,0.69
2013-12-31,002683,9.43,9.5,9.51,9.25,9762,30359250.0,2.76,0.74,0.07,0.93
2014-01-02,002683,9.42,9.29,9.5,9.19,5612,17271532.0,3.26,-2.21,-0.21,0.53
2014-01-03,002683,9.39,9.03,9.47,8.97,10997,33441849.0,5.38,-2.8,-0.26,1.05
2014-01-06,002683,9.03,8.85,9.08,8.78,9189,27393068.0,3.32,-1.99,-0.18,0.87
2014-01-07,002683,8.95,9.03,9.09,8.81,5936,17806649.0,3.16,2.03,0.18,0.57
2014-01-08,002683,9.07,9.29,9.55,9.07,12365,38286566.0,5.32,2.88,0.26,1.18
2014-01-09,002683,9.31,9.35,9.42,9.11,8371,25771565.0,3.34,0.65,0.06,0.8
2014-01-10,002683,9.26,8.43,9.38,8.39,16248,48208531.0,10.59,-9.84,-0.92,1.55
2014-01-13,002683,8.39,8.39,8.71,8.19,11843,33991178.0,6.17,-0.47,-0.04,1.13
2014-01-14,002683,8.39,8.37,8.49,8.26,12046,34220971.0,2.74,-0.24,-0.02,1.15
2014-01-15,002683,8.39,8.73,8.73,8.39,9344,27240307.0,4.06,4.3,0.36,0.89
2014-01-16,002683,8.79,8.79,8.83,8.59,5827,17152353.0,2.75,0.69,0.06,0.55
2014-01-17,002683,8.73,8.63,8.84,8.39,15309,44537109.0,5.12,-1.82,-0.16,1.46
2014-01-20,002683,8.54,8.45,8.71,8.07,11784,33449155.0,7.42,-2.09,-0.18,1.12
2014-01-21,002683,8.44,8.43,8.59,8.39,7218,20713654.0,2.37,-0.24,-0.02,0.69
2014-01-22,002683,8.49,8.55,8.73,8.43,12738,36742163.0,3.56,1.42,0.12,1.21
2014-01-23,002683,8.52,8.55,8.66,8.34,7470,21539825.0,3.74,0.0,0.0,0.71
2014-01-24,002683,8.5,8.82,8.87,8.5,8719,25704274.0,4.33,3.16,0.27,0.83
2014-01-27,002683,8.82,8.52,8.82,8.42,7531,21798317.0,4.54,-3.4,-0.3,0.72
2014-01-28,002683,8.47,8.47,8.71,8.41,3676,10540749.0,3.52,-0.59,-0.05,0.35
2014-01-29,002683,8.57,8.58,8.64,8.43,4051,11671343.0,2.48,1.3,0.11,0.39
2014-01-30,002683,8.59,8.43,8.59,8.27,5668,16176751.0,3.73,-1.75,-0.15,0.54
2014-02-07,002683,8.35,8.31,8.45,8.11,12320,34605887.0,4.03,-1.42,-0.12,1.17
2014-02-10,002683,8.31,8.51,8.59,8.21,15838,45389104.0,4.57,2.41,0.2,1.51
2014-02-11,002683,8.53,8.41,8.54,8.23,11458,32569268.0,3.64,-1.18,-0.1,1.09
2014-02-12,002683,8.35,8.51,8.55,8.29,13129,37650064.0,3.09,1.19,0.1,1.25
2014-02-13,002683,8.51,8.97,8.99,8.45,26194,77743737.0,6.35,5.41,0.46,2.49
2014-02-14,002683,9.01,8.85,9.14,8.74,12922,38461669.0,4.46,-1.34,-0.12,1.23
2014-02-17,002683,8.98,9.06,9.14,8.87,15386,46170982.0,3.05,2.37,0.21,1.46
2014-02-18,002683,9.07,8.92,9.34,8.89,15285,46334912.0,4.97,-1.55,-0.14,1.45
2014-02-19,002683,8.92,8.75,8.92,8.51,14823,43396365.0,4.6,-1.91,-0.17,1.41
2014-02-20,002683,8.71,8.66,8.77,8.56,4525,13187460.0,2.4,-1.03,-0.09,0.43
2014-02-21,002683,8.57,8.67,8.78,8.55,5522,16081888.0,2.66,0.12,0.01,0.53
2014-02-24,002683,8.65,8.27,8.67,8.19,11093,31476392.0,5.54,-4.61,-0.4,1.06
2014-02-25,002683,8.28,7.85,8.4,7.84,10990,30700201.0,6.77,-5.08,-0.42,1.05
2014-02-26,002683,7.83,7.71,7.83,7.4,12956,34273212.0,5.48,-1.78,-0.14,1.23
2014-02-27,002683,7.79,7.89,8.34,7.67,14232,39233412.0,8.69,2.33,0.18,1.35
2014-02-28,002683,7.87,7.77,7.91,7.51,10990,29378056.0,5.07,-1.52,-0.12,1.05
2014-03-03,002683,7.77,7.99,8.12,7.74,5218,14310948.0,4.89,2.83,0.22,0.5
2014-03-04,002683,7.91,7.99,8.04,7.8,5616,15325952.0,3.0,0.0,0.0,0.53
2014-03-05,002683,8.01,7.95,8.01,7.81,4850,13202006.0,2.5,-0.5,-0.04,0.46
2014-03-06,002683,7.98,7.92,7.98,7.59,8141,21911157.0,4.91,-0.38,-0.03,0.77
2014-03-07,002683,7.91,7.71,7.91,7.62,13347,35672905.0,3.66,-2.65,-0.21,1.27
2014-03-10,002683,7.71,7.07,7.71,6.71,18129,46303840.0,12.97,-8.3,-0.64,1.73
2014-03-11,002683,6.97,6.97,7.05,6.71,17042,41964703.0,4.81,-1.41,-0.1,1.62
2014-03-12,002683,6.91,6.95,6.95,6.78,7580,18725686.0,2.44,-0.29,-0.02,0.72
2014-03-13,002683,6.81,7.19,7.21,6.81,6464,16249052.0,5.76,3.45,0.24,0.62
2014-03-14,002683,7.45,7.33,7.45,7.11,6147,15743992.0,4.73,1.95,0.14,0.59
2014-03-17,002683,7.33,7.49,7.49,7.25,17373,45151447.0,3.27,2.18,0.16,1.65
2014-03-18,002683,7.5,7.59,7.59,7.14,13906,36226462.0,6.01,1.34,0.1,1.32
2014-03-19,002683,7.47,7.55,7.59,6.99,8484,21961436.0,7.91,-0.53,-0.04,0.81
2014-03-20,002683,7.45,7.55,7.76,7.42,10637,28284408.0,4.5,0.0,0.0,1.01
2014-03-21,002683,7.47,7.55,7.6,7.2,6932,18044476.0,5.3,0.0,0.0,0.66
2014-03-24,002683,7.47,7.71,7.93,7.2,12657,33708323.0,9.67,2.12,0.16,1.2
2014-03-25,002683,7.63,7.54,7.9,7.39,9033,23969193.0,6.61,-2.2,-0.17,0.86
2014-03-26,002683,7.49,7.59,7.65,7.39,5052,13324628.0,3.45,0.66,0.05,0.48
2014-03-27,002683,7.59,7.6,7.74,7.33,12408,32542341.0,5.4,0.13,0.01,1.18
2014-03-28,002683,7.54,7.47,7.55,7.28,7884,20484694.0,3.55,-1.71,-0.13,0.75
2014-03-31,002683,7.39,7.2,7.43,7.07,8235,21099102.0,4.82,-3.61,-0.27,0.78
2014-04-01,002683,7.25,7.3,7.38,7.11,7155,18319341.0,3.75,1.39,0.1,0.68
2014-04-02,002683,7.3,7.39,7.41,7.11,5835,14998445.0,4.11,1.23,0.09,0.56
2014-04-03,002683,7.39,7.39,7.46,7.21,8682,22441578.0,3.38,0.0,0.0,0.83
2014-04-04,002683,7.37,7.64,7.72,7.35,8119,21550084.0,5.01,3.38,0.25,0.77
2014-04-08,002683,7.57,7.89,7.91,7.57,10381,28007954.0,4.45,3.27,0.25,0.99
2014-04-09,002683,7.89,8.05,8.06,7.74,8654,23701416.0,4.06,2.03,0.16,0.82
2014-04-10,002683,8.05,7.98,8.09,7.88,5063,13894113.0,2.61,-0.87,-0.07,0.48
2014-04-11,002683,7.9,8.01,8.07,7.83,4350,11946323.0,3.01,0.38,0.03,0.41
2014-04-14,002683,7.96,8.01,8.06,7.87,3308,9069325.0,2.37,0.0,0.0,0.31
2014-04-15,002683,7.93,7.79,7.93,7.79,3817,10354187.0,1.75,-2.75,-0.22,0.36
2014-04-16,002683,7.74,7.73,7.79,7.71,3448,9276159.0,1.03,-0.77,-0.06,0.33
2014-04-17,002683,7.73,7.71,7.73,7.67,2470,6612321.0,0.78,-0.26,-0.02,0.24
2014-04-18,002683,7.77,7.73,7.79,7.64,5211,14013176.0,1.95,0.26,0.02,0.5
2014-04-21,002683,7.71,7.64,7.77,7.63,4143,11085691.0,1.81,-1.16,-0.09,0.39
2014-04-22,002683,7.59,7.52,7.73,7.47,2418,6385093.0,3.4,-1.57,-0.12,0.23
2014-04-23,002683,7.47,7.59,7.61,7.47,2399,6346337.0,1.86,0.93,0.07,0.23
2014-04-24,002683,7.58,7.41,7.58,7.23,9101,23564359.0,4.61,-2.37,-0.18,0.87
2014-04-25,002683,7.39,7.26,7.41,7.11,11362,29179652.0,4.05,-2.02,-0.15,1.08
2014-04-28,002683,7.11,7.23,7.23,7.01,4439,11193791.0,3.03,-0.41,-0.03,0.42
2014-04-29,002683,7.15,7.21,7.24,6.91,6620,16630064.0,4.56,-0.28,-0.02,0.63
2014-04-30,002683,7.13,7.17,7.21,7.03,1864,4725023.0,2.5,-0.55,-0.04,0.18
2014-05-05,002683,7.17,7.37,7.41,7.12,3328,8558523.0,4.04,2.79,0.2,0.32
2014-05-06,002683,7.3,7.37,7.41,7.3,2816,7311724.0,1.49,0.0,0.0,0.27
2014-05-07,002683,7.39,7.16,7.43,7.13,3055,7867112.0,4.07,-2.85,-0.21,0.29
2014-05-08,002683,7.11,7.09,7.21,7.07,2827,7169148.0,1.96,-0.98,-0.07,0.27
2014-05-09,002683,7.13,7.13,7.19,7.03,1905,4820769.0,2.26,0.56,0.04,0.18
2014-05-12,002683,7.2,7.09,7.2,6.99,5719,14454458.0,2.95,-0.56,-0.04,0.54
2014-05-13,002683,7.09,7.01,7.12,6.87,7409,18539279.0,3.53,-1.13,-0.08,0.71
2014-05-14,002683,7.0,6.86,7.05,6.83,8811,21859573.0,3.14,-2.14,-0.15,0.84
2014-05-15,002683,6.86,6.59,6.87,6.51,15932,38519619.0,5.25,-3.94,-0.27,1.52
2014-05-16,002683,6.59,6.62,6.64,6.51,3288,7859863.0,1.97,0.46,0.03,0.31
2014-05-19,002683,6.62,6.61,6.66,6.07,3911,9142369.0,8.91,-0.15,-0.01,0.37
2014-05-20,002683,6.51,5.84,6.6,5.69,14948,33864822.0,13.77,-11.65,-0.77,1.42
2014-05-21,002683,5.79,5.79,5.81,5.5,17777,38023064.0,5.31,-0.86,-0.05,1.69
2014-05-22,002683,5.75,5.98,5.98,5.71,11370,24911160.0,4.66,3.28,0.19,1.08
2014-05-23,002683,5.96,5.87,5.96,5.83,9673,21208566.0,2.17,-1.84,-0.11,0.92
2014-05-26,002683,5.86,5.98,6.0,5.86,12276,27017405.0,2.39,1.87,0.11,1.17
2014-05-27,002683,5.99,6.15,6.18,5.92,10161,22760833.0,4.35,2.84,0.17,0.97
2014-05-28,002683,6.15,6.29,6.31,6.03,8374,18975964.0,4.55,2.28,0.14,0.8
2014-05-29,002683,6.28,6.15,6.28,6.05,4740,10730201.0,3.66,-2.23,-0.14,0.45
2014-05-30,002683,6.18,6.15,6.18,6.1,8166,18449332.0,1.3,0.0,0.0,0.78
2014-06-03,002683,6.15,6.13,6.15,5.91,7200,16041445.0,3.9,-0.33,-0.02,0.69
2014-06-04,002683,6.11,5.93,6.11,5.87,9793,21558788.0,3.92,-3.26,-0.2,0.93
2014-06-05,002683,5.87,6.11,6.14,5.85,4370,9764100.0,4.89,3.04,0.18,0.42
2014-06-06,002683,6.06,6.0,6.08,5.95,1685,3751168.0,2.13,-1.8,-0.11,0.16
2014-06-09,002683,6.01,5.98,6.02,5.93,1312,2910733.0,1.5,-0.33,-0.02,0.12
2014-06-10,002683,6.01,6.21,6.26,5.99,7675,17309759.0,4.52,3.85,0.23,0.73
2014-06-11,002683,6.19,6.67,6.71,6.15,17859,42023405.0,9.02,7.41,0.46,1.7
2014-06-12,002683,6.67,6.67,6.67,6.53,3943,9367461.0,2.1,0.0,0.0,0.38
2014-06-13,002683,6.71,6.77,6.93,6.62,8069,19493625.0,4.65,1.5,0.1,0.77
2014-06-16,002683,6.73,6.85,6.87,6.73,5769,13990096.0,2.07,1.18,0.08,0.55
2014-06-17,002683,6.87,6.62,6.87,6.61,2605,6253919.0,3.8,-3.36,-0.23,0.25
2014-06-18,002683,6.62,6.61,6.7,6.52,1930,4589250.0,2.72,-0.15,-0.01,0.18
2014-06-19,002683,6.66,6.28,6.7,6.26,5527,12913466.0,6.66,-4.99,-0.33,0.53
2014-06-20,002683,6.28,6.5,6.5,6.25,2101,4872992.0,3.98,3.5,0.22,0.2
2014-06-23,002683,6.4,6.79,6.91,6.36,6133,14784133.0,8.46,4.46,0.29,0.58
2014-06-24,002683,6.75,6.86,6.91,6.75,3273,7975946.0,2.36,1.03,0.07,0.31
2014-06-25,002683,6.81,6.91,6.91,6.71,3919,9534480.0,2.92,0.73,0.05,0.37
2014-06-26,002683,6.88,6.95,6.95,6.85,3357,8223684.0,1.45,0.58,0.04,0.32
2014-06-27,002683,6.99,6.73,6.99,6.73,6145,14866928.0,3.74,-3.17,-0.22,0.58
2014-06-30,002683,6.77,6.89,6.92,6.65,5032,12225776.0,4.01,2.38,0.16,0.48
2014-07-01,002683,6.87,6.85,6.94,6.76,2414,5890389.0,2.61,-0.58,-0.04,0.23
2014-07-02,002683,6.81,7.03,7.06,6.76,7183,17706496.0,4.38,2.63,0.18,0.68
2014-07-03,002683,6.98,7.09,7.17,6.87,6304,15704096.0,4.27,0.85,0.06,0.6
2014-07-04,002683,7.09,7.11,7.14,7.0,2554,6368853.0,1.97,0.28,0.02,0.24
2014-07-07,002683,7.1,7.28,7.35,7.04,9671,24439088.0,4.36,2.39,0.17,0.92
2014-07-08,002683,7.28,7.31,7.35,7.06,3441,8722411.0,3.98,0.41,0.03,0.33
2014-07-09,002683,7.31,6.94,7.31,6.91,4756,11927248.0,5.47,-5.06,-0.37,0.45
2014-07-10,002683,6.94,7.05,7.21,6.94,2733,6826479.0,3.89,1.59,0.11,0.26
2014-07-11,002683,6.92,7.22,7.27,6.91,2869,7222379.0,5.11,2.41,0.17,0.27
2014-07-14,002683,7.18,7.23,7.27,7.11,2266,5725787.0,2.22,0.14,0.01,0.22
2014-07-15,002683,7.23,7.27,7.39,7.11,4402,11191102.0,3.87,0.55,0.04,0.42
2014-07-16,002683,7.22,7.39,7.51,7.22,6601,16993036.0,3.99,1.65,0.12,0.63
2014-07-17,002683,7.33,7.22,7.45,7.18,5137,13054803.0,3.65,-2.3,-0.17,0.49
2014-07-18,002683,7.25,7.22,7.3,7.14,1446,3651612.0,2.22,0.0,0.0,0.14
2014-07-21,002683,7.25,7.25,7.27,7.14,1951,4930199.0,1.8,0.42,0.03,0.19
2014-07-22,002683,7.31,7.37,7.45,7.23,4887,12499251.0,3.03,1.66,0.12,0.46
2014-07-23,002683,7.35,6.98,7.36,6.95,8956,22271214.0,5.56,-5.29,-0.39,0.85
2014-07-24,002683,7.1,6.87,7.42,6.67,11993,29907607.0,10.74,-1.58,-0.11,1.14
2014-07-25,002683,6.75,7.3,7.33,6.73,9402,23479214.0,8.73,6.26,0.43,0.89
2014-07-28,002683,7.39,7.55,7.62,7.25,18887,48899212.0,5.07,3.42,0.25,1.79
2014-07-29,002683,7.55,7.41,7.65,7.35,8564,22208636.0,3.97,-1.85,-0.14,0.81
2014-07-30,002683,7.42,7.39,7.42,7.33,4270,10955120.0,1.21,-0.27,-0.02,0.41
2014-07-31,002683,7.42,7.55,7.59,7.23,11829,30209274.0,4.87,2.17,0.16,1.12
2014-08-01,002683,7.51,7.51,7.61,7.32,6665,17279158.0,3.84,-0.53,-0.04,0.63
2014-08-04,002683,7.44,7.52,7.61,7.44,6451,16810938.0,2.26,0.13,0.01,0.61
2014-08-05,002683,7.52,7.55,7.61,7.46,6600,17225979.0,1.99,0.4,0.03,0.63
2014-08-06,002683,7.63,7.51,7.63,7.49,12966,33812953.0,1.85,-0.53,-0.04,1.23
2014-08-07,002683,7.51,7.51,7.59,7.38,7855,20401941.0,2.8,0.0,0.0,0.75
2014-08-08,002683,7.61,8.17,8.47,7.61,28801,78619928.0,11.45,8.79,0.66,2.74
2014-08-11,002683,7.96,8.24,8.46,7.91,21542,60130915.0,6.73,0.86,0.07,2.05
2014-08-12,002683,8.27,8.28,8.41,8.17,10465,29170152.0,2.91,0.49,0.04,0.99
2014-08-13,002683,8.13,8.48,8.49,8.13,12422,34943954.0,4.35,2.42,0.2,1.18
2014-08-14,002683,8.48,8.45,8.71,8.31,23855,68344072.0,4.72,-0.35,-0.03,2.27
2014-08-15,002683,8.33,8.65,8.88,8.29,19765,57408914.0,6.98,2.37,0.2,1.88
2014-08-18,002683,8.67,8.77,8.8,8.48,15414,44394972.0,3.7,1.39,0.12,1.46
2014-08-19,002683,8.78,8.68,8.79,8.47,17132,49097071.0,3.65,-1.03,-0.09,1.63
2014-08-20,002683,8.67,8.85,8.86,8.59,16283,47338654.0,3.11,1.96,0.17,1.55
2014-08-21,002683,8.86,8.75,8.87,8.61,5548,16119271.0,2.94,-1.13,-0.1,0.53
2014-08-22,002683,8.66,8.76,8.84,8.63,7608,22120112.0,2.4,0.11,0.01,0.72
2014-08-25,002683,8.67,8.47,8.74,8.37,10570,30208398.0,4.22,-3.31,-0.29,1.0
2014-08-26,002683,8.35,8.47,9.03,8.35,15091,43332124.0,8.03,0.0,0.0,1.43
2014-08-27,002683,8.35,8.69,8.8,8.24,15366,43771621.0,6.61,2.6,0.22,1.46
2014-08-28,002683,8.64,8.47,8.81,8.41,6519,18745349.0,4.6,-2.53,-0.22,0.62
2014-08-29,002683,8.49,8.92,8.93,8.39,13186,38515137.0,6.38,5.31,0.45,1.25
2014-09-01,002683,8.9,9.11,9.37,8.89,21801,65780048.0,5.38,2.13,0.19,2.07
2014-09-02,002683,9.19,9.34,9.36,9.13,15121,46031418.0,2.52,2.52,0.23,1.44
2014-09-03,002683,9.31,9.16,9.46,9.12,12892,39027355.0,3.64,-1.93,-0.18,1.22
2014-09-04,002683,9.18,9.19,9.31,9.11,8881,26881134.0,2.18,0.33,0.03,0.84
2014-09-05,002683,9.19,9.22,9.25,8.92,9730,29127347.0,3.59,0.33,0.03,0.92
2014-09-09,002683,9.23,9.43,9.46,9.04,11981,36415417.0,4.56,2.28,0.21,1.15
2014-09-10,002683,9.36,9.41,9.46,9.19,12041,36824865.0,2.86,-0.21,-0.02,1.16
2014-09-11,002683,9.43,9.62,9.91,9.43,19497,61697893.0,5.1,2.23,0.21,1.87
2014-09-12,002683,9.76,9.91,9.93,9.63,15528,49360615.0,3.12,3.01,0.29,1.49
2014-09-15,002683,9.92,9.91,10.0,9.79,21862,69949933.0,2.12,0.0,0.0,2.1
2014-09-16,002683,9.91,9.77,10.07,9.58,17639,56208276.0,4.94,-1.41,-0.14,1.7
2014-09-17,002683,9.79,9.89,10.02,9.72,14774,47144569.0,3.07,1.23,0.12,1.42
2014-09-18,002683,9.84,10.01,10.02,9.72,9218,29592558.0,3.03,1.21,0.12,0.89
2014-09-19,002683,9.97,10.03,10.06,9.91,8411,27093757.0,1.5,0.2,0.02,0.81
2014-09-22,002683,9.91,9.55,9.91,9.11,30155,92445668.0,7.98,-4.79,-0.48,2.9
2014-09-23,002683,9.43,9.47,9.53,9.15,14999,45917429.0,3.98,-0.84,-0.08,1.44
2014-09-24,002683,9.58,9.27,9.71,9.23,28939,89099194.0,5.07,-2.11,-0.2,2.78
2014-09-25,002683,9.25,9.11,9.49,8.89,20312,61691896.0,6.47,-1.73,-0.16,1.95
2014-09-26,002683,9.17,9.06,9.19,8.91,17303,51496898.0,3.07,-0.55,-0.05,1.66
2014-09-29,002683,9.03,9.77,9.77,9.03,32790,102532619.0,8.17,7.84,0.71,3.15
2014-09-30,002683,9.98,9.86,9.99,9.63,17546,55754433.0,3.68,0.92,0.09,1.69
2014-10-08,002683,10.03,9.99,10.18,9.93,19367,62592035.0,2.54,1.32,0.13,1.86
2014-10-09,002683,10.07,10.43,10.55,10.02,31364,103724075.0,5.31,4.4,0.44,3.02
2014-10-10,002683,10.42,10.7,10.74,10.27,30247,102046273.0,4.51,2.59,0.27,2.91
2014-10-13,002683,10.64,10.03,10.67,9.9,37539,123420013.0,7.2,-6.26,-0.67,3.61
2014-10-14,002683,10.03,9.96,10.19,9.87,21605,69941357.0,3.19,-0.7,-0.07,2.08
2014-10-15,002683,10.03,9.71,10.03,9.39,26626,83215564.0,6.43,-2.51,-0.25,2.56
2014-10-16,002683,9.77,9.42,9.77,9.27,27860,85497921.0,5.15,-2.99,-0.29,2.68
2014-10-17,002683,9.49,9.05,9.49,8.91,29870,89071387.0,6.16,-3.93,-0.37,2.87
2014-10-20,002683,9.05,9.11,9.3,8.43,52355,153380528.0,9.61,0.66,0.06,5.03
2014-10-21,002683,9.01,9.07,9.14,8.79,20934,62609802.0,3.84,-0.44,-0.04,2.01
2014-10-22,002683,9.06,8.99,9.1,8.86,18715,55191508.0,2.65,-0.88,-0.08,1.8
2014-10-23,002683,8.91,8.73,8.91,8.63,13614,39656122.0,3.11,-2.89,-0.26,1.31
2014-10-24,002683,8.63,9.16,9.16,8.63,15839,47253562.0,6.07,4.93,0.43,1.52
2014-10-27,002683,9.16,9.2,9.23,9.1,7735,23347073.0,1.42,0.44,0.04,0.74
2014-10-28,002683,9.3,9.2,9.38,9.11,19203,58086073.0,2.93,0.0,0.0,1.85
2014-10-29,002683,9.11,9.27,9.31,9.07,26289,79567563.0,2.61,0.76,0.07,2.53
2014-10-30,002683,9.23,9.42,9.67,9.23,22013,68119283.0,4.75,1.62,0.15,2.12
2014-10-31,002683,9.49,9.51,9.51,9.17,17521,53536454.0,3.61,0.96,0.09,1.68
2014-11-03,002683,9.31,9.31,9.35,8.91,40830,122240190.0,4.63,-2.1,-0.2,3.93
2014-11-04,002683,9.11,9.16,9.39,9.11,12923,39164801.0,3.01,-1.61,-0.15,1.24
2014-11-05,002683,9.21,9.1,9.26,9.05,17174,51607538.0,2.29,-0.66,-0.06,1.65
2014-11-06,002683,9.07,9.23,9.31,9.03,16657,50180064.0,3.08,1.43,0.13,1.6
2014-11-07,002683,9.23,9.13,9.41,9.01,23451,70625088.0,4.33,-1.08,-0.1,2.25
2014-11-10,002683,9.14,9.21,9.25,9.05,20797,62620937.0,2.19,0.88,0.08,2.0
2014-11-11,002683,9.22,9.09,9.31,9.09,19691,59372052.0,2.39,-1.3,-0.12,1.89
2014-11-12,002683,9.21,9.61,9.87,9.11,26461,82789784.0,8.36,5.72,0.52,2.54
2014-11-13,002683,9.62,9.42,9.66,9.09,28969,88697147.0,5.93,-1.98,-0.19,2.79
2014-11-14,002683,9.42,9.29,9.43,9.19,13463,40976968.0,2.55,-1.38,-0.13,1.29
2014-11-17,002683,9.37,9.21,9.37,9.11,20620,62357179.0,2.8,-0.86,-0.08,1.98
2014-11-18,002683,9.17,9.31,9.31,9.14,10904,32982365.0,1.85,1.09,0.1,1.05
2014-11-19,002683,9.24,9.51,9.62,9.24,17506,54078846.0,4.08,2.15,0.2,1.68
2014-11-20,002683,9.48,9.48,9.51,9.37,13916,42936428.0,1.47,-0.32,-0.03,1.34
2014-11-21,002683,9.52,9.53,9.7,9.43,15411,48038694.0,2.85,0.53,0.05,1.48
2014-11-24,002683,9.66,9.43,9.7,9.35,24142,74606377.0,3.67,-1.05,-0.1,2.32
2014-11-25,002683,9.49,9.19,9.51,9.07,31489,95313484.0,4.67,-2.55,-0.24,3.03
2014-11-26,002683,9.19,9.19,9.34,9.07,19843,59894390.0,2.94,0.0,0.0,1.91
2014-11-27,002683,9.19,9.05,9.27,8.97,34021,101898997.0,3.26,-1.52,-0.14,3.27
2014-11-28,002683,9.05,8.79,9.05,8.67,36014,105177032.0,4.2,-2.87,-0.26,3.46
2014-12-01,002683,8.79,8.57,8.79,8.48,18762,53653513.0,3.53,-2.5,-0.22,1.8
2014-12-02,002683,8.57,8.69,8.77,8.57,17557,50816900.0,2.33,1.4,0.12,1.69
2014-12-03,002683,8.69,8.56,8.76,8.39,31925,90925871.0,4.26,-1.5,-0.13,3.07
2014-12-04,002683,8.57,8.72,8.72,8.5,35827,103230737.0,2.57,1.87,0.16,3.44
2014-12-05,002683,8.79,8.19,8.79,7.63,55764,153769381.0,13.3,-6.08,-0.53,5.36
2014-12-08,002683,8.27,7.77,8.27,7.66,59299,158388360.0,7.45,-5.13,-0.42,5.7
2014-12-09,002683,7.55,7.11,7.67,6.99,63511,162132499.0,8.75,-8.49,-0.66,6.11
2014-12-10,002683,7.23,7.64,7.69,7.11,24397,63379948.0,8.16,7.45,0.53,2.35
2014-12-11,002683,7.64,7.81,7.88,7.56,21856,58082207.0,4.19,2.23,0.17,2.1
2014-12-12,002683,7.87,7.7,7.87,7.53,15166,40019644.0,4.35,-1.41,-0.11,1.46
2014-12-15,002683,7.69,7.79,7.82,7.57,16081,42694687.0,3.25,1.17,0.09,1.55
2014-12-16,002683,7.74,7.69,7.9,7.66,15945,42439594.0,3.08,-1.28,-0.1,1.53
2014-12-17,002683,7.69,7.33,7.69,7.16,25565,65576709.0,6.89,-4.68,-0.36,2.46
2014-12-18,002683,7.33,7.19,7.33,7.12,16861,42693029.0,2.86,-1.91,-0.14,1.62
2014-12-19,002683,7.27,7.33,7.37,7.11,19460,49018785.0,3.62,1.95,0.14,1.87
2014-12-22,002683,7.29,6.94,7.29,6.82,18336,45134702.0,6.41,-5.32,-0.39,1.76
2014-12-23,002683,6.75,7.04,7.16,6.75,10279,25381101.0,5.91,1.44,0.1,0.99
2014-12-24,002683,7.08,7.31,7.31,7.08,22204,56285289.0,3.27,3.84,0.27,2.13
2014-12-25,002683,7.31,7.19,7.31,7.11,14782,37112213.0,2.74,-1.64,-0.12,1.42
2014-12-26,002683,7.21,7.19,7.26,7.12,11589,29132578.0,1.95,0.0,0.0,1.11
2014-12-29,002683,7.14,6.91,7.19,6.86,18241,44763926.0,4.59,-3.89,-0.28,1.75
2014-12-30,002683,6.93,6.79,7.09,6.75,13613,33125001.0,4.92,-1.74,-0.12,1.31
2014-12-31,002683,6.87,6.94,7.08,6.82,8841,21776295.0,3.83,2.21,0.15,0.85
2015-01-05,002683,7.03,7.15,7.23,6.99,16785,42080332.0,3.46,3.03,0.21,1.61
2015-01-06,002683,7.15,7.18,7.29,7.0,21682,54427625.0,4.06,0.42,0.03,2.08
2015-01-07,002683,7.2,7.09,7.27,7.03,15081,37927855.0,3.34,-1.25,-0.09,1.45
2015-01-08,002683,7.09,7.03,7.11,6.99,15553,38628211.0,1.69,-0.85,-0.06,1.5
2015-01-09,002683,7.04,7.01,7.14,6.87,11801,29326377.0,3.84,-0.28,-0.02,1.13
2015-01-12,002683,6.99,6.89,7.03,6.83,9414,23108051.0,2.85,-1.71,-0.12,0.91
2015-01-13,002683,6.98,7.34,7.35,6.75,18972,47364669.0,8.71,6.53,0.45,1.82
2015-01-14,002683,7.33,7.15,7.33,7.07,12781,32130007.0,3.54,-2.59,-0.19,1.23
2015-01-15,002683,7.12,7.15,7.22,7.08,8578,21530497.0,1.96,0.0,0.0,0.82
2015-01-16,002683,7.16,7.27,7.33,7.11,15005,37996310.0,3.08,1.68,0.12,1.44
2015-01-19,002683,7.07,7.26,7.47,6.91,30581,77267005.0,7.7,-0.14,-0.01,2.94
2015-01-20,002683,7.26,7.57,7.59,7.26,29791,77103313.0,4.55,4.27,0.31,2.86
2015-01-21,002683,7.57,7.69,7.79,7.52,30652,81031644.0,3.57,1.59,0.12,2.95
2015-01-22,002683,7.64,7.81,7.84,7.63,22102,58640536.0,2.73,1.56,0.12,2.13
2015-01-23,002683,7.75,7.61,7.88,7.58,21997,58064799.0,3.84,-2.56,-0.2,2.11
2015-01-26,002683,7.61,7.72,7.77,7.47,14511,38225069.0,3.94,1.45,0.11,1.4
2015-01-27,002683,7.71,7.63,7.71,7.55,14921,39241950.0,2.07,-1.17,-0.09,1.43
2015-01-28,002683,7.63,7.83,7.84,7.61,19484,51757128.0,3.01,2.62,0.2,1.87
2015-01-29,002683,8.9,8.9,8.9,8.53,50690,148970556.0,4.73,13.67,1.07,4.87
2015-01-30,002683,9.11,8.39,9.11,8.35,86262,250222074.0,8.54,-5.73,-0.51,8.29
2015-02-02,002683,8.27,8.5,8.68,8.03,35254,99732770.0,7.75,1.31,0.11,3.39
2015-02-03,002683,8.55,8.54,8.63,8.35,23954,68064249.0,3.29,0.47,0.04,2.3
2015-02-04,002683,8.55,8.42,8.59,8.27,24507,69173776.0,3.75,-1.41,-0.12,2.36
2015-02-05,002683,8.47,8.25,8.49,8.24,21581,60436778.0,2.97,-2.02,-0.17,2.07
2015-02-06,002683,8.23,7.83,8.23,7.82,21959,59510489.0,4.97,-5.09,-0.42,2.11
2015-02-09,002683,7.83,7.65,7.99,7.58,16977,45512390.0,5.24,-2.3,-0.18,1.63
2015-02-10,002683,7.65,7.76,7.83,7.65,12730,33824946.0,2.35,1.44,0.11,1.22
2015-02-11,002683,7.77,7.84,7.91,7.77,15365,41148208.0,1.8,1.03,0.08,1.48
2015-02-12,002683,7.89,7.91,7.93,7.84,19194,51739628.0,1.15,0.89,0.07,1.85
2015-02-13,002683,7.96,8.23,8.26,7.96,24201,66454167.0,3.79,4.05,0.32,2.33
2015-02-16,002683,8.3,8.28,8.4,8.19,19488,54430147.0,2.55,0.61,0.05,1.87
2015-02-17,002683,8.29,8.24,8.31,8.17,19015,52829636.0,1.69,-0.48,-0.04,1.83
2015-02-25,002683,8.24,8.05,8.3,8.01,15043,41395441.0,3.52,-2.31,-0.19,1.45
2015-02-26,002683,7.97,8.16,8.16,7.97,10114,27771086.0,2.36,1.37,0.11,0.97
2015-02-27,002683,8.11,8.23,8.37,8.11,23337,65034584.0,3.19,0.86,0.07,2.24
2015-03-02,002683,8.24,8.5,8.53,8.24,37479,106170172.0,3.52,3.28,0.27,3.6
2015-03-03,002683,8.45,8.45,8.67,8.34,40631,115673169.0,3.88,-0.59,-0.05,3.91
2015-03-04,002683,8.41,8.6,8.61,8.41,26721,76441813.0,2.37,1.78,0.15,2.57
2015-03-05,002683,8.6,8.61,8.67,8.52,29334,84050136.0,1.74,0.12,0.01,2.82
2015-03-06,002683,8.65,8.4,8.67,8.35,24453,69480349.0,3.72,-2.44,-0.21,2.35
2015-03-09,002683,8.38,8.44,8.45,8.23,14162,39804078.0,2.62,0.48,0.04,1.36
2015-03-10,002683,8.39,8.43,8.48,8.36,22740,64346257.0,1.42,-0.12,-0.01,2.19
2015-03-11,002683,8.44,8.27,8.5,8.24,20033,56248899.0,3.08,-1.9,-0.16,1.93
2015-03-12,002683,8.25,8.22,8.37,8.13,18386,51151593.0,2.9,-0.6,-0.05,1.77
2015-03-13,002683,8.28,8.31,8.32,8.2,22680,63209309.0,1.46,1.09,0.09,2.18
2015-03-16,002683,8.35,8.91,9.01,8.35,70811,206089637.0,7.94,7.22,0.6,6.81
2015-03-17,002683,8.91,8.93,8.98,8.75,52620,154846219.0,2.58,0.22,0.02,5.06
2015-03-18,002683,8.94,9.37,9.49,8.87,76686,232356601.0,6.94,4.93,0.44,7.37
2015-03-19,002683,9.35,9.32,9.35,9.14,37625,113894903.0,2.24,-0.53,-0.05,3.62
2015-03-20,002683,9.3,9.47,9.61,9.23,45500,140339794.0,4.08,1.61,0.15,4.37
2015-03-23,002683,9.61,10.43,10.44,9.6,94123,309017824.0,8.87,10.14,0.96,9.05
2015-03-24,002683,10.6,10.91,10.91,9.75,101927,337458128.0,11.12,4.6,0.48,9.8
2015-03-25,002683,10.77,11.8,12.27,10.56,106226,380207648.0,15.67,8.16,0.89,10.21
2015-03-26,002683,11.66,11.19,12.19,10.95,95043,343440592.0,10.51,-5.17,-0.61,9.14
2015-03-27,002683,11.19,11.2,11.36,10.85,41642,145584184.0,4.56,0.09,0.01,4.0
2015-03-30,002683,11.2,11.05,11.44,10.99,44121,154742565.0,4.02,-1.34,-0.15,4.24
2015-03-31,002683,11.07,11.05,11.23,10.89,46663,162449337.0,3.08,0.0,0.0,4.49
2015-04-01,002683,11.12,11.57,11.69,11.03,68645,246591643.0,5.97,4.71,0.52,6.6
2015-04-02,002683,11.6,12.38,12.59,11.4,90979,336963520.0,10.29,7.0,0.81,8.75
2015-04-03,002683,12.15,12.68,12.77,11.95,83251,319416480.0,6.62,2.42,0.3,8.0
2015-04-07,002683,12.59,12.75,12.91,12.51,75118,292535552.0,3.15,0.55,0.07,7.22
2015-04-08,002683,12.75,12.6,12.83,12.23,75610,290559360.0,4.71,-1.18,-0.15,7.27
2015-04-09,002683,12.54,12.21,12.54,11.37,62861,234175176.0,9.29,-3.1,-0.39,6.04
2015-04-10,002683,12.3,13.49,13.7,12.11,86511,346445712.0,13.02,10.48,1.28,8.32
2015-04-13,002683,13.71,13.76,14.03,13.13,73576,305356528.0,6.67,2.0,0.27,7.07
2015-04-14,002683,13.76,13.43,13.91,13.13,58214,238222679.0,5.67,-2.4,-0.33,5.6
2015-04-15,002683,13.43,12.35,13.43,11.91,60618,235554529.0,11.32,-8.04,-1.08,5.83
2015-04-16,002683,12.31,12.91,13.17,11.98,62457,244914320.0,9.64,4.53,0.56,6.01
2015-04-17,002683,12.91,12.49,13.17,12.32,46429,180389083.0,6.58,-3.25,-0.42,4.46
2015-04-20,002683,12.65,11.54,12.71,11.52,77906,290422352.0,9.53,-7.61,-0.95,7.49
2015-04-21,002683,11.53,12.15,12.29,11.47,43336,160676837.0,7.11,5.29,0.61,4.17
2015-04-22,002683,12.15,12.38,12.47,12.07,49762,188794428.0,3.29,1.89,0.23,4.78
2015-04-23,002683,12.43,12.15,12.51,12.11,45673,172639772.0,3.23,-1.86,-0.23,4.39
2015-04-24,002683,12.03,12.31,12.39,11.63,48760,181509030.0,6.26,1.32,0.16,4.69
2015-04-27,002683,12.26,12.09,12.44,11.91,49394,185941710.0,4.31,-1.79,-0.22,4.75
2015-04-28,002683,12.09,11.39,12.19,11.38,42990,157139882.0,6.7,-5.79,-0.7,4.13
2015-04-29,002683,11.51,11.49,11.82,11.39,26017,94193171.0,3.78,0.88,0.1,2.5
2015-04-30,002683,11.65,11.72,11.94,11.54,29397,107634523.0,3.48,2.0,0.23,2.83
2015-05-04,002683,11.72,11.99,12.03,11.47,32398,118603826.0,4.78,2.3,0.27,3.11
2015-05-05,002683,11.83,11.37,11.91,11.31,27892,100830536.0,5.0,-5.17,-0.62,2.68
2015-05-06,002683,11.39,11.17,11.61,11.14,23751,84680164.0,4.13,-1.76,-0.2,2.28
2015-05-07,002683,11.03,10.76,11.23,10.63,21098,72686098.0,5.37,-3.67,-0.41,2.03
2015-05-08,002683,10.93,11.3,11.51,10.93,24447,86269035.0,5.39,5.02,0.54,2.35
2015-12-28,002683,12.15,10.82,12.22,10.34,481812,672826832.0,16.64,-4.25,-0.48,10.18
2015-12-29,002683,10.24,10.21,10.73,9.88,337487,439333232.0,7.86,-5.64,-0.61,7.13
2015-12-30,002683,10.23,10.44,10.67,10.11,210654,276742240.0,5.48,2.25,0.23,4.45
2015-12-31,002683,10.52,9.98,10.58,9.85,153350,198622937.0,6.99,-4.41,-0.46,3.24
2016-01-04,002683,10.02,8.72,10.14,8.71,104531,127182486.0,14.33,-12.63,-1.26,2.21
2016-01-05,002683,8.02,8.29,8.61,7.85,131615,145313980.0,8.72,-4.93,-0.43,2.78
2016-01-06,002683,8.31,8.57,8.58,8.21,93409,104397298.0,4.46,3.38,0.28,1.97
2016-01-07,002683,8.32,7.44,8.33,7.44,25551,27142579.0,10.39,-13.19,-1.13,0.54
2016-01-08,002683,7.67,7.64,8.03,6.66,121969,125991510.0,18.41,2.69,0.2,2.58
2016-01-11,002683,7.33,6.98,7.5,6.93,81695,82344898.0,7.46,-8.64,-0.66,1.73
2016-01-12,002683,7.13,7.04,7.31,6.96,67124,66379619.0,5.01,0.86,0.06,1.42
2016-01-13,002683,7.19,6.35,7.28,6.33,76897,74295866.0,13.49,-9.8,-0.69,1.62
2016-01-14,002683,6.13,6.6,6.86,5.74,110642,98734487.0,17.64,3.94,0.25,2.34
2016-01-15,002683,6.58,6.17,6.81,6.03,67908,62533363.0,11.82,-6.52,-0.43,1.43
2016-01-18,002683,5.9,6.35,6.51,5.77,59452,53708394.0,11.99,2.92,0.18,1.26
2016-01-19,002683,6.23,6.73,6.76,6.21,75364,69960930.0,8.66,5.98,0.38,1.59
2016-01-20,002683,6.63,6.41,6.77,6.3,86487,80428288.0,6.98,-4.75,-0.32,1.83
2016-01-21,002683,6.09,5.99,6.45,5.99,63260,57018720.0,7.18,-6.55,-0.42,1.34
2016-01-22,002683,6.05,6.07,6.23,5.85,46447,41002700.0,6.34,1.34,0.08,0.98
2016-01-25,002683,6.11,6.24,6.37,6.1,44350,39947984.0,4.45,2.8,0.17,0.94
2016-01-26,002683,6.12,5.34,6.23,5.34,71037,61337378.0,14.26,-14.42,-0.9,1.5
2016-01-27,002683,5.48,5.47,5.57,5.0,88206,71235082.0,10.67,2.43,0.13,1.86
2016-01-28,002683,5.41,4.98,5.41,4.94,51578,41112040.0,8.59,-8.96,-0.49,1.09
2016-01-29,002683,5.03,5.26,5.36,4.94,57518,45904900.0,8.43,5.62,0.28,1.22
2016-02-01,002683,5.26,5.19,5.3,5.08,45772,36521338.0,4.18,-1.33,-0.07,0.97
2016-02-02,002683,5.25,5.39,5.48,5.19,44600,36354067.0,5.59,3.85,0.2,0.94
2016-02-03,002683,5.38,5.32,5.4,5.16,45646,36671238.0,4.45,-1.3,-0.07,0.96
2016-02-04,002683,5.3,5.48,5.52,5.3,65039,53396215.0,4.14,3.01,0.16,1.37
2016-02-05,002683,5.48,5.61,5.81,5.45,92788,77934224.0,6.57,2.37,0.13,1.96
2016-02-15,002683,5.24,5.39,5.48,5.13,52115,42127201.0,6.24,-3.92,-0.22,1.1
2016-02-16,002683,5.42,5.85,5.92,5.4,79261,67125347.0,9.65,8.53,0.46,1.67
2016-02-17,002683,5.9,5.92,5.98,5.75,82865,71430540.0,3.93,1.2,0.07,1.75
2016-02-18,002683,5.94,6.12,6.22,5.94,101829,90212851.0,4.73,3.38,0.2,2.15
2016-02-19,002683,5.94,6.06,6.12,5.87,62385,54619676.0,4.08,-0.98,-0.06,1.32
2016-02-22,002683,6.12,6.22,6.25,6.02,86984,77507866.0,3.8,2.64,0.16,1.84
2016-02-23,002683,6.22,6.38,6.38,6.03,86660,77303029.0,5.63,2.57,0.16,1.83
2016-02-24,002683,6.37,6.29,6.41,6.04,98672,88801113.0,5.8,-1.41,-0.09,2.08
2016-02-25,002683,6.19,5.38,6.25,5.38,104865,89101411.0,13.83,-14.47,-0.91,2.22
2016-02-26,002683,5.5,5.25,5.59,5.11,71866,57924537.0,8.92,-2.42,-0.13,1.52
2016-02-29,002683,5.09,4.74,5.23,4.59,72344,55085237.0,12.19,-9.71,-0.51,1.53
2016-03-01,002683,4.96,5.07,5.12,4.73,43980,33783582.0,8.23,6.96,0.33,0.93
2016-03-02,002683,5.08,5.49,5.53,4.93,62863,50688497.0,11.83,8.28,0.42,1.33
2016-03-03,002683,5.49,5.41,5.63,5.36,73188,60471270.0,4.92,-1.46,-0.08,1.55
2016-03-04,002683,5.35,4.97,5.42,4.93,52158,41424859.0,9.06,-8.13,-0.44,1.1
2016-03-07,002683,4.97,5.1,5.35,4.97,63933,50674013.0,7.65,2.62,0.13,1.35
2016-03-08,002683,5.16,5.11,5.16,4.73,51600,39807124.0,8.43,0.2,0.01,1.09
2016-03-09,002683,4.93,4.89,5.01,4.82,40487,31089763.0,3.72,-4.31,-0.22,0.86
2016-03-10,002683,4.95,4.71,4.95,4.68,47412,35875770.0,5.52,-3.68,-0.18,1.0
2016-03-11,002683,4.64,4.66,4.73,4.57,40006,29650539.0,3.4,-1.06,-0.05,0.85
2016-03-14,002683,4.78,4.96,5.0,4.77,71332,54922617.0,4.94,6.44,0.3,1.51
2016-03-15,002683,4.9,4.82,4.98,4.76,45858,35048835.0,4.44,-2.82,-0.14,0.97
2016-03-16,002683,4.82,4.94,4.97,4.73,52648,40192708.0,4.98,2.49,0.12,1.11
2016-03-17,002683,4.95,5.58,5.71,4.88,171348,140214316.0,16.8,12.96,0.64,3.62
2016-03-18,002683,5.45,5.7,5.82,5.45,140088,117685891.0,6.63,2.15,0.12,2.96
2016-03-21,002683,5.75,5.88,5.95,5.65,116724,99593061.0,5.26,3.16,0.18,2.47
2016-03-22,002683,5.81,5.69,5.82,5.64,77137,65696760.0,3.06,-3.23,-0.19,1.63
2016-03-23,002683,5.72,5.72,5.78,5.56,84140,70996771.0,3.87,0.53,0.03,1.78
2016-03-24,002683,5.58,5.65,5.88,5.52,114443,96995258.0,6.29,-1.22,-0.07,2.42
2016-03-25,002683,5.6,5.72,5.86,5.58,66621,56411795.0,4.96,1.24,0.07,1.41
2016-03-28,002683,5.78,5.6,5.86,5.55,76267,64765466.0,5.42,-2.1,-0.12,1.61
2016-03-29,002683,5.55,5.32,5.61,5.23,60463,49534518.0,6.79,-5.0,-0.28,1.28
2016-03-30,002683,5.36,5.6,5.6,5.36,58468,48354348.0,4.51,5.26,0.28,1.24
2016-03-31,002683,5.61,5.57,5.67,5.52,67929,56834237.0,2.68,-0.54,-0.03,1.44
2016-04-01,002683,5.53,5.58,5.59,5.35,57067,46961520.0,4.31,0.18,0.01,1.21
2016-04-05,002683,5.57,5.97,6.08,5.5,105322,89985046.0,10.39,6.99,0.39,2.23
2016-04-06,002683,5.85,5.95,6.03,5.83,94437,81936516.0,3.35,-0.34,-0.02,2.0
2016-04-07,002683,5.98,5.84,6.03,5.72,94163,81152413.0,5.21,-1.85,-0.11,1.99
2016-04-08,002683,5.8,5.74,5.81,5.57,62583,52881001.0,4.11,-1.71,-0.1,1.32
2016-04-11,002683,5.81,5.83,5.95,5.75,90624,78295006.0,3.48,1.57,0.09,1.91
2016-04-12,002683,5.88,6.59,6.61,5.85,194918,173996656.0,13.04,13.04,0.76,4.12
2016-04-13,002683,6.48,6.66,7.33,6.34,312536,298840128.0,15.02,1.06,0.07,6.6
2016-04-14,002683,6.72,7.23,7.23,6.54,220081,213879425.0,10.36,8.56,0.57,4.65
2016-04-15,002683,7.26,7.05,7.38,6.98,150250,148290976.0,5.53,-2.49,-0.18,3.17
2016-04-18,002683,6.92,6.6,6.92,6.52,121872,114937699.0,5.67,-6.38,-0.45,2.57
2016-04-19,002683,6.63,6.66,6.77,6.51,76145,71546824.0,3.94,0.91,0.06,1.61
2016-04-20,002683,6.72,6.04,6.76,5.83,142810,128676450.0,13.96,-9.31,-0.62,3.02
2016-04-28,002683,6.28,6.23,6.92,6.13,188103,173635299.0,13.08,3.15,0.19,3.97
2016-04-29,002683,6.23,5.86,6.24,5.86,127424,111765514.0,6.1,-5.94,-0.37,2.69
2016-05-03,002683,5.89,6.04,6.07,5.65,87979,76357959.0,7.17,3.07,0.18,1.86
2016-05-04,002683,5.92,6.02,6.13,5.92,85163,74823387.0,3.48,-0.33,-0.02,1.8
2016-05-05,002683,5.97,6.13,6.16,5.96,78855,69787935.0,3.32,1.83,0.11,1.67
2016-05-06,002683,6.15,5.47,6.16,5.43,110112,94480612.0,11.91,-10.77,-0.66,2.33
2016-05-09,002683,5.37,4.95,5.4,4.85,91541,71677854.0,10.05,-9.51,-0.52,1.93
2016-05-10,002683,4.85,4.96,5.01,4.85,39912,30760145.0,3.23,0.2,0.01,0.84
2016-05-11,002683,5.04,4.72,5.06,4.63,86083,65297253.0,8.67,-4.84,-0.24,1.82
2016-05-12,002683,4.57,4.93,4.98,4.38,81373,60469876.0,12.71,4.45,0.21,1.72
2016-05-13,002683,4.84,4.76,4.95,4.69,47580,36066891.0,5.27,-3.45,-0.17,1.01
2016-05-16,002683,4.81,4.83,4.91,4.62,35406,26713820.0,6.09,1.47,0.07,0.75
2016-05-17,002683,4.87,4.85,4.93,4.76,42980,32524144.0,3.52,0.41,0.02,0.91
2016-05-18,002683,4.83,4.6,4.83,4.49,47953,35119382.0,7.01,-5.15,-0.25,1.01
2016-05-19,002683,4.63,4.73,4.87,4.53,53779,40210837.0,7.39,2.83,0.13,1.14
2016-05-20,002683,4.59,4.78,4.8,4.58,33477,24855329.0,4.65,1.06,0.05,0.71
2016-05-23,002683,4.76,4.88,4.88,4.73,38702,29244714.0,3.14,2.09,0.1,0.82
2016-05-24,002683,4.86,4.72,4.86,4.66,41108,30604635.0,4.1,-3.28,-0.16,0.87
2016-05-25,002683,4.84,4.71,4.93,4.68,32953,24700006.0,5.3,-0.21,-0.01,0.7
2016-05-26,002683,4.96,5.45,5.45,4.76,210316,168298601.0,14.65,15.71,0.74,4.44
2016-05-27,002683,5.47,5.76,5.86,5.3,256366,213826824.0,10.28,5.69,0.31,5.42
2016-05-30,002683,5.46,5.46,5.66,5.42,108689,89400884.0,4.17,-5.21,-0.3,2.3
2016-05-31,002683,5.44,5.94,6.08,5.43,175052,148039105.0,11.9,8.79,0.48,3.7
2016-06-01,002683,5.85,5.79,5.99,5.79,128411,110001474.0,3.37,-2.53,-0.15,2.71
2016-06-02,002683,5.75,5.8,6.05,5.64,113720,97328828.0,7.08,0.17,0.01,2.4
2016-06-03,002683,5.73,5.74,5.93,5.6,111095,93825019.0,5.69,-1.03,-0.06,2.35
2016-06-06,002683,5.7,5.72,5.76,5.59,73259,61405688.0,2.96,-0.35,-0.02,1.55
2016-06-07,002683,5.71,5.73,5.83,5.62,76029,64262184.0,3.67,0.17,0.01,1.61
2016-06-08,002683,5.74,5.81,5.87,5.63,89936,76206750.0,4.19,1.4,0.08,1.9
2016-06-13,002683,5.64,5.01,5.67,4.98,91289,74457006.0,11.88,-13.77,-0.8,1.93
2016-06-14,002683,4.84,4.91,4.97,4.8,66809,50750302.0,3.39,-2.0,-0.1,1.41
2016-06-15,002683,4.78,5.07,5.16,4.7,87797,67590465.0,9.37,3.26,0.16,1.85
2016-06-16,002683,5.06,4.95,5.11,4.88,73367,56662042.0,4.54,-2.37,-0.12,1.55
2016-06-17,002683,4.95,5.07,5.22,4.95,73425,57443734.0,5.45,2.42,0.12,1.55
2016-06-20,002683,5.22,5.1,5.27,4.99,63550,49561817.0,5.52,0.59,0.03,1.34
2016-06-21,002683,5.17,4.99,5.24,4.95,59506,46659352.0,5.69,-2.16,-0.11,1.26
2016-06-22,002683,4.95,5.08,5.1,4.95,42603,33072092.0,3.01,1.8,0.09,0.9
2016-06-23,002683,5.1,5.05,5.12,4.97,41742,32354304.0,2.95,-0.59,-0.03,0.88
2016-06-24,002683,5.05,4.9,5.11,4.68,61807,47227042.0,8.51,-2.97,-0.15,1.31
2016-06-27,002683,4.82,5.04,5.05,4.8,42730,32891644.0,5.1,2.86,0.14,0.9
2016-06-28,002683,5.04,5.22,5.33,5.01,94633,75103819.0,6.35,3.57,0.18,2.0
2016-06-29,002683,5.23,5.64,5.78,5.16,113940,92524618.0,11.88,8.05,0.42,2.41
2016-06-30,002683,5.55,5.48,5.63,5.45,72621,59855460.0,3.19,-2.84,-0.16,1.53
2016-07-01,002683,5.49,5.78,5.86,5.49,167867,141497035.0,6.75,5.47,0.3,3.53
2016-07-04,002683,5.73,5.86,6.03,5.64,128142,109554875.0,6.75,1.38,0.08,2.69
2016-07-05,002683,5.83,5.8,5.99,5.77,82864,70928088.0,3.75,-1.02,-0.06,1.74
2016-07-06,002683,5.79,5.68,5.79,5.61,64050,53786977.0,3.1,-2.07,-0.12,1.35
2016-07-07,002683,5.65,5.61,5.74,5.48,87881,73170992.0,4.58,-1.23,-0.07,1.85
2016-07-08,002683,5.61,5.67,5.68,5.57,57652,48197199.0,1.96,1.07,0.06,1.21
2016-07-11,002683,5.64,5.59,5.77,5.58,70529,59269991.0,3.35,-1.41,-0.08,1.48
2016-07-12,002683,5.56,5.6,5.67,5.43,90807,75042177.0,4.29,0.18,0.01,1.91
2016-07-13,002683,5.59,5.79,5.83,5.56,94068,79349545.0,4.82,3.39,0.19,1.98
2016-07-14,002683,5.8,5.9,5.95,5.66,108021,92136406.0,5.01,1.9,0.11,2.27
2016-07-15,002683,5.88,5.84,5.93,5.77,77149,66221445.0,2.71,-1.02,-0.06,1.62
2016-07-18,002683,5.85,5.7,5.86,5.68,52610,44567920.0,3.08,-2.4,-0.14,1.11
2016-07-19,002683,5.66,5.74,5.74,5.63,44362,37212943.0,1.93,0.7,0.04,0.93
2016-07-20,002683,5.74,5.83,5.83,5.69,55219,46860586.0,2.44,1.57,0.09,1.16
2016-07-21,002683,5.8,5.91,6.0,5.79,96670,83526238.0,3.6,1.37,0.08,2.03
2016-07-22,002683,5.89,5.73,5.94,5.7,67247,57299270.0,4.06,-3.05,-0.18,1.41
2016-07-25,002683,5.76,6.17,6.42,5.67,153319,134791549.0,13.09,7.68,0.44,3.22
2016-07-26,002683,6.17,6.56,6.71,6.11,182148,164940761.0,9.72,6.32,0.39,3.83
2016-07-27,002683,6.47,5.98,6.54,5.8,152937,135825582.0,11.28,-8.84,-0.58,3.21
2016-07-28,002683,5.91,5.88,6.11,5.7,91246,78656046.0,6.86,-1.67,-0.1,1.92
2016-07-29,002683,5.85,5.88,6.1,5.68,97198,83711049.0,7.14,0.0,0.0,2.04
2016-08-01,002683,5.83,5.32,5.83,5.29,107858,88996063.0,9.18,-9.52,-0.56,2.27
2016-08-02,002683,5.32,5.31,5.46,5.28,64072,51700184.0,3.38,-0.19,-0.01,1.35
2016-08-03,002683,5.34,5.39,5.47,5.3,49491,40080894.0,3.2,1.51,0.08,1.04
2016-08-04,002683,5.33,5.41,5.46,5.33,33563,27263480.0,2.41,0.37,0.02,0.71
2016-08-05,002683,5.38,5.41,5.49,5.38,31964,26043462.0,2.03,0.0,0.0,0.67
2016-08-08,002683,5.46,5.64,5.73,5.43,63153,52549838.0,5.55,4.25,0.23,1.33
2016-08-09,002683,5.61,5.66,5.68,5.58,41421,34615457.0,1.77,0.35,0.02,0.87
2016-08-10,002683,5.62,5.48,5.69,5.46,73447,60626401.0,4.06,-3.18,-0.18,1.54
2016-08-11,002683,5.52,5.28,5.53,5.25,77731,62851332.0,5.11,-3.65,-0.2,1.63
2016-08-12,002683,5.26,5.39,5.4,5.24,33511,26930340.0,3.03,2.08,0.11,0.7
2016-08-15,002683,5.38,5.86,6.16,5.38,155195,132314680.0,14.47,8.72,0.47,3.26
2016-08-16,002683,6.03,5.87,6.03,5.78,82278,70709425.0,4.27,0.17,0.01,1.73
2016-08-17,002683,5.83,6.23,6.4,5.79,172837,152677385.0,10.39,6.13,0.36,3.63
2016-08-18,002683,6.23,6.15,6.25,6.06,108627,96217549.0,3.05,-1.28,-0.08,2.28
2016-08-19,002683,6.14,6.0,6.22,5.89,87075,76239098.0,5.37,-2.44,-0.15,1.83
2016-08-22,002683,5.97,6.01,6.19,5.91,88527,78002592.0,4.67,0.17,0.01,1.86
2016-08-23,002683,5.98,6.08,6.14,5.88,66146,58037191.0,4.33,1.16,0.07,1.39
2016-08-24,002683,6.08,6.03,6.11,5.96,45547,39819400.0,2.47,-0.82,-0.05,0.96
2016-08-25,002683,6.02,5.92,6.02,5.78,40968,35233520.0,3.98,-1.82,-0.11,0.86
2016-08-26,002683,5.92,6.43,6.68,5.88,374774,342132480.0,13.51,8.61,0.51,7.88
2016-08-29,002683,6.46,6.72,6.98,6.26,337548,317999552.0,11.2,4.51,0.29,7.09
2016-08-30,002683,6.58,6.46,6.82,6.38,147518,136796394.0,6.55,-3.87,-0.26,3.1
2016-08-31,002683,6.48,6.97,7.14,6.39,248832,237870402.0,11.61,7.89,0.51,5.23
2016-09-01,002683,6.87,6.68,7.17,6.68,188875,182016127.0,7.03,-4.16,-0.29,3.97
2016-09-02,002683,6.63,6.82,7.05,6.54,161137,153236422.0,7.63,2.1,0.14,3.39
2016-09-05,002683,6.76,6.88,7.0,6.76,89752,85808913.0,3.52,0.88,0.06,1.89
2016-09-06,002683,6.8,7.28,7.41,6.73,215372,211410706.0,9.88,5.81,0.4,4.53
2016-09-07,002683,7.22,7.1,7.43,7.04,135197,134251816.0,5.36,-2.47,-0.18,2.84
2016-09-08,002683,7.11,7.29,7.37,6.96,102928,101914071.0,5.77,2.68,0.19,2.16
2016-09-09,002683,7.3,7.16,7.41,7.13,102858,102548998.0,3.84,-1.78,-0.13,2.16
2016-09-12,002683,6.88,6.53,7.0,6.48,138724,131365095.0,7.26,-8.8,-0.63,2.92
2016-09-13,002683,6.6,6.5,6.71,6.43,80831,74811240.0,4.29,-0.46,-0.03,1.7
2016-09-14,002683,6.57,6.79,6.94,6.5,133141,125993081.0,6.77,4.46,0.29,2.8
2016-09-19,002683,6.75,7.08,7.23,6.75,129289,126109530.0,7.07,4.27,0.29,2.72
2016-09-20,002683,7.09,7.05,7.36,7.01,155157,154294601.0,4.94,-0.42,-0.03,3.26
2016-09-21,002683,7.05,7.25,7.37,7.05,123465,122915121.0,4.54,2.84,0.2,2.59
2016-09-22,002683,7.26,7.1,7.32,7.01,103142,101741607.0,4.28,-2.07,-0.15,2.17
2016-09-23,002683,7.17,6.96,7.18,6.96,53033,51750881.0,3.1,-1.97,-0.14,1.11
2016-09-26,002683,6.88,6.68,7.03,6.64,54268,51664338.0,5.6,-4.02,-0.28,1.14
2016-09-27,002683,6.68,6.67,6.83,6.54,51832,48708508.0,4.34,-0.15,-0.01,1.09
2016-09-28,002683,6.67,6.7,6.72,6.47,51150,47623035.0,3.75,0.45,0.03,1.08
2016-09-29,002683,6.69,6.83,6.89,6.57,65903,62388773.0,4.78,1.94,0.13,1.39
2016-09-30,002683,6.91,6.83,6.91,6.69,26314,24997107.0,3.22,0.0,0.0,0.55
2016-10-10,002683,6.93,6.88,7.02,6.85,70858,68170285.0,2.49,0.73,0.05,1.49
2016-10-11,002683,6.88,7.15,7.21,6.85,105408,102772474.0,5.23,3.92,0.27,2.22
2016-10-12,002683,7.08,7.05,7.13,6.98,61548,60086943.0,2.1,-1.4,-0.1,1.29
2016-10-13,002683,7.04,6.9,7.12,6.86,70161,67849099.0,3.69,-2.13,-0.15,1.47
2016-10-14,002683,6.9,6.7,7.01,6.58,77974,73579708.0,6.23,-2.9,-0.2,1.64
2016-10-17,002683,6.7,6.72,6.85,6.64,52592,49987044.0,3.13,0.3,0.02,1.11
2016-10-18,002683,6.69,7.2,7.21,6.69,145309,142089653.0,7.74,7.14,0.48,3.05
2016-10-19,002683,7.28,7.21,7.42,7.11,100626,100531672.0,4.31,0.14,0.01,2.11
2016-10-20,002683,7.28,7.62,7.81,7.21,176553,181015774.0,8.32,5.69,0.41,3.71
2016-10-21,002683,7.58,7.56,7.73,7.34,117289,120323377.0,5.12,-0.79,-0.06,2.47
2016-10-24,002683,7.55,7.69,7.94,7.44,111460,116696835.0,6.61,1.72,0.13,2.34
2016-10-25,002683,7.65,7.64,7.78,7.59,67057,69648839.0,2.47,-0.65,-0.05,1.41
2016-10-26,002683,7.58,7.46,7.89,7.38,76341,78705476.0,6.68,-2.36,-0.18,1.6
2016-10-27,002683,7.52,7.67,7.73,7.35,75627,77732490.0,5.09,2.82,0.21,1.59
2016-10-28,002683,7.71,7.5,7.73,7.43,58545,60155280.0,3.91,-2.22,-0.17,1.23
2016-10-31,002683,7.53,7.5,7.53,7.22,69168,69751496.0,4.13,0.0,0.0,1.45
2016-11-01,002683,7.48,7.58,7.63,7.35,58869,60130855.0,3.73,1.07,0.08,1.24
2016-11-02,002683,7.53,7.28,7.53,7.23,57572,58133513.0,3.96,-3.96,-0.3,1.21
2016-11-03,002683,7.27,7.32,7.45,7.24,63962,64259290.0,2.88,0.55,0.04,1.34
2016-11-04,002683,7.28,7.49,7.64,7.27,74470,75684494.0,5.05,2.32,0.17,1.57
2016-11-07,002683,7.46,7.57,7.74,7.35,66455,68122148.0,5.21,1.07,0.08,1.4
2016-11-08,002683,7.63,7.74,7.8,7.5,87311,90695093.0,3.96,2.25,0.17,1.84
2016-11-09,002683,7.79,7.52,7.79,7.39,55688,57523978.0,5.17,-2.84,-0.22,1.17
2016-11-10,002683,7.58,8.16,8.18,7.48,168156,177767162.0,9.31,8.51,0.64,3.53
2016-11-11,002683,8.06,8.07,8.39,7.91,151650,165104377.0,5.88,-1.1,-0.09,3.19
2016-11-14,002683,7.92,8.2,8.35,7.92,101544,111192981.0,5.33,1.61,0.13,2.13
2016-11-15,002683,8.19,8.33,8.39,7.85,166548,180501238.0,6.59,1.59,0.13,3.5
2016-11-16,002683,8.45,8.19,8.73,8.1,116797,129138652.0,7.56,-1.68,-0.14,2.45
2016-11-17,002683,8.04,8.15,8.18,7.94,63594,68510317.0,2.93,-0.49,-0.04,1.34
2016-11-18,002683,8.05,7.94,8.15,7.87,70278,75147208.0,3.44,-2.58,-0.21,1.48
2016-11-21,002683,7.98,7.82,8.04,7.78,83127,88214393.0,3.27,-1.51,-0.12,1.75
2016-11-22,002683,7.82,7.85,8.11,7.77,108443,115110866.0,4.35,0.38,0.03,2.28
2016-11-23,002683,7.87,7.87,8.0,7.81,83694,88899995.0,2.42,0.25,0.02,1.76
2016-11-24,002683,7.85,7.72,7.93,7.7,64969,68305776.0,2.92,-1.91,-0.15,1.37
2016-11-25,002683,7.68,7.5,7.78,7.28,82742,84298078.0,6.48,-2.85,-0.22,1.74
2016-11-28,002683,7.5,7.19,7.55,7.1,181144,180941726.0,6.0,-4.13,-0.31,3.81
2016-11-29,002683,7.18,6.86,7.22,6.83,120344,116871787.0,5.42,-4.59,-0.33,2.53
2016-11-30,002683,6.89,6.95,7.12,6.78,82559,80014136.0,4.96,1.31,0.09,1.74
2016-12-01,002683,6.98,7.1,7.13,6.97,69301,67813428.0,2.3,2.16,0.15,1.46
2016-12-02,002683,7.14,6.86,7.14,6.78,58989,56828627.0,5.07,-3.38,-0.24,1.24
2016-12-05,002683,6.77,6.89,6.91,6.73,32213,30795111.0,2.62,0.44,0.03,0.68
2016-12-06,002683,6.8,6.91,6.96,6.8,32385,31132677.0,2.32,0.29,0.02,0.68
2016-12-07,002683,6.94,7.01,7.02,6.83,29650,28701904.0,2.75,1.45,0.1,0.62
2016-12-08,002683,7.03,7.1,7.24,6.93,63394,62465512.0,4.42,1.28,0.09,1.33
2016-12-09,002683,7.12,7.02,7.15,6.89,45458,44259566.0,3.66,-1.13,-0.08,0.96
2016-12-12,002683,6.96,6.11,7.01,6.07,97642,89772671.0,13.39,-12.96,-0.91,2.05
2016-12-13,002683,6.11,6.09,6.21,5.94,51800,45577214.0,4.42,-0.33,-0.02,1.09
2016-12-14,002683,6.03,5.8,6.14,5.8,56500,49061647.0,5.58,-4.76,-0.29,1.19
2016-12-15,002683,5.77,5.93,5.96,5.68,49939,42740318.0,4.83,2.24,0.13,1.05
2016-12-16,002683,5.93,6.13,6.14,5.88,46950,41144743.0,4.38,3.37,0.2,0.99
2016-12-19,002683,6.16,6.17,6.26,6.04,39078,34703625.0,3.59,0.65,0.04,0.82
2016-12-20,002683,6.15,6.08,6.22,6.06,33428,29580330.0,2.59,-1.46,-0.09,0.7
2016-12-21,002683,6.08,6.2,6.23,6.08,30180,26859881.0,2.47,1.97,0.12,0.63
2016-12-22,002683,6.16,6.39,6.48,6.14,45578,41378100.0,5.48,3.06,0.19,0.96
2016-12-23,002683,6.38,6.3,6.45,6.23,35340,31910280.0,3.44,-1.41,-0.09,0.74
2016-12-26,002683,6.3,6.17,6.34,6.0,38764,34326950.0,5.4,-2.06,-0.13,0.81
2016-12-27,002683,6.18,6.29,6.41,6.16,32881,29674707.0,4.05,1.94,0.12,0.69
2016-12-28,002683,6.23,6.25,6.36,6.23,24745,22306243.0,2.07,-0.64,-0.04,0.52
2016-12-29,002683,6.18,6.16,6.33,6.08,16043,14352548.0,4.0,-1.44,-0.09,0.34
2016-12-30,002683,6.24,6.16,6.31,6.16,24362,21851099.0,2.44,0.0,0.0,0.51
2017-01-03,002683,6.24,6.6,6.67,6.21,75087,69491191.0,7.47,7.14,0.44,1.58
2017-01-04,002683,6.6,6.79,6.83,6.51,69724,65856247.0,4.85,2.88,0.19,1.47
2017-01-05,002683,6.73,6.81,7.0,6.72,73807,71101079.0,4.12,0.29,0.02,1.55
2017-01-06,002683,6.82,7.0,7.02,6.68,62212,59669035.0,4.99,2.79,0.19,1.31
2017-01-09,002683,6.97,7.17,7.36,6.94,133149,131951031.0,6.0,2.43,0.17,2.8
2017-01-10,002683,7.09,6.97,7.16,6.95,51429,50132134.0,2.93,-2.79,-0.2,1.08
2017-01-11,002683,6.97,6.88,7.07,6.78,45680,44000408.0,4.16,-1.29,-0.09,0.96
2017-01-12,002683,6.88,6.74,7.02,6.67,30773,29402737.0,5.09,-2.03,-0.14,0.65
2017-01-13,002683,6.8,6.73,6.86,6.6,37467,35324943.0,3.86,-0.15,-0.01,0.79
2017-01-16,002683,6.6,6.23,6.72,5.88,55569,50304383.0,12.48,-7.43,-0.5,1.17
2017-01-17,002683,6.23,6.19,6.37,5.92,55859,49449008.0,7.22,-0.64,-0.04,1.18
2017-01-18,002683,6.22,6.19,6.25,6.13,27322,24310373.0,1.94,0.0,0.0,0.58
2017-01-19,002683,6.19,6.21,6.3,6.03,34254,30436537.0,4.36,0.32,0.02,0.72
2017-01-20,002683,6.14,6.32,6.36,6.14,23020,20746358.0,3.54,1.77,0.11,0.48
2017-01-23,002683,6.35,6.68,7.05,6.28,51330,48256838.0,12.18,5.7,0.36,1.08
2017-01-24,002683,6.7,6.52,6.7,6.43,36998,34240220.0,4.04,-2.4,-0.16,0.78
2017-01-25,002683,6.48,6.43,6.48,6.3,30154,27489541.0,2.76,-1.38,-0.09,0.64
2017-01-26,002683,6.46,6.48,6.5,6.38,18801,17224520.0,1.87,0.78,0.05,0.4
2017-02-03,002683,6.49,6.34,6.53,6.32,20724,18863428.0,3.24,-2.16,-0.14,0.44
2017-02-06,002683,6.31,6.48,6.48,6.31,22785,20869192.0,2.68,2.21,0.14,0.48
2017-02-07,002683,6.46,6.39,6.55,6.33,26783,24482942.0,3.4,-1.39,-0.09,0.56
2017-02-08,002683,6.39,7.3,7.3,6.28,115859,111893291.0,15.96,14.24,0.91,2.44
2017-02-09,002683,7.68,7.87,8.15,7.48,483157,505898576.0,9.18,7.81,0.57,10.18
2017-02-10,002683,7.75,7.44,7.82,7.33,292243,299872688.0,6.23,-5.46,-0.43,6.16
2017-02-13,002683,7.34,7.41,7.56,7.23,174712,177468477.0,4.44,-0.4,-0.03,3.68
2017-02-14,002683,7.35,7.44,7.61,7.3,125290,127579056.0,4.18,0.4,0.03,2.64
2017-02-15,002683,7.43,7.15,7.56,7.11,158326,159675421.0,6.05,-3.9,-0.29,3.33
2017-02-16,002683,7.14,7.25,7.31,7.13,102767,101999528.0,2.52,1.4,0.1,2.16
2017-02-17,002683,7.22,7.51,7.68,7.17,221426,226423765.0,7.03,3.59,0.26,4.66
2017-02-20,002683,7.44,7.78,7.83,7.41,211549,220229000.0,5.59,3.6,0.27,4.46
2017-02-21,002683,7.72,7.78,7.84,7.55,134411,139962474.0,3.73,0.0,0.0,2.83
2017-02-22,002683,7.73,7.66,7.93,7.56,124680,130259608.0,4.76,-1.54,-0.12,2.63
2017-02-23,002683,7.58,7.38,7.66,7.31,115026,116701458.0,4.57,-3.66,-0.28,2.42
2017-02-24,002683,7.3,7.53,7.58,7.29,76744,78286778.0,3.93,2.03,0.15,1.62
2017-02-27,002683,7.53,7.44,7.66,7.43,58905,60417065.0,3.05,-1.2,-0.09,1.24
2017-02-28,002683,7.34,7.29,7.51,7.23,83767,83794439.0,3.76,-2.02,-0.15,1.76
2017-03-01,002683,7.26,7.38,7.4,7.19,60714,61028919.0,2.88,1.23,0.09,1.28
2017-03-02,002683,7.39,7.26,7.52,7.21,102026,103136611.0,4.2,-1.63,-0.12,2.15
2017-03-03,002683,7.17,7.31,7.32,7.03,66557,66038773.0,3.99,0.69,0.05,1.4
2017-03-06,002683,7.38,7.31,7.38,7.2,61440,61458612.0,2.46,0.0,0.0,1.29
2017-03-07,002683,7.3,7.52,7.53,7.23,107030,107969971.0,4.1,2.87,0.21,2.25
2017-03-08,002683,7.57,7.33,7.62,7.25,69118,69849001.0,4.92,-2.53,-0.19,1.46
2017-03-09,002683,7.33,7.24,7.37,7.21,52935,52897959.0,2.18,-1.23,-0.09,1.11
2017-03-10,002683,7.24,7.3,7.52,7.24,53484,54006634.0,3.87,0.83,0.06,1.13
2017-03-13,002683,7.35,7.4,7.47,7.3,80881,81709293.0,2.33,1.37,0.1,1.7
2017-03-14,002683,7.43,7.51,7.58,7.35,71577,72674790.0,3.11,1.49,0.11,1.51
2017-03-15,002683,7.47,7.35,7.5,7.35,48963,49572883.0,2.0,-2.13,-0.16,1.03
2017-03-16,002683,7.38,7.56,7.61,7.38,99660,102016589.0,3.13,2.86,0.21,2.1
2017-03-17,002683,7.56,7.38,7.63,7.38,70346,71831878.0,3.31,-2.38,-0.18,1.48
2017-03-20,002683,7.36,7.29,7.43,7.17,63016,63025220.0,3.52,-1.22,-0.09,1.33
2017-03-21,002683,7.29,7.29,7.32,7.18,50785,50602516.0,1.92,0.0,0.0,1.07
2017-03-22,002683,7.25,7.38,7.48,7.2,60546,61022194.0,3.84,1.23,0.09,1.28
2017-03-23,002683,7.38,7.43,7.48,7.28,64557,65246181.0,2.71,0.68,0.05,1.36
2017-03-24,002683,7.4,7.52,7.52,7.36,98023,99866740.0,2.15,1.21,0.09,2.06
2017-03-27,002683,7.54,7.63,7.83,7.48,132966,138011111.0,4.65,1.46,0.11,2.8
2017-03-28,002683,7.62,8.23,8.67,7.62,522210,578670128.0,13.76,7.86,0.6,11.0
2017-03-29,002683,8.13,8.19,8.46,7.91,275249,298354560.0,6.68,-0.49,-0.04,5.8
2017-03-30,002683,8.16,8.21,8.23,7.92,171727,185671238.0,3.79,0.24,0.02,3.62
2017-03-31,002683,8.38,7.94,8.62,7.79,203691,220382395.0,10.11,-3.29,-0.27,4.29
2017-04-05,002683,7.86,8.59,8.78,7.77,211435,233133592.0,12.72,8.19,0.65,4.45
2017-04-06,002683,8.63,8.75,8.8,8.46,221911,252578820.0,3.96,1.86,0.16,4.67
2017-04-07,002683,8.68,8.49,8.69,8.43,119556,134511809.0,2.97,-2.97,-0.26,2.52
2017-04-10,002683,8.53,8.28,8.53,8.25,106324,117921648.0,3.3,-2.47,-0.21,2.24
2017-04-11,002683,8.29,8.65,8.72,8.27,149457,167785181.0,5.43,4.47,0.37,3.15
2017-04-12,002683,8.6,8.42,8.85,8.36,134449,153106739.0,5.66,-2.66,-0.23,2.83
2017-04-13,002683,8.46,8.14,8.5,8.13,101718,111199601.0,4.39,-3.33,-0.28,2.14
2017-04-14,002683,8.15,8.22,8.32,7.9,105992,114245213.0,5.16,0.98,0.08,2.23
2017-04-17,002683,8.35,8.58,8.68,8.19,125844,140244169.0,5.96,4.38,0.36,2.65
2017-04-18,002683,8.52,8.79,9.12,8.48,196549,226853713.0,7.46,2.45,0.21,4.14
2017-04-19,002683,8.73,8.57,8.92,8.21,128978,144234227.0,8.08,-2.5,-0.22,2.72
2017-04-20,002683,8.71,8.87,8.91,8.37,139829,158319351.0,6.3,3.5,0.3,2.95
2017-04-21,002683,8.82,8.36,8.83,8.32,135175,151184419.0,5.75,-5.75,-0.51,2.85
2017-04-24,002683,8.4,7.26,8.43,7.26,195173,199136673.0,14.0,-13.16,-1.1,4.11
2017-04-25,002683,7.24,7.1,7.25,6.86,95855,92982339.0,5.37,-2.2,-0.16,2.02
2017-04-26,002683,7.17,7.36,7.47,7.03,106387,106263839.0,6.2,3.66,0.26,2.24
2017-04-27,002683,7.35,7.74,7.77,7.28,103533,105781222.0,6.66,5.16,0.38,2.18
2017-04-28,002683,7.74,8.02,8.15,7.74,94245,100224649.0,5.3,3.62,0.28,1.99
2017-05-02,002683,8.09,7.88,8.14,7.73,49299,52273843.0,5.11,-1.75,-0.14,1.04
2017-05-03,002683,7.9,7.98,8.07,7.83,32543,34533654.0,3.05,1.27,0.1,0.69
2017-05-04,002683,7.89,7.73,7.99,7.73,40527,42506316.0,3.26,-3.13,-0.25,0.85
2017-05-05,002683,7.75,7.23,7.75,7.15,89228,89466213.0,7.76,-6.47,-0.5,1.88
2017-05-08,002683,7.23,6.83,7.36,6.83,75593,73729286.0,7.33,-5.53,-0.4,1.59
2017-05-09,002683,6.92,7.01,7.35,6.25,121337,115335744.0,16.11,2.64,0.18,2.56
2017-05-10,002683,6.99,6.93,7.07,6.55,59226,56146789.0,7.42,-1.14,-0.08,1.25
2017-05-11,002683,6.83,6.76,6.91,6.51,52035,48795902.0,5.77,-2.45,-0.17,1.1
2017-05-12,002683,6.68,6.67,6.87,6.55,36534,34245434.0,4.73,-1.33,-0.09,0.77
2017-05-15,002683,6.71,6.63,6.96,6.62,38625,36365083.0,5.1,-0.6,-0.04,0.81
2017-05-16,002683,6.58,6.91,6.92,6.33,69790,65310270.0,8.9,4.22,0.28,1.47
2017-05-17,002683,6.91,6.97,7.07,6.83,43297,41673237.0,3.47,0.87,0.06,0.91
2017-05-18,002683,6.43,6.67,6.85,6.43,35420,33245867.0,6.03,-4.3,-0.3,0.75
2017-05-19,002683,6.67,6.69,6.92,6.67,35548,33719345.0,3.75,0.3,0.02,0.75
2017-05-22,002683,6.58,6.68,6.73,6.43,41597,38314215.0,4.48,-0.15,-0.01,0.88
2017-05-23,002683,6.61,6.33,6.62,6.33,36547,33353800.0,4.34,-5.24,-0.35,0.77
2017-05-24,002683,6.22,6.11,6.26,5.75,87738,76577547.0,8.06,-3.48,-0.22,1.85
2017-05-25,002683,6.02,5.95,6.12,5.75,77243,66511649.0,6.06,-2.62,-0.16,1.63
2017-05-26,002683,5.95,5.92,6.01,5.85,35242,30308231.0,2.69,-0.5,-0.03,0.74
2017-05-31,002683,5.99,6.05,6.29,5.99,44155,38904420.0,5.07,2.2,0.13,0.93
2017-06-01,002683,6.08,5.93,6.15,5.93,35580,30910199.0,3.64,-1.98,-0.12,0.75
2017-06-02,002683,5.91,5.65,5.91,5.45,100886,84013144.0,7.76,-4.72,-0.28,2.12
2017-06-05,002683,5.65,5.73,5.76,5.63,23732,19875647.0,2.3,1.42,0.08,0.5
2017-06-06,002683,5.78,5.82,5.86,5.69,25891,21893127.0,2.97,1.57,0.09,0.55
2017-06-07,002683,5.78,6.13,6.17,5.78,65120,55922589.0,6.7,5.33,0.31,1.37
2017-06-08,002683,6.06,5.99,6.14,5.93,70845,61579629.0,3.43,-2.28,-0.14,1.49
2017-06-09,002683,5.99,6.0,6.07,5.9,27869,24069707.0,2.84,0.17,0.01,0.59
2017-06-12,002683,5.98,5.89,6.18,5.88,46556,40436837.0,5.0,-1.83,-0.11,0.98
2017-06-13,002683,5.89,5.98,6.1,5.84,36228,31358818.0,4.41,1.53,0.09,0.76
2017-06-14,002683,6.01,6.0,6.08,5.88,26277,22776883.0,3.34,0.33,0.02,0.55
2017-06-15,002683,6.04,6.02,6.09,5.96,34956,30436561.0,2.17,0.33,0.02,0.74
2017-06-16,002683,6.02,6.04,6.08,5.98,27331,23824640.0,1.66,0.33,0.02,0.58
2017-06-19,002683,6.04,6.08,6.12,5.97,45646,39768273.0,2.48,0.66,0.04,0.96
2017-06-20,002683,6.1,6.04,6.11,6.01,35062,30639415.0,1.64,-0.66,-0.04,0.74
2017-06-21,002683,6.08,6.21,6.26,6.03,56433,49941019.0,3.81,2.81,0.17,1.11
2017-06-22,002683,6.18,5.9,6.24,5.89,50370,44023812.0,5.64,-4.99,-0.31,0.99
2017-06-23,002683,5.89,5.79,5.96,5.61,34909,29520454.0,5.93,-1.86,-0.11,0.69
2017-06-26,002683,5.79,5.81,5.94,5.73,65206,55365807.0,3.63,0.35,0.02,1.28
2017-06-27,002683,5.81,5.8,5.87,5.72,49175,41588405.0,2.58,-0.17,-0.01,0.97
2017-06-28,002683,5.79,6.06,6.06,5.79,95042,82224482.0,4.66,4.48,0.26,1.87
2017-06-29,002683,6.05,6.19,6.35,5.99,100258,89027573.0,5.94,2.15,0.13,1.97
2017-06-30,002683,6.08,6.35,6.36,6.08,114737,102801325.0,4.52,2.58,0.16,2.24
2017-07-03,002683,6.35,6.64,6.66,6.27,118556,108460865.0,6.14,4.57,0.29,2.32
2017-07-04,002683,6.65,6.48,6.65,6.44,73086,67143371.0,3.16,-2.41,-0.16,1.43
2017-07-05,002683,6.46,6.51,6.58,6.39,55409,50684644.0,2.93,0.46,0.03,1.08
2017-07-06,002683,6.51,6.39,6.51,6.32,66093,59895687.0,2.92,-1.84,-0.12,1.29
2017-07-07,002683,6.41,6.48,6.51,6.36,50894,46381902.0,2.35,1.41,0.09,1.0
2017-07-10,002683,6.58,6.47,6.58,6.39,61095,55829292.0,2.93,-0.15,-0.01,1.2
2017-07-11,002683,6.47,6.35,6.47,6.24,57253,51489731.0,3.55,-1.85,-0.12,1.12
2017-07-12,002683,6.33,6.31,6.43,6.17,40826,36408602.0,4.09,-0.63,-0.04,0.8
2017-07-13,002683,6.31,6.58,6.82,6.29,97740,89988099.0,8.4,4.28,0.27,1.91
2017-07-14,002683,6.49,6.39,6.57,6.37,56100,51138138.0,3.04,-2.89,-0.19,1.1
2017-07-17,002683,6.33,5.73,6.42,5.48,92804,79457480.0,14.71,-10.33,-0.66,1.82
2017-07-18,002683,5.67,5.8,5.87,5.53,44413,37275726.0,5.93,1.22,0.07,0.87
2017-07-19,002683,5.76,5.93,5.97,5.64,45661,38955276.0,5.69,2.24,0.13,0.89
2017-07-20,002683,5.89,5.94,6.01,5.87,45830,39435979.0,2.36,0.17,0.01,0.9
2017-07-21,002683,6.41,6.32,6.72,6.27,184770,168672492.0,7.58,6.4,0.38,3.61
2017-07-24,002683,6.18,6.5,6.6,6.04,148939,135824513.0,8.86,2.85,0.18,2.91
2017-07-25,002683,6.4,6.44,6.58,6.33,77288,70374572.0,3.85,-0.92,-0.06,1.51
2017-07-26,002683,6.44,6.43,6.51,6.33,65785,59733444.0,2.8,-0.16,-0.01,1.29
2017-07-27,002683,6.41,6.52,6.58,6.38,86185,78955681.0,3.11,1.4,0.09,1.69
2017-07-28,002683,6.5,6.39,6.52,6.33,62995,57112465.0,2.91,-1.99,-0.13,1.23
2017-07-31,002683,6.34,6.43,6.45,6.29,58563,53000483.0,2.5,0.63,0.04,1.15
2017-08-01,002683,6.43,6.4,6.46,6.3,65057,58836473.0,2.49,-0.47,-0.03,1.27
2017-08-02,002683,6.4,6.35,6.52,6.33,63050,57351444.0,2.97,-0.78,-0.05,1.23
2017-08-03,002683,6.33,6.19,6.38,6.17,68264,60925992.0,3.31,-2.52,-0.16,1.34
2017-08-04,002683,6.19,6.14,6.27,6.04,54579,48269980.0,3.72,-0.81,-0.05,1.07
2017-08-07,002683,6.21,6.27,6.35,6.14,37589,33611758.0,3.42,2.12,0.13,0.74
2017-08-08,002683,6.25,6.21,6.27,6.1,38865,34375613.0,2.71,-0.96,-0.06,0.76
2017-08-09,002683,6.21,6.25,6.26,6.09,35710,31705609.0,2.74,0.64,0.04,0.7
2017-08-10,002683,6.17,6.08,6.28,6.06,37508,33042219.0,3.52,-2.72,-0.17,0.73
2017-08-11,002683,6.05,6.02,6.14,5.95,32671,28501910.0,3.13,-0.99,-0.06,0.64
2017-08-14,002683,5.98,6.1,6.13,5.98,21740,19023184.0,2.49,1.33,0.08,0.43
2017-08-15,002683,6.13,6.38,6.5,6.11,76073,68493095.0,6.39,4.59,0.28,1.49
2017-08-16,002683,6.3,6.37,6.45,6.26,48274,43513975.0,2.98,-0.16,-0.01,0.94
2017-08-17,002683,6.38,6.39,6.42,6.33,40395,36542401.0,1.41,0.31,0.02,0.79
2017-08-18,002683,6.33,6.44,6.54,6.31,73588,67219093.0,3.6,0.78,0.05,1.44
2017-08-21,002683,6.51,6.45,6.56,6.4,50402,46012927.0,2.48,0.16,0.01,0.99
2017-08-22,002683,6.43,6.48,6.51,6.38,49886,45478675.0,2.02,0.47,0.03,0.98
2017-08-23,002683,6.49,6.43,6.51,6.31,34455,31331290.0,3.09,-0.77,-0.05,0.67
2017-08-24,002683,6.48,6.64,6.84,6.43,188093,175848655.0,6.38,3.27,0.21,3.68
2017-08-25,002683,6.56,6.75,6.93,6.56,123398,116465948.0,5.57,1.66,0.11,2.41
2017-08-28,002683,6.75,6.72,6.81,6.63,65751,61580171.0,2.67,-0.44,-0.03,1.29
2017-08-29,002683,6.72,6.94,7.08,6.64,117219,112319770.0,6.55,3.27,0.22,2.29
2017-08-30,002683,6.94,6.87,7.04,6.82,62575,59994277.0,3.17,-1.01,-0.07,1.22
2017-08-31,002683,6.87,6.73,6.98,6.73,55049,52005630.0,3.64,-2.04,-0.14,1.08
2017-09-01,002683,6.71,6.73,6.82,6.66,52124,48958386.0,2.38,0.0,0.0,1.02
2017-09-04,002683,6.69,6.6,6.79,6.58,65649,61178358.0,3.12,-1.93,-0.13,1.28
2017-09-05,002683,6.65,6.63,6.65,6.52,43709,40482397.0,1.97,0.45,0.03,0.86
2017-09-06,002683,6.61,6.6,6.66,6.49,48724,45012370.0,2.56,-0.45,-0.03,0.95
2017-09-07,002683,6.6,6.62,6.69,6.56,44420,41273893.0,1.97,0.3,0.02,0.87
2017-09-08,002683,6.62,6.57,6.71,6.53,47479,44094672.0,2.72,-0.76,-0.05,0.93
2017-09-11,002683,6.6,6.52,6.61,6.46,54357,49911247.0,2.28,-0.76,-0.05,1.06
2017-09-12,002683,6.5,6.45,6.54,6.43,50123,45813609.0,1.69,-1.07,-0.07,0.98
2017-09-13,002683,6.48,6.98,7.11,6.39,161618,152353598.0,11.16,8.22,0.53,3.16
2017-09-14,002683,6.87,6.98,7.22,6.85,151985,147620173.0,5.3,0.0,0.0,2.97
2017-09-15,002683,6.99,6.93,7.03,6.76,76373,72924017.0,3.87,-0.72,-0.05,1.49
2017-09-18,002683,6.92,6.56,6.93,6.52,123967,115846082.0,5.92,-5.34,-0.37,2.43
2017-09-19,002683,6.56,6.59,6.72,6.53,49980,46433175.0,2.9,0.46,0.03,0.87
2017-09-20,002683,6.53,6.63,6.65,6.53,45285,41837966.0,1.82,0.61,0.04,0.79
2017-09-21,002683,6.6,6.44,6.65,6.44,48067,44308051.0,3.17,-2.87,-0.19,0.84
2017-09-22,002683,6.43,6.49,6.52,6.4,37414,34196535.0,1.86,0.78,0.05,0.65
2017-09-25,002683,6.48,6.44,6.58,6.4,40672,37190661.0,2.77,-0.77,-0.05,0.71
2017-09-26,002683,6.42,6.45,6.59,6.25,51487,46616093.0,5.28,0.16,0.01,0.9
2017-09-27,002683,6.44,6.47,6.51,6.39,24646,22499890.0,1.86,0.31,0.02,0.43
2017-09-28,002683,6.47,6.63,6.8,6.42,82083,76188964.0,5.87,2.47,0.16,1.43
2017-09-29,002683,6.73,6.61,6.74,6.52,50584,46935248.0,3.32,-0.3,-0.02,0.88
2017-10-09,002683,6.7,6.6,6.75,6.55,40698,37761755.0,3.03,-0.15,-0.01,0.71
2017-10-10,002683,6.58,6.76,6.8,6.58,102520,96066626.0,3.33,2.42,0.16,1.79
2017-10-11,002683,6.76,6.73,6.82,6.68,46420,43599770.0,2.07,-0.44,-0.03,0.81
2017-10-12,002683,6.75,6.67,6.75,6.6,42635,39837100.0,2.23,-0.89,-0.06,0.74
2017-10-13,002683,6.63,6.63,6.75,6.57,43175,40164749.0,2.7,-0.6,-0.04,0.75
2017-10-16,002683,6.66,6.42,6.68,6.4,48625,44864352.0,4.22,-3.17,-0.21,0.85
2017-10-17,002683,6.42,6.51,6.55,6.41,37449,34334785.0,2.18,1.4,0.09,0.65
2017-10-18,002683,6.51,6.48,6.62,6.48,41313,38176971.0,2.15,-0.46,-0.03,0.72
2017-10-19,002683,6.52,6.47,6.59,6.43,42759,39275239.0,2.47,-0.15,-0.01,0.75
2017-10-20,002683,6.4,6.6,6.68,6.4,24924,22977124.0,4.33,2.01,0.13,0.43
2017-10-23,002683,6.63,6.71,6.75,6.57,56391,52842123.0,2.73,1.67,0.11,0.98
2017-10-24,002683,6.69,6.73,6.74,6.66,37290,34979739.0,1.19,0.3,0.02,0.65
2017-10-25,002683,6.74,6.65,6.74,6.53,39950,37061465.0,3.12,-1.19,-0.08,0.7
2017-10-26,002683,6.64,6.63,6.65,6.53,35948,33213913.0,1.8,-0.3,-0.02,0.63
2017-10-27,002683,6.62,6.57,6.62,6.49,29272,26995965.0,1.96,-0.9,-0.06,0.51
2017-10-30,002683,6.57,6.28,6.66,6.13,76259,68108853.0,8.07,-4.41,-0.29,1.33
2017-10-31,002683,6.28,6.13,6.32,5.99,55191,48435487.0,5.25,-2.39,-0.15,0.96
2017-11-01,002683,6.13,6.11,6.18,6.04,29152,25585104.0,2.28,-0.33,-0.02,0.51
2017-11-02,002683,6.11,5.99,6.11,5.86,34666,29910674.0,4.09,-1.96,-0.12,0.6
2017-11-03,002683,5.99,5.72,5.99,5.57,68944,58104391.0,7.01,-4.51,-0.27,1.2
2017-11-06,002683,5.71,5.62,5.76,5.51,44994,37295430.0,4.37,-1.75,-0.1,0.78
2017-11-07,002683,5.64,5.43,5.64,5.33,128925,104738348.0,5.52,-3.38,-0.19,2.25
2017-11-08,002683,5.41,5.45,5.48,5.38,73559,59658390.0,1.84,0.37,0.02,1.28
2017-11-09,002683,5.39,5.41,5.46,5.36,47948,38737994.0,1.83,-0.73,-0.04,0.84
2017-11-10,002683,5.4,5.45,5.46,5.36,56116,45476518.0,1.85,0.74,0.04,0.98
2017-11-13,002683,5.51,5.23,5.51,5.2,76022,60933694.0,5.69,-4.04,-0.22,1.33
2017-11-14,002683,5.26,4.97,5.32,4.9,124491,95624912.0,8.03,-4.97,-0.26,2.17
2017-11-15,002683,4.95,4.87,4.96,4.8,85431,64284422.0,3.22,-2.01,-0.1,1.49
2017-11-16,002683,4.86,4.88,4.96,4.82,47073,35612490.0,2.87,0.21,0.01,0.82
2017-11-17,002683,4.89,4.76,4.93,4.68,59965,44544906.0,5.12,-2.46,-0.12,1.05
2017-11-20,002683,4.74,4.74,4.75,4.44,35762,25930983.0,6.51,-0.42,-0.02,0.62
2017-11-21,002683,4.72,4.86,4.95,4.65,45340,33994829.0,6.33,2.53,0.12,0.79
2017-11-22,002683,4.86,4.86,4.95,4.75,32482,24263648.0,4.12,0.0,0.0,0.57
2017-11-23,002683,4.86,4.83,4.92,4.78,30978,23288084.0,2.88,-0.62,-0.03,0.54
2017-11-24,002683,4.78,4.96,5.0,4.74,35451,26888978.0,5.38,2.69,0.13,0.62
2017-11-27,002683,4.96,5.03,5.05,4.9,37575,28783310.0,3.02,1.41,0.07,0.66
2017-11-28,002683,5.01,4.99,5.12,4.92,35066,26890857.0,3.98,-0.8,-0.04,0.61
2017-11-29,002683,4.99,5.0,5.09,4.89,21378,16342382.0,4.01,0.2,0.01,0.37
2017-11-30,002683,5.02,4.92,5.02,4.85,26460,20045029.0,3.4,-1.6,-0.08,0.46
2017-12-01,002683,4.92,4.9,4.96,4.85,13673,10352370.0,2.24,-0.41,-0.02,0.24
2017-12-04,002683,4.89,4.8,4.92,4.78,19784,14814251.0,2.86,-2.04,-0.1,0.34
2017-12-05,002683,4.82,4.72,4.96,4.63,30104,22540738.0,6.88,-1.67,-0.08,0.52
2017-12-06,002683,4.66,4.73,4.76,4.62,22015,16168539.0,2.97,0.21,0.01,0.38
2017-12-07,002683,4.73,4.9,4.96,4.7,38201,28870723.0,5.5,3.59,0.17,0.67
2017-12-08,002683,4.91,4.95,4.99,4.87,30767,23428924.0,2.45,1.02,0.05,0.54
2017-12-11,002683,4.96,5.01,5.23,4.89,25258,19451211.0,6.87,1.21,0.06,0.44
2017-12-12,002683,5.01,4.96,5.13,4.96,17922,13730054.0,3.39,-1.0,-0.05,0.31
2017-12-13,002683,4.96,5.05,5.08,4.93,25396,19574385.0,3.02,1.81,0.09,0.44
2017-12-14,002683,5.12,5.01,5.12,4.96,24139,18533536.0,3.17,-0.79,-0.04,0.42
2017-12-15,002683,5.03,5.04,5.09,4.97,17619,13571292.0,2.4,0.6,0.03,0.31
2017-12-18,002683,5.04,4.99,5.08,4.94,15312,11736755.0,2.78,-0.99,-0.05,0.27
2017-12-19,002683,5.02,5.06,5.09,4.99,17208,13271000.0,2.0,1.4,0.07,0.3
2017-12-20,002683,5.05,4.93,5.05,4.83,22995,17442628.0,4.35,-2.57,-0.13,0.4
2017-12-21,002683,4.91,4.83,4.92,4.82,21846,16428423.0,2.03,-2.03,-0.1,0.38
2017-12-22,002683,4.81,4.78,4.88,4.63,50133,37174496.0,5.18,-1.04,-0.05,0.87
2017-12-25,002683,4.76,4.72,4.85,4.68,20879,15464463.0,3.56,-1.26,-0.06,0.36
2017-12-26,002683,4.77,4.79,4.81,4.68,21201,15717827.0,2.75,1.48,0.07,0.37
2017-12-27,002683,4.81,4.8,4.94,4.76,17720,13291600.0,3.76,0.21,0.01,0.31
2017-12-28,002683,4.82,4.74,4.82,4.64,36124,26684460.0,3.75,-1.25,-0.06,0.63
2017-12-29,002683,4.7,4.71,4.75,4.53,26782,19619810.0,4.64,-0.63,-0.03,0.47
2018-01-02,002683,4.7,4.75,4.8,4.6,27048,20012036.0,4.25,0.85,0.04,0.47
2018-01-03,002683,4.71,4.81,4.81,4.71,38097,28350204.0,2.11,1.26,0.06,0.66
2018-01-04,002683,4.81,4.91,5.02,4.78,67889,51543772.0,4.99,2.08,0.1,1.18
2018-01-05,002683,4.9,4.95,4.95,4.78,61012,45996086.0,3.46,0.81,0.04,1.06
2018-01-08,002683,4.91,5.11,5.29,4.85,89438,69417050.0,8.89,3.23,0.16,1.56
2018-01-09,002683,5.09,4.98,5.1,4.96,55979,43000311.0,2.74,-2.54,-0.13,0.98
2018-01-10,002683,4.97,4.95,5.01,4.86,36461,27700327.0,3.01,-0.6,-0.03,0.64
2018-01-11,002683,4.91,4.93,4.98,4.83,29515,22366210.0,3.03,-0.4,-0.02,0.51
2018-01-12,002683,4.95,4.98,5.02,4.87,33424,25527339.0,3.04,1.01,0.05,0.58
2018-01-15,002683,4.97,4.79,4.97,4.74,36311,27310135.0,4.62,-3.82,-0.19,0.63
2018-01-16,002683,4.75,4.8,4.83,4.72,21281,15864475.0,2.3,0.21,0.01,0.37
2018-01-17,002683,4.79,4.8,4.86,4.71,35885,26728906.0,3.13,0.0,0.0,0.63
2018-01-18,002683,4.8,4.85,4.88,4.77,33407,25013249.0,2.29,1.04,0.05,0.58
2018-01-19,002683,4.83,4.75,4.86,4.68,30545,22765063.0,3.71,-2.06,-0.1,0.53
2018-01-22,002683,4.73,4.83,4.85,4.72,37311,27850794.0,2.74,1.68,0.08,0.65
2018-01-23,002683,4.77,4.91,4.98,4.77,61707,46735482.0,4.35,1.66,0.08,1.08
2018-01-24,002683,4.9,4.99,5.01,4.87,63079,48084536.0,2.85,1.63,0.08,1.1
2018-01-25,002683,5.02,4.98,5.03,4.89,45798,35029932.0,2.81,-0.2,-0.01,0.8
2018-01-26,002683,4.98,5.01,5.05,4.94,48328,37071989.0,2.21,0.6,0.03,0.84
2018-01-29,002683,5.03,4.89,5.07,4.84,46514,35528230.0,4.59,-2.4,-0.12,0.81
2018-01-30,002683,4.85,4.9,4.93,4.85,21837,16500073.0,1.64,0.2,0.01,0.38
2018-01-31,002683,4.91,5.07,5.13,4.78,58491,44649029.0,7.14,3.47,0.17,1.02
2018-02-01,002683,5.46,4.79,5.47,4.76,116743,91978552.0,14.0,-5.52,-0.28,2.04
2018-02-02,002683,4.32,4.36,4.45,4.04,98841,68136062.0,8.56,-8.98,-0.43,1.72
2018-02-05,002683,4.2,4.3,4.38,4.13,22626,15761039.0,5.73,-1.38,-0.06,0.39
2018-02-06,002683,4.27,3.81,4.27,3.78,45492,30792693.0,11.4,-11.4,-0.49,0.79
2018-02-07,002683,4.13,3.91,4.13,3.63,36189,23591042.0,13.12,2.62,0.1,0.63
2018-02-08,002683,3.91,3.92,4.03,3.85,25752,17033093.0,4.6,0.26,0.01,0.45
2018-02-09,002683,3.71,3.75,3.83,3.53,33607,21332077.0,7.65,-4.34,-0.17,0.59
2018-02-12,002683,3.75,3.84,3.88,3.75,22743,14802244.0,3.47,2.4,0.09,0.4
2018-02-13,002683,3.91,3.82,3.92,3.79,22521,14672861.0,3.39,-0.52,-0.02,0.39
2018-02-14,002683,3.82,3.82,3.92,3.79,13891,9024896.0,3.4,0.0,0.0,0.24
2018-02-22,002683,3.83,3.88,3.91,3.83,13386,8769246.0,2.09,1.57,0.06,0.23
2018-02-23,002683,3.91,3.98,4.0,3.86,20640,13657865.0,3.61,2.58,0.1,0.36
2018-02-26,002683,3.97,4.09,4.1,3.91,28655,19204088.0,4.77,2.76,0.11,0.5
2018-02-27,002683,4.14,4.16,4.27,4.09,34084,23313170.0,4.4,1.71,0.07,0.59
2018-02-28,002683,4.09,4.17,4.2,4.08,18257,12440916.0,2.88,0.24,0.01,0.32
2018-03-01,002683,4.17,4.19,4.23,4.14,22816,15646550.0,2.16,0.48,0.02,0.4
2018-03-02,002683,4.15,4.08,4.19,4.08,20049,13616373.0,2.63,-2.63,-0.11,0.35
2018-03-05,002683,4.09,4.19,4.19,4.06,27442,18655658.0,3.19,2.7,0.11,0.48
2018-03-06,002683,3.97,4.4,4.51,3.97,62913,44221354.0,12.89,5.01,0.21,1.1
2018-03-07,002683,4.4,4.36,4.51,4.28,28237,20009540.0,5.23,-0.91,-0.04,0.49
2018-03-08,002683,4.36,4.45,4.48,4.33,30775,21865616.0,3.44,2.06,0.09,0.54
2018-03-09,002683,4.46,4.48,4.51,4.35,24146,17161245.0,3.6,0.67,0.03,0.42
2018-03-12,002683,4.51,4.96,5.04,4.43,118190,88566331.0,13.62,10.71,0.48,2.06
2018-03-13,002683,4.87,4.72,4.93,4.65,78410,58337384.0,5.65,-4.84,-0.24,1.37
2018-03-14,002683,4.73,4.74,4.86,4.68,29771,22142575.0,3.81,0.42,0.02,0.52
2018-03-15,002683,4.73,4.72,4.79,4.61,30822,22691804.0,3.8,-0.42,-0.02,0.54
2018-03-16,002683,4.72,4.68,4.77,4.62,18796,13848336.0,3.18,-0.85,-0.04,0.33
2018-03-19,002683,4.63,4.84,4.93,4.63,53502,40237445.0,6.41,3.42,0.16,0.93
2018-03-20,002683,4.83,4.81,4.83,4.75,16976,12670982.0,1.65,-0.62,-0.03,0.3
2018-03-21,002683,4.76,4.74,4.91,4.73,27510,20656110.0,3.74,-1.46,-0.07,0.48
2018-03-22,002683,4.74,4.67,4.86,4.66,29717,22051674.0,4.22,-1.48,-0.07,0.52
2018-03-23,002683,4.51,4.33,4.6,4.13,48955,34520962.0,10.06,-7.28,-0.34,0.85
2018-03-26,002683,4.32,4.48,4.52,4.1,29722,20768627.0,9.7,3.46,0.15,0.52
2018-03-27,002683,4.53,4.52,4.61,4.47,38700,27775840.0,3.13,0.89,0.04,0.67
2018-03-28,002683,4.45,4.46,4.58,4.42,20861,14931546.0,3.54,-1.33,-0.06,0.36
2018-03-29,002683,4.45,4.88,4.89,4.45,80910,59538262.0,9.87,9.42,0.42,1.41
2018-03-30,002683,4.78,5.12,5.24,4.76,146361,113407339.0,9.84,4.92,0.24,2.55
2018-04-02,002683,4.96,5.02,5.26,4.95,91994,71311988.0,6.05,-1.95,-0.1,1.6
2018-04-03,002683,4.93,4.86,5.0,4.83,41267,31119603.0,3.39,-3.19,-0.16,0.72
2018-04-04,002683,4.86,4.98,5.11,4.86,53899,41483519.0,5.14,2.47,0.12,0.94
2018-04-09,002683,4.85,5.34,5.41,4.84,157272,124507127.0,11.45,7.23,0.36,2.74
2018-04-10,002683,5.36,6.02,6.14,5.34,269037,231830437.0,14.98,12.73,0.68,4.69
2018-04-11,002683,5.97,6.13,6.29,5.86,141259,123773083.0,7.14,1.83,0.11,2.46
2018-04-12,002683,6.14,6.16,6.45,6.13,160501,143923007.0,5.22,0.49,0.03,2.8
2018-04-13,002683,6.15,6.27,6.45,6.11,109325,98384999.0,5.52,1.79,0.11,1.91
2018-04-16,002683,6.38,6.2,6.41,6.17,101134,90971249.0,3.83,-1.12,-0.07,1.76
2018-04-17,002683,6.36,6.52,6.68,6.36,170589,157247827.0,5.16,5.16,0.32,2.96
2018-04-18,002683,6.61,6.27,6.61,5.74,165826,146819937.0,13.34,-3.83,-0.25,2.88
2018-04-19,002683,6.22,6.49,6.78,6.21,137445,126930814.0,9.09,3.51,0.22,2.38
2018-04-20,002683,6.43,6.27,6.68,6.24,84249,76944200.0,6.78,-3.39,-0.22,1.41
2018-04-23,002683,5.96,6.19,6.45,5.96,80644,72246038.0,7.81,-1.28,-0.08,1.35
2018-04-24,002683,6.43,6.3,6.46,6.23,54730,49211740.0,3.72,1.78,0.11,0.92
2018-04-25,002683,6.28,6.83,6.9,6.28,129066,120846783.0,9.84,8.41,0.53,2.17
2018-04-26,002683,6.82,7.25,7.41,6.74,163759,159781647.0,9.81,6.15,0.42,2.75
2018-04-27,002683,7.31,8.01,8.23,7.31,256378,271414048.0,12.69,10.48,0.76,4.3
2018-05-02,002683,8.04,8.03,8.48,7.68,214232,230188788.0,9.99,0.25,0.02,3.6
2018-05-03,002683,8.0,7.92,8.07,7.71,101113,106606228.0,4.48,-1.37,-0.11,1.7
2018-05-04,002683,7.93,8.55,8.86,7.93,209328,231707991.0,11.74,7.95,0.63,3.51
2018-05-07,002683,8.54,8.65,8.83,8.48,120798,136734438.0,4.09,1.17,0.1,2.03
2018-05-08,002683,8.68,8.61,8.83,8.44,89735,101781486.0,4.51,-0.46,-0.04,1.51
2018-05-09,002683,8.62,8.48,8.83,8.22,102259,113761830.0,7.08,-1.51,-0.13,1.72
2018-05-10,002683,8.73,7.99,8.79,7.76,192193,208308339.0,12.15,-5.78,-0.49,3.23
2018-05-11,002683,8.03,8.59,8.84,7.93,166874,185538323.0,11.39,7.51,0.6,2.8
2018-05-14,002683,8.74,8.97,9.39,8.74,140983,165923027.0,7.57,4.42,0.38,2.37
2018-05-15,002683,9.22,9.03,9.28,8.63,79772,91871613.0,7.25,0.67,0.06,1.34
2018-05-16,002683,9.23,8.9,9.26,8.85,93615,109337231.0,4.54,-1.44,-0.13,1.57
2018-05-17,002683,8.83,8.91,9.05,8.7,58904,68134326.0,3.93,0.11,0.01,0.99
2018-05-18,002683,8.98,8.5,8.99,8.44,78173,88532394.0,6.17,-4.6,-0.41,1.31
2018-05-21,002683,8.51,8.52,8.7,8.21,113294,126675956.0,5.76,0.24,0.02,1.9
2018-05-22,002683,8.61,8.49,8.81,8.45,61973,69641944.0,4.23,-0.35,-0.03,1.04
2018-05-23,002683,8.62,8.51,8.66,8.35,50607,56364046.0,3.65,0.24,0.02,0.85
2018-05-24,002683,8.44,7.84,8.51,7.83,110140,118448020.0,7.99,-7.87,-0.67,1.85
2018-05-25,002683,7.91,7.85,8.01,7.56,81971,85831458.0,5.74,0.13,0.01,1.38
2018-05-28,002683,7.91,7.53,7.91,7.46,70251,72136218.0,5.73,-4.08,-0.32,1.18
2018-05-29,002683,7.63,7.37,7.69,7.33,38127,38874470.0,4.78,-2.12,-0.16,0.64
2018-05-30,002683,7.38,6.96,7.53,6.45,71916,71058215.0,14.65,-5.56,-0.41,1.21
2018-05-31,002683,7.22,7.19,7.36,7.08,76945,76207736.0,4.02,3.3,0.23,1.29
2018-06-01,002683,7.08,7.23,7.47,7.08,63611,63170677.0,5.42,0.56,0.04,1.07
2018-06-04,002683,7.41,7.66,7.89,7.33,106569,110219172.0,7.75,5.95,0.43,1.79
2018-06-05,002683,7.66,7.89,8.01,7.66,62022,65498236.0,4.57,3.0,0.23,1.04
2018-06-06,002683,7.95,7.71,7.96,7.68,34159,35680281.0,3.55,-2.28,-0.18,0.57
2018-06-07,002683,7.77,7.89,8.09,7.77,49063,52127628.0,4.15,2.33,0.18,0.82
2018-06-08,002683,7.93,7.55,8.0,7.4,39608,40686428.0,7.6,-4.31,-0.34,0.66
2018-06-11,002683,7.65,7.68,7.78,7.59,49396,51193104.0,2.52,1.72,0.13,0.83
2018-06-12,002683,7.73,7.81,7.85,7.6,43562,45536448.0,3.26,1.69,0.13,0.73
2018-06-13,002683,7.8,8.25,8.42,7.73,90947,98463731.0,8.83,5.63,0.44,1.53
2018-06-14,002683,8.27,7.89,8.43,7.79,78762,84980732.0,7.76,-4.36,-0.36,1.32
2018-06-15,002683,7.96,7.37,8.01,7.15,68982,69296661.0,10.9,-6.59,-0.52,1.16
2018-06-19,002683,7.21,6.37,7.34,6.37,83305,78547227.0,13.16,-13.57,-1.0,1.4
2018-06-20,002683,6.47,6.4,6.55,6.17,73578,65936970.0,5.97,0.47,0.03,1.23
2018-06-21,002683,6.49,5.92,6.58,5.64,68927,60649837.0,14.69,-7.5,-0.48,1.16
2018-06-22,002683,5.98,6.23,6.39,5.86,53656,46739034.0,8.95,5.24,0.31,0.9
2018-06-25,002683,6.36,5.69,6.45,5.62,65166,55704404.0,13.32,-8.67,-0.54,1.09
2018-06-26,002683,5.66,6.1,6.23,5.58,68080,58268129.0,11.42,7.21,0.41,1.14
2018-06-27,002683,6.25,6.0,6.38,5.95,46369,40507253.0,7.05,-1.64,-0.1,0.78
2018-06-28,002683,6.2,5.93,6.22,5.93,34105,29386006.0,4.83,-1.17,-0.07,0.57
2018-06-29,002683,6.03,6.35,6.35,5.79,52924,45896895.0,9.44,7.08,0.42,0.89
2018-07-02,002683,6.34,6.12,6.34,5.92,52442,45528533.0,6.61,-3.62,-0.23,0.88
2018-07-03,002683,6.17,6.14,6.26,5.93,38435,33329614.0,5.39,0.33,0.02,0.64
2018-07-04,002683,6.14,6.17,6.2,5.96,24369,21066678.0,3.91,0.49,0.03,0.41
2018-07-05,002683,6.17,5.78,6.18,5.73,36638,31086998.0,7.29,-6.32,-0.39,0.61
2018-07-06,002683,5.73,5.51,5.87,5.16,57534,46435098.0,12.28,-4.67,-0.27,0.96
2018-07-09,002683,5.53,5.73,5.78,5.52,23316,19272134.0,4.72,3.99,0.22,0.39
2018-07-10,002683,5.72,5.78,5.8,5.55,24045,19849983.0,4.36,0.87,0.05,0.4
2018-07-11,002683,5.63,5.49,5.71,5.36,30205,24432255.0,6.06,-5.02,-0.29,0.51
2018-07-12,002683,5.49,5.91,5.99,5.49,36124,30434653.0,9.11,7.65,0.42,0.6
2018-07-13,002683,5.85,5.94,6.03,5.78,18516,15725594.0,4.23,0.51,0.03,0.31
2018-07-16,002683,5.94,5.92,6.15,5.81,27170,23036725.0,5.72,-0.34,-0.02,0.45
2018-07-17,002683,5.83,5.91,6.04,5.77,28823,24417746.0,4.56,-0.17,-0.01,0.48
2018-07-18,002683,5.93,5.64,5.98,5.58,45722,37897891.0,6.77,-4.57,-0.27,0.76
2018-07-19,002683,5.69,5.48,5.75,5.41,40412,32502787.0,6.03,-2.84,-0.16,0.68
2018-07-20,002683,5.39,5.63,5.71,5.39,19985,16316188.0,5.84,2.74,0.15,0.33
2018-07-23,002683,5.61,5.8,5.84,5.61,25135,20977637.0,4.09,3.02,0.17,0.42
2018-07-24,002683,5.8,6.55,6.64,5.8,97981,87587468.0,14.48,12.93,0.75,1.64
2018-07-25,002683,6.41,6.33,6.49,6.21,59609,53231411.0,4.27,-3.36,-0.22,1.0
2018-07-26,002683,6.33,6.19,6.38,6.14,34442,30400138.0,3.79,-2.21,-0.14,0.58
2018-07-27,002683,6.19,6.36,6.48,6.16,31020,27690943.0,5.17,2.75,0.17,0.52
2018-07-30,002683,6.43,6.03,6.44,5.93,38482,33399043.0,8.02,-5.19,-0.33,0.64
2018-07-31,002683,6.04,6.07,6.2,6.03,19230,16678336.0,2.82,0.66,0.04,0.32
2018-08-01,002683,6.07,5.95,6.25,5.92,23648,20508466.0,5.44,-1.98,-0.12,0.4
2018-08-02,002683,5.78,5.59,5.92,5.33,49746,40446015.0,9.92,-6.05,-0.36,0.83
2018-08-03,002683,5.67,5.53,5.75,5.43,32230,26193564.0,5.72,-1.07,-0.06,0.54
2018-08-06,002683,6.34,6.34,6.34,6.34,35444,31580604.0,0.0,14.65,0.81,0.59
2018-08-07,002683,6.6,6.88,7.22,6.5,213685,200833911.0,11.36,8.52,0.54,3.57
2018-08-08,002683,6.63,6.7,7.23,6.47,157941,147643241.0,11.05,-2.62,-0.18,2.64
2018-08-09,002683,6.73,6.82,6.87,6.45,105948,98361347.0,6.27,1.79,0.12,1.77
2018-08-10,002683,6.73,6.81,6.93,6.67,56698,53118163.0,3.81,-0.15,-0.01,0.95
2018-08-13,002683,6.63,6.65,6.69,6.49,44554,40866783.0,2.94,-2.35,-0.16,0.75
2018-08-14,002683,6.63,6.64,6.92,6.59,45253,42076061.0,4.96,-0.15,-0.01,0.76
2018-08-15,002683,6.63,6.4,6.73,6.39,43237,39228504.0,5.12,-3.61,-0.24,0.72
2018-08-16,002683,6.33,6.31,6.41,6.13,28783,25442092.0,4.38,-1.41,-0.09,0.48
2018-08-17,002683,6.48,6.1,6.52,6.1,26759,23639772.0,6.66,-3.33,-0.21,0.45
2018-08-20,002683,5.97,6.13,6.18,5.88,21780,18709560.0,4.92,0.49,0.03,0.36
2018-08-21,002683,6.13,6.57,6.78,6.13,57077,51984164.0,10.6,7.18,0.44,0.95
2018-08-22,002683,6.49,6.56,6.62,6.46,25715,23427513.0,2.44,-0.15,-0.01,0.43
2018-08-23,002683,6.48,6.53,6.68,6.48,32894,30058184.0,3.05,-0.46,-0.03,0.55
2018-08-24,002683,6.54,6.18,6.65,6.15,54192,48277851.0,7.66,-5.36,-0.35,0.91
2018-08-27,002683,6.27,6.58,6.58,6.19,60340,54465722.0,6.31,6.47,0.4,1.01
2018-08-28,002683,6.55,6.36,6.78,6.28,71660,64740800.0,7.6,-3.34,-0.22,1.2
2018-08-29,002683,6.39,6.6,6.71,6.36,73828,67475223.0,5.5,3.77,0.24,1.23
2018-08-30,002683,6.53,6.38,6.63,6.36,51159,46233560.0,4.09,-3.33,-0.22,0.86
2018-08-31,002683,6.5,6.12,6.5,5.96,50884,44341176.0,8.46,-4.08,-0.26,0.85
2018-09-03,002683,6.03,6.05,6.1,5.92,30984,26541990.0,2.94,-1.14,-0.07,0.52
2018-09-04,002683,6.03,6.19,6.29,6.01,33629,29330159.0,4.63,2.31,0.14,0.56
2018-09-05,002683,6.14,6.09,6.26,6.03,26686,23220383.0,3.72,-1.62,-0.1,0.45
2018-09-06,002683,6.13,6.09,6.23,5.98,29413,25589630.0,4.11,0.0,0.0,0.49
2018-09-07,002683,6.13,6.09,6.21,5.99,28928,25107825.0,3.61,0.0,0.0,0.48
2018-09-10,002683,6.09,5.94,6.14,5.94,17843,15302174.0,3.28,-2.46,-0.15,0.3
2018-09-11,002683,6.08,6.02,6.08,5.96,15815,13586515.0,2.02,1.35,0.08,0.26
2018-09-12,002683,6.03,6.05,6.12,5.97,14016,12081729.0,2.49,0.5,0.03,0.23
2018-09-13,002683,6.07,6.16,6.21,6.03,22394,19431213.0,2.98,1.82,0.11,0.37
2018-09-14,002683,6.18,6.4,6.63,6.14,100573,90999638.0,7.95,3.9,0.24,1.68
2018-09-17,002683,6.24,6.48,6.57,6.17,52608,47112805.0,6.25,1.25,0.08,0.88
2018-09-18,002683,6.41,6.63,6.63,6.38,58334,53070833.0,3.86,2.31,0.15,0.98
2018-09-19,002683,6.63,6.58,6.75,6.55,99207,91592001.0,3.02,-0.75,-0.05,1.66
2018-09-20,002683,6.55,6.41,6.59,6.4,49211,44504810.0,2.89,-2.58,-0.17,0.82
2018-09-21,002683,6.49,6.86,7.08,6.45,122335,114998228.0,9.83,7.02,0.45,2.05
2018-09-25,002683,6.86,7.31,7.52,6.77,125844,123099526.0,10.93,6.56,0.45,2.1
2018-09-26,002683,7.35,7.29,7.41,7.16,91782,90270914.0,3.42,-0.27,-0.02,1.54
2018-09-27,002683,7.37,7.12,7.39,7.07,79028,76946956.0,4.39,-2.33,-0.17,1.32
2018-09-28,002683,7.24,7.31,7.58,7.18,87593,86980582.0,5.62,2.67,0.19,1.46
2018-10-08,002683,7.13,7.12,7.41,7.07,56717,55328789.0,4.65,-2.6,-0.19,0.95
2018-10-09,002683,7.08,7.33,7.33,7.07,48117,46990392.0,3.65,2.95,0.21,0.8
2018-10-10,002683,7.35,7.95,7.98,7.34,128619,133140726.0,8.73,8.46,0.62,2.15
2018-10-11,002683,7.78,7.64,8.01,7.12,185093,187758807.0,11.19,-3.9,-0.31,3.1
2018-10-12,002683,7.47,7.77,7.88,7.02,125479,126214969.0,11.26,1.7,0.13,2.1
2018-10-15,002683,7.74,7.76,8.16,7.71,126403,132630848.0,5.79,-0.13,-0.01,2.11
2018-10-16,002683,7.83,6.73,7.98,6.73,171988,169833529.0,16.11,-13.27,-1.03,2.88
2018-10-17,002683,6.57,6.23,6.7,5.93,118294,104861748.0,11.44,-7.43,-0.5,1.98
2018-10-18,002683,6.3,5.97,6.3,5.81,74045,63572352.0,7.87,-4.17,-0.26,1.24
2018-10-19,002683,5.78,6.23,6.3,5.59,55757,48182052.0,11.89,4.36,0.26,0.93
2018-10-22,002683,6.31,6.78,6.9,6.31,82349,76083957.0,9.47,8.83,0.55,1.38
2018-10-23,002683,6.65,6.91,6.91,6.58,58103,54181365.0,4.87,1.92,0.13,0.97
2018-10-24,002683,6.75,6.64,6.89,6.59,49872,46361993.0,4.34,-3.91,-0.27,0.83
2018-10-25,002683,6.31,6.81,6.88,6.15,58604,53468678.0,10.99,2.56,0.17,0.98
2018-10-26,002683,6.81,6.83,6.98,6.76,33163,31230068.0,3.23,0.29,0.02,0.55
2018-10-29,002683,6.83,6.58,6.91,6.52,38946,36054370.0,5.71,-3.66,-0.25,0.65
2018-10-30,002683,6.39,6.67,6.71,6.38,40512,37195120.0,5.02,1.37,0.09,0.68
2018-10-31,002683,6.68,6.69,6.73,6.59,38351,35378081.0,2.1,0.3,0.02,0.64
2018-11-01,002683,6.71,6.81,6.91,6.68,38374,35892363.0,3.44,1.79,0.12,0.64
2018-11-02,002683,6.98,7.35,7.53,6.85,111683,109415988.0,9.99,7.93,0.54,1.87
2018-11-05,002683,7.44,7.35,7.71,7.2,110342,110416339.0,6.94,0.0,0.0,1.85
2018-11-06,002683,7.46,7.47,7.62,7.25,66978,66930101.0,5.03,1.63,0.12,1.12
2018-11-07,002683,7.63,7.26,7.77,7.23,104978,104641201.0,7.23,-2.81,-0.21,1.76
2018-11-08,002683,7.34,7.02,7.36,7.01,59917,57950289.0,4.82,-3.31,-0.24,1.0
2018-11-09,002683,6.96,7.02,7.08,6.89,40184,38417632.0,2.71,0.0,0.0,0.67
2018-11-12,002683,7.08,7.18,7.18,6.98,63451,61340442.0,2.85,2.28,0.16,1.06
2018-11-13,002683,7.09,7.15,7.18,6.99,102451,98992345.0,2.65,-0.42,-0.03,1.71
2018-11-14,002683,7.11,7.11,7.38,7.1,121278,118817763.0,3.92,-0.56,-0.04,2.03
2018-11-15,002683,6.99,6.97,7.08,6.76,105822,100128558.0,4.5,-1.97,-0.14,1.77
2018-11-16,002683,6.97,7.0,7.08,6.89,72278,69212188.0,2.73,0.43,0.03,1.21
2018-11-19,002683,7.07,7.36,7.44,7.03,138564,136646200.0,5.86,5.14,0.36,2.32
2018-11-20,002683,7.23,7.2,7.43,7.1,119793,117903450.0,4.48,-2.17,-0.16,2.0
2018-11-21,002683,7.09,7.02,7.23,6.88,79920,76644316.0,4.86,-2.5,-0.18,1.34
2018-11-22,002683,7.03,6.76,7.05,6.73,72314,68004457.0,4.56,-3.7,-0.26,1.21
2018-11-23,002683,6.68,6.29,6.71,6.27,84816,76446084.0,6.51,-6.95,-0.47,1.42
2018-11-26,002683,6.32,6.3,6.37,6.17,39291,34844551.0,3.18,0.16,0.01,0.66
2018-11-27,002683,6.28,6.31,6.36,6.25,36537,32408885.0,1.75,0.16,0.01,0.61
2018-11-28,002683,6.25,6.29,6.32,6.13,35772,31559002.0,3.01,-0.32,-0.02,0.6
2018-11-29,002683,6.31,6.23,6.49,6.19,39962,35613418.0,4.77,-0.95,-0.06,0.67
2018-11-30,002683,6.19,6.23,6.25,6.08,24933,21797602.0,2.73,0.0,0.0,0.42
2018-12-03,002683,6.42,6.44,6.52,6.33,51626,46411851.0,3.05,3.37,0.21,0.86
2018-12-04,002683,6.46,6.43,6.46,6.33,30651,27463196.0,2.02,-0.16,-0.01,0.51
2018-12-05,002683,6.23,6.48,6.5,6.19,34561,30775242.0,4.82,0.78,0.05,0.58
2018-12-06,002683,6.41,6.39,6.54,6.31,27475,24668280.0,3.55,-1.39,-0.09,0.46
2018-12-07,002683,6.43,6.38,6.44,6.3,21185,18981821.0,2.19,-0.16,-0.01,0.35
2018-12-10,002683,6.26,6.23,6.33,6.13,24097,21166667.0,3.13,-2.35,-0.15,0.4
2018-12-11,002683,6.24,6.31,6.32,6.19,17790,15725909.0,2.09,1.28,0.08,0.3
2018-12-12,002683,6.3,6.29,6.35,6.21,17408,15384719.0,2.22,-0.32,-0.02,0.29
2018-12-13,002683,6.26,6.42,6.53,6.24,51062,45964453.0,4.61,2.07,0.13,0.85
2018-12-14,002683,6.42,6.34,6.51,6.32,29853,26886179.0,2.96,-1.25,-0.08,0.5
2018-12-17,002683,6.25,6.29,6.45,6.24,20629,18341411.0,3.31,-0.79,-0.05,0.35
2018-12-18,002683,6.24,6.13,6.27,5.93,40929,35511461.0,5.41,-2.54,-0.16,0.68
2018-12-19,002683,6.1,6.06,6.17,6.03,13938,12076456.0,2.28,-1.14,-0.07,0.23
2018-12-20,002683,6.03,6.08,6.12,6.01,13483,11639436.0,1.82,0.33,0.02,0.23
2018-12-21,002683,6.11,5.97,6.11,5.91,14248,12167145.0,3.29,-1.81,-0.11,0.24
2018-12-24,002683,5.97,5.99,6.03,5.86,13776,11761251.0,2.85,0.34,0.02,0.23
2018-12-25,002683,5.93,5.69,5.93,5.53,35283,29148004.0,6.68,-5.01,-0.3,0.59
2018-12-26,002683,5.71,5.72,5.81,5.67,22966,19070012.0,2.46,0.53,0.03,0.38
2018-12-27,002683,5.88,5.69,5.89,5.67,18167,15089371.0,3.85,-0.52,-0.03,0.3
2018-12-28,002683,5.63,5.66,5.76,5.62,14556,12003928.0,2.46,-0.53,-0.03,0.24
2019-01-02,002683,5.79,5.65,5.79,5.63,11008,9061204.0,2.83,-0.18,-0.01,0.18
2019-01-03,002683,5.65,5.53,5.91,5.48,39108,32098310.0,7.61,-2.12,-0.12,0.65
2019-01-04,002683,5.36,5.64,5.65,5.23,30010,24311631.0,7.59,1.99,0.11,0.5
2019-01-07,002683,5.65,5.9,5.98,5.65,51424,43367191.0,5.85,4.61,0.26,0.86
2019-01-08,002683,5.9,5.92,5.97,5.82,33289,28253738.0,2.54,0.34,0.02,0.56
2019-01-09,002683,5.93,5.89,6.03,5.85,33222,28283893.0,3.04,-0.51,-0.03,0.56
2019-01-10,002683,5.82,5.79,5.96,5.77,24314,20441642.0,3.23,-1.7,-0.1,0.41
2019-01-11,002683,5.85,5.82,5.85,5.73,17733,14814842.0,2.07,0.52,0.03,0.3
2019-01-14,002683,5.79,5.84,5.86,5.79,22573,18949111.0,1.2,0.34,0.02,0.38
2019-01-15,002683,5.84,6.01,6.02,5.78,32585,27616438.0,4.11,2.91,0.17,0.54
2019-01-16,002683,6.01,5.98,6.02,5.91,22431,19113135.0,1.83,-0.5,-0.03,0.38
2019-01-17,002683,5.98,5.93,6.06,5.91,22714,19365063.0,2.51,-0.84,-0.05,0.38
2019-01-18,002683,5.94,5.99,6.05,5.9,17507,14948789.0,2.53,1.01,0.06,0.29
2019-01-21,002683,5.99,5.95,6.08,5.92,25368,21724135.0,2.67,-0.67,-0.04,0.42
2019-01-22,002683,5.95,5.75,5.97,5.71,28100,23601322.0,4.37,-3.36,-0.2,0.47
2019-01-23,002683,5.83,6.12,6.28,5.78,68575,59227833.0,8.7,6.43,0.37,1.15
2019-01-24,002683,6.11,6.01,6.19,5.99,42875,37043096.0,3.27,-1.8,-0.11,0.72
2019-01-25,002683,6.04,6.01,6.08,5.99,20987,18054629.0,1.5,0.0,0.0,0.35
2019-01-28,002683,6.01,5.98,6.15,5.93,33652,29014204.0,3.66,-0.5,-0.03,0.56
2019-01-29,002683,5.98,5.73,6.01,5.53,36843,30666503.0,8.03,-4.18,-0.25,0.62
2019-01-30,002683,5.58,5.62,5.72,5.58,23408,19221538.0,2.44,-1.92,-0.11,0.39
2019-01-31,002683,5.62,5.47,5.74,5.41,38661,31461352.0,5.87,-2.67,-0.15,0.65
2019-02-01,002683,5.48,5.76,5.81,5.48,26702,22031198.0,6.03,5.3,0.29,0.45
2019-02-11,002683,5.86,6.0,6.03,5.65,32191,27472849.0,6.6,4.17,0.24,0.54
2019-02-12,002683,6.0,6.03,6.08,5.98,23786,20454299.0,1.67,0.5,0.03,0.4
2019-02-13,002683,6.03,6.14,6.15,5.99,42652,36835053.0,2.65,1.82,0.11,0.71
2019-02-14,002683,6.11,6.08,6.18,6.02,39319,34033787.0,2.61,-0.98,-0.06,0.66
2019-02-15,002683,6.14,6.2,6.37,6.08,61980,54727238.0,4.77,1.97,0.12,1.04
2019-02-18,002683,6.23,6.45,6.45,6.23,73170,65407048.0,3.55,4.03,0.25,1.22
2019-02-19,002683,6.53,6.4,6.53,6.25,61557,55142112.0,4.34,-0.78,-0.05,1.03
2019-02-20,002683,6.38,6.33,6.4,6.28,41530,36971411.0,1.88,-1.09,-0.07,0.69
2019-02-21,002683,6.48,6.27,6.49,6.25,52886,47303792.0,3.79,-0.95,-0.06,0.88
2019-02-22,002683,6.28,6.87,6.9,6.23,172667,159563095.0,10.69,9.57,0.6,2.89
2019-02-25,002683,6.83,7.14,7.28,6.78,230480,222483520.0,7.28,3.93,0.27,3.85
2019-02-26,002683,7.23,6.9,7.23,6.78,146221,139291486.0,6.3,-3.36,-0.24,2.45
2019-02-27,002683,6.88,7.01,7.17,6.74,138379,132146313.0,6.23,1.59,0.11,2.31
2019-02-28,002683,7.13,6.89,7.15,6.88,84573,80680197.0,3.85,-1.71,-0.12,1.41
2019-03-01,002683,7.0,6.94,7.04,6.72,108896,102973502.0,4.64,0.73,0.05,1.82
2019-03-04,002683,7.04,7.88,7.89,6.97,394638,397503920.0,13.26,13.54,0.94,6.6
2019-03-05,002683,7.64,8.15,8.83,7.63,325105,350868688.0,15.23,3.43,0.27,5.44
2019-03-06,002683,8.35,8.96,9.13,7.93,346257,385551136.0,14.72,9.94,0.81,5.79
2019-03-07,002683,9.33,9.7,9.82,8.99,300147,362002240.0,9.26,8.26,0.74,5.02
2019-03-08,002683,9.42,9.72,10.43,9.15,264843,327321200.0,13.2,0.21,0.02,4.43
2019-03-11,002683,9.82,10.07,10.8,9.82,286052,366749280.0,10.08,3.6,0.35,4.78
2019-03-12,002683,10.08,10.31,10.59,9.96,239927,308238576.0,6.26,2.38,0.24,4.01
2019-03-13,002683,10.34,10.13,10.48,9.99,209028,268410625.0,4.75,-1.75,-0.18,3.5
2019-03-14,002683,9.91,9.84,10.23,9.5,178306,220473673.0,7.21,-2.86,-0.29,2.98
2019-03-15,002683,9.89,10.43,10.96,9.89,268487,352594368.0,10.87,6.0,0.59,4.49
2019-03-18,002683,10.73,10.73,11.46,10.43,243671,326145200.0,9.88,2.88,0.3,4.08
2019-03-19,002683,10.87,10.71,10.87,10.37,103613,136678002.0,4.66,-0.19,-0.02,1.73
2019-03-20,002683,10.53,10.87,11.31,10.44,129313,173345873.0,8.12,1.49,0.16,2.16
2019-03-21,002683,10.87,12.21,12.21,10.74,307117,443990352.0,13.52,12.33,1.34,5.14
2019-03-22,002683,12.43,12.62,12.98,11.94,272112,408672496.0,8.52,3.36,0.41,4.55
2019-03-25,002683,12.52,12.63,13.08,12.14,147038,223507968.0,7.45,0.08,0.01,2.46
2019-03-26,002683,12.59,11.11,12.72,11.11,336043,477378320.0,12.75,-12.03,-1.52,5.62
2019-03-27,002683,10.96,10.78,11.4,10.37,303376,403950384.0,9.27,-2.97,-0.33,5.07
2019-03-28,002683,10.85,10.61,10.94,10.53,135252,180273121.0,3.8,-1.58,-0.17,2.26
2019-03-29,002683,10.92,11.22,11.29,10.56,194710,264885844.0,6.88,5.75,0.61,3.26
2019-04-01,002683,11.38,11.9,12.16,11.16,214764,305736016.0,8.91,6.06,0.68,3.59
2019-04-02,002683,11.92,12.98,13.35,11.92,299191,462604752.0,12.02,9.08,1.08,5.0
2019-04-03,002683,12.91,12.86,13.25,12.42,146913,226496115.0,6.39,-0.92,-0.12,2.46
2019-04-04,002683,12.91,13.43,13.68,12.42,238178,372320688.0,9.8,4.43,0.57,3.98
2019-04-08,002683,13.43,13.31,13.63,12.93,140066,221723550.0,5.21,-0.89,-0.12,2.34
2019-04-09,002683,13.13,12.86,13.32,12.76,119366,185817850.0,4.21,-3.38,-0.45,2.0
2019-04-10,002683,12.82,12.76,13.02,12.3,128114,195666757.0,5.6,-0.78,-0.1,2.14
2019-04-11,002683,12.96,12.27,13.13,12.15,121113,183736077.0,7.68,-3.84,-0.49,2.03
2019-04-12,002683,12.27,12.38,12.71,12.2,90345,135351013.0,4.16,0.9,0.11,1.51
2019-04-15,002683,12.57,12.22,12.99,12.21,99152,150773088.0,6.3,-1.29,-0.16,1.66
2019-04-16,002683,11.94,12.45,12.49,11.73,100776,148016603.0,6.22,1.88,0.23,1.69
2019-04-17,002683,12.57,12.47,12.77,12.1,111789,167162683.0,5.38,0.16,0.02,1.87
2019-04-18,002683,12.43,12.62,13.08,12.28,121181,185596689.0,6.42,1.2,0.15,2.03
2019-04-19,002683,12.63,12.39,12.81,12.32,74036,111380555.0,3.88,-1.82,-0.23,1.24
2019-04-22,002683,12.36,11.39,12.48,10.93,250306,352707040.0,12.51,-8.07,-1.0,4.19
2019-04-23,002683,11.42,11.73,12.11,11.39,197993,285368448.0,6.32,2.99,0.34,3.31
2019-04-24,002683,11.91,11.87,12.37,11.58,126600,183543012.0,6.73,1.19,0.14,2.12
2019-04-25,002683,11.95,11.09,12.11,10.89,147264,205122240.0,10.28,-6.57,-0.78,2.46
2019-04-26,002683,11.15,11.09,11.29,10.88,94101,128670120.0,3.7,0.0,0.0,1.57
2019-04-29,002683,11.01,10.4,11.03,10.29,135654,178172187.0,6.67,-6.22,-0.69,2.27
2019-04-30,002683,10.47,10.73,10.92,10.43,127586,168993801.0,4.71,3.17,0.33,2.13
2019-05-06,002683,10.32,9.4,10.63,9.4,163593,202960266.0,11.46,-12.4,-1.33,2.74
2019-05-07,002683,9.41,9.22,9.73,8.98,150282,177853910.0,7.98,-1.91,-0.18,2.51
2019-05-08,002683,8.96,9.8,10.26,8.96,189846,235384486.0,14.1,6.29,0.58,3.18
2019-05-09,002683,9.8,9.54,10.08,9.51,106027,130720268.0,5.82,-2.65,-0.26,1.77
2019-05-10,002683,9.7,9.85,10.09,9.26,118357,146096583.0,8.7,3.25,0.31,1.98
2019-05-13,002683,9.82,9.75,10.28,9.55,118843,147953815.0,7.41,-1.02,-0.1,1.99
2019-05-14,002683,9.51,10.07,10.23,9.38,146344,182372466.0,8.72,3.28,0.32,2.45
2019-05-15,002683,10.37,10.15,10.37,9.94,145936,185224982.0,4.27,0.79,0.08,2.44
2019-05-16,002683,10.15,10.69,10.7,9.99,144035,186949600.0,7.0,5.32,0.54,2.41
2019-05-17,002683,10.72,10.05,10.78,9.9,118507,152832944.0,8.23,-5.99,-0.64,1.98
2019-05-20,002683,9.98,8.79,10.0,8.79,185721,214467529.0,12.04,-12.54,-1.26,3.11
2019-05-21,002683,8.57,8.46,8.9,8.23,247350,273771392.0,7.62,-3.75,-0.33,4.14
2019-05-22,002683,8.58,8.38,8.77,8.28,120647,133510664.0,5.79,-0.95,-0.08,2.02
2019-05-23,002683,8.23,8.04,8.52,7.95,133653,143936144.0,6.8,-4.06,-0.34,2.24
2019-05-24,002683,8.14,7.84,8.25,7.68,108241,113405311.0,7.09,-2.49,-0.2,1.81
2019-05-27,002683,7.84,8.18,8.32,7.84,136928,146417493.0,6.12,4.34,0.34,2.29
2019-05-28,002683,8.25,8.02,8.41,7.95,117313,125778951.0,5.62,-1.96,-0.16,1.96
2019-05-29,002683,8.11,8.07,8.18,7.88,102643,108849075.0,3.74,0.62,0.05,1.72
2019-05-30,002683,8.11,7.99,8.11,7.61,116071,120955256.0,6.2,-0.99,-0.08,1.94
2019-05-31,002683,8.11,7.67,8.11,7.58,134001,138613030.0,6.63,-4.01,-0.32,2.24
2019-06-03,002683,7.64,7.53,7.81,7.36,127987,129815938.0,5.87,-1.83,-0.14,2.14
2019-06-04,002683,7.54,7.31,7.63,7.21,91698,91341290.0,5.58,-2.92,-0.22,1.53
2019-06-05,002683,7.45,7.24,7.53,7.2,77284,76576685.0,4.51,-0.96,-0.07,1.29
2019-06-06,002683,7.31,6.99,7.31,6.91,92064,88390257.0,5.52,-3.45,-0.25,1.54
2019-06-10,002683,7.22,7.5,7.61,7.1,142324,142099680.0,7.3,7.3,0.51,2.38
2019-06-11,002683,7.56,7.81,7.87,7.51,126249,130097028.0,4.8,4.13,0.31,2.11
2019-06-12,002683,7.88,7.7,7.91,7.63,80105,82599599.0,3.59,-1.41,-0.11,1.34
2019-06-13,002683,7.73,7.85,7.87,7.52,78433,80524854.0,4.55,1.95,0.15,1.31
2019-06-14,002683,7.83,7.53,7.88,7.48,79590,81642560.0,5.1,-4.08,-0.32,1.33
2019-06-17,002683,7.66,7.84,8.05,7.66,114109,119262979.0,5.18,4.12,0.31,1.91
2019-06-18,002683,7.83,8.0,8.05,7.76,85715,89986069.0,3.7,2.04,0.16,1.43
2019-06-19,002683,8.3,7.93,8.3,7.87,99671,105506848.0,5.38,-0.88,-0.07,1.67
2019-06-20,002683,7.93,8.05,8.09,7.82,80291,84819124.0,3.4,1.51,0.12,1.34
2019-06-21,002683,8.17,8.66,8.68,8.09,156235,170457878.0,7.33,7.58,0.61,2.61
2019-06-24,002683,8.58,8.62,8.85,8.48,124136,136933902.0,4.27,-0.46,-0.04,2.04
2019-06-25,002683,8.63,9.21,9.33,8.5,171208,193733780.0,9.63,6.84,0.59,2.82
2019-06-26,002683,9.08,9.71,9.74,8.97,198036,235829693.0,8.36,5.43,0.5,3.26
2019-06-27,002683,9.71,9.58,9.84,9.39,155506,186585303.0,4.63,-1.34,-0.13,2.56
2019-06-28,002683,9.48,9.28,9.57,9.1,126438,148027183.0,4.91,-3.13,-0.3,2.08
2019-07-01,002683,9.53,9.45,9.58,9.28,115570,137193996.0,3.23,1.83,0.17,1.9
2019-07-02,002683,9.46,10.18,10.58,9.36,190870,238129245.0,12.91,7.72,0.73,3.14
2019-07-03,002683,9.98,10.13,10.43,9.96,134788,170083952.0,4.62,-0.49,-0.05,2.22
2019-07-04,002683,10.2,10.13,10.63,9.93,128990,164137044.0,6.91,0.0,0.0,2.12
2019-07-05,002683,10.23,10.02,10.23,9.93,72675,90570702.0,2.96,-1.09,-0.11,1.2
2019-07-08,002683,10.03,9.56,10.07,9.42,120400,144772258.0,6.49,-4.59,-0.46,1.98
2019-07-09,002683,9.63,9.77,9.9,9.46,80020,97190735.0,4.6,2.2,0.21,1.32
2019-07-10,002683,9.77,9.58,9.96,9.51,56021,67725487.0,4.61,-1.94,-0.19,0.92
2019-07-11,002683,9.58,9.58,9.91,9.45,82083,99310787.0,4.8,0.0,0.0,1.35
2019-07-12,002683,9.61,9.51,9.75,9.5,43305,51895916.0,2.61,-0.73,-0.07,0.71
2019-07-15,002683,9.49,9.78,9.82,9.1,80183,96068334.0,7.57,2.84,0.27,1.32
2019-07-16,002683,9.82,10.21,10.27,9.48,160263,199009267.0,8.08,4.4,0.43,2.64
2019-07-17,002683,10.07,10.21,10.46,10.05,126309,160189306.0,4.02,0.0,0.0,2.08
2019-07-18,002683,10.52,10.57,10.81,10.2,165457,213854192.0,5.97,3.53,0.36,2.72
2019-07-19,002683,10.98,10.28,11.27,10.28,307265,404306624.0,9.37,-2.74,-0.29,5.06
2019-07-22,002683,10.36,9.96,10.36,9.68,119831,148769870.0,6.61,-3.11,-0.32,1.97
2019-07-23,002683,9.78,9.86,10.08,9.73,78077,95829090.0,3.51,-1.0,-0.1,1.29
2019-07-24,002683,9.86,10.33,10.58,9.84,103960,132266572.0,7.51,4.77,0.47,1.71
2019-07-25,002683,10.34,10.73,10.78,10.33,119583,155859208.0,4.36,3.87,0.4,1.97
2019-07-26,002683,10.74,10.73,10.9,10.55,80355,105611135.0,3.26,0.0,0.0,1.32
2019-07-29,002683,10.71,10.58,10.77,10.41,68132,88685622.0,3.36,-1.4,-0.15,1.12
2019-07-30,002683,10.52,10.48,10.71,10.43,69058,89709232.0,2.65,-0.95,-0.1,1.14
2019-07-31,002683,10.43,10.4,10.65,10.34,60782,78507935.0,2.96,-0.76,-0.08,1.0
2019-08-01,002683,10.42,10.24,10.59,10.03,80335,101975947.0,5.38,-1.54,-0.16,1.32
2019-08-02,002683,10.05,9.73,10.05,9.66,79507,97254200.0,3.81,-4.98,-0.51,1.31
2019-08-05,002683,9.9,9.51,10.01,9.48,74747,90838869.0,5.45,-2.26,-0.22,1.23
2019-08-06,002683,9.08,9.39,9.68,8.6,91111,106948748.0,11.36,-1.26,-0.12,1.5
2019-08-07,002683,9.42,9.16,9.59,9.07,68522,80239002.0,5.54,-2.45,-0.23,1.13
2019-08-08,002683,9.26,9.57,9.63,9.08,72415,86009924.0,6.0,4.48,0.41,1.19
2019-08-09,002683,9.57,9.11,9.58,9.08,69027,80847882.0,5.22,-4.81,-0.46,1.14
2019-08-12,002683,9.14,9.45,9.53,8.9,79454,93061498.0,6.92,3.73,0.34,1.31
2019-08-13,002683,9.31,9.31,9.45,9.08,46803,54791760.0,3.92,-1.48,-0.14,0.77
2019-08-14,002683,9.45,9.76,9.93,9.45,100501,122319683.0,5.16,4.83,0.45,1.65
2019-08-15,002683,9.47,9.95,10.01,9.38,85280,104316067.0,6.45,1.95,0.19,1.4
2019-08-16,002683,9.89,9.92,10.33,9.88,93222,116669230.0,4.52,-0.3,-0.03,1.53
2019-08-19,002683,10.24,10.42,10.48,9.94,114860,145467478.0,5.44,5.04,0.5,1.89
2019-08-20,002683,10.38,10.3,10.65,10.24,90037,115134072.0,3.93,-1.15,-0.12,1.48
2019-08-21,002683,10.24,10.33,10.51,10.21,62554,79897998.0,2.91,0.29,0.03,1.03
2019-08-22,002683,10.33,11.36,11.56,10.28,287757,387459296.0,12.39,9.97,1.03,4.74
2019-08-23,002683,11.42,11.57,11.87,11.23,199433,278309184.0,5.63,1.85,0.21,3.28
2019-08-26,002683,11.32,11.86,11.99,11.32,209226,296481200.0,5.79,2.51,0.29,3.44
2019-08-27,002683,11.93,11.74,12.01,11.64,177781,252961442.0,3.12,-1.01,-0.12,2.93
2019-08-28,002683,11.74,12.08,12.91,11.68,258097,377202608.0,10.48,2.9,0.34,4.25
2019-08-29,002683,11.98,11.88,12.31,11.88,147915,213799963.0,3.56,-1.66,-0.2,2.43
2019-08-30,002683,12.06,11.89,12.28,11.56,213576,306531584.0,6.06,0.08,0.01,3.52
2019-09-02,002683,11.96,12.38,12.77,11.72,281765,416965280.0,8.83,4.12,0.49,4.64
2019-09-03,002683,12.27,12.18,12.65,11.98,185039,272073712.0,5.41,-1.62,-0.2,3.05
2019-09-04,002683,12.11,12.46,12.67,11.97,178244,263112862.0,5.75,2.3,0.28,2.93
2019-09-05,002683,12.52,13.16,13.16,12.39,224864,341526864.0,6.18,5.62,0.7,3.7
2019-09-06,002683,13.16,13.01,13.32,12.78,147228,227807401.0,4.1,-1.14,-0.15,2.42
2019-09-09,002683,13.06,13.05,13.34,12.78,185102,286500208.0,4.3,0.31,0.04,3.05
2019-09-10,002683,12.93,12.58,13.01,12.49,176551,267039419.0,3.98,-3.6,-0.47,2.91
2019-09-11,002683,12.39,12.59,13.13,12.39,157710,240142401.0,5.88,0.08,0.01,2.6
2019-09-12,002683,12.65,12.56,12.75,12.47,80874,121369117.0,2.22,-0.24,-0.03,1.33
2019-09-16,002683,12.71,12.45,12.87,12.28,136906,204518670.0,4.7,-0.88,-0.11,2.25
2019-09-17,002683,12.53,12.36,12.79,12.18,117592,174954782.0,4.9,-0.72,-0.09,1.94
2019-09-18,002683,12.36,12.06,12.43,11.88,137940,200612269.0,4.45,-2.43,-0.3,2.27
2019-09-19,002683,12.06,13.04,13.28,12.06,328939,504902704.0,10.12,8.13,0.98,5.42
2019-09-20,002683,13.18,13.02,13.2,12.78,157469,241430177.0,3.22,-0.15,-0.02,2.59
2019-09-23,002683,12.88,12.57,12.99,12.18,174652,261728878.0,6.22,-3.46,-0.45,2.88
2019-09-24,002683,12.77,12.67,13.14,12.48,142519,216345762.0,5.25,0.8,0.1,2.35
2019-09-25,002683,12.73,12.23,12.77,12.16,112092,166121059.0,4.81,-3.47,-0.44,1.85
2019-09-26,002683,12.19,11.6,12.42,11.49,137584,196014332.0,7.6,-5.15,-0.63,2.26
2019-09-27,002683,11.78,11.83,12.05,11.62,87648,125336356.0,3.71,1.98,0.23,1.44
2019-09-30,002683,11.77,11.36,11.91,11.35,69652,97699603.0,4.73,-3.97,-0.47,1.15
2019-10-08,002683,11.53,11.46,11.84,11.37,70194,98336825.0,4.14,0.88,0.1,1.16
2019-10-09,002683,11.32,11.48,11.61,11.08,62642,86434157.0,4.62,0.17,0.02,1.03
2019-10-10,002683,11.48,12.02,12.02,11.48,95826,136812782.0,4.7,4.7,0.54,1.58
2019-10-11,002683,12.02,11.65,12.06,11.54,71266,100627359.0,4.33,-3.08,-0.37,1.17
2019-10-14,002683,11.75,11.68,12.01,11.58,101066,143865283.0,3.69,0.26,0.03,1.66
2019-10-15,002683,11.59,11.27,11.66,10.98,133311,182389376.0,5.82,-3.51,-0.41,2.19
2019-10-16,002683,11.27,10.93,11.47,10.93,84967,115225846.0,4.79,-3.02,-0.34,1.4
2019-10-17,002683,11.01,10.98,11.25,10.81,65679,88405952.0,4.03,0.46,0.05,1.08
2019-10-18,002683,10.86,10.61,11.03,10.59,81404,107240758.0,4.01,-3.37,-0.37,1.34
2019-10-21,002683,10.61,10.65,10.71,10.3,48165,62504623.0,3.86,0.38,0.04,0.79
2019-10-22,002683,10.74,10.84,10.84,10.48,54523,71507963.0,3.38,1.78,0.19,0.9
2019-10-23,002683,10.74,11.07,11.43,10.73,108346,147056118.0,6.46,2.12,0.23,1.78
2019-10-24,002683,10.98,10.96,11.16,10.68,52718,70375582.0,4.34,-0.99,-0.11,0.87
2019-10-25,002683,10.95,11.18,11.34,10.87,57740,78303075.0,4.29,2.01,0.22,0.95
2019-10-28,002683,11.1,11.34,11.4,10.89,92308,125564663.0,4.56,1.43,0.16,1.52
2019-10-29,002683,11.42,11.41,11.62,11.3,71910,99808893.0,2.82,0.62,0.07,1.18
2019-10-30,002683,11.34,11.43,11.53,11.2,42265,58431158.0,2.89,0.18,0.02,0.7
2019-10-31,002683,11.3,11.48,12.13,11.3,146332,207476083.0,7.26,0.44,0.05,2.41
2019-11-01,002683,11.66,11.8,11.87,11.38,74673,105339620.0,4.27,2.79,0.32,1.23
2019-11-04,002683,11.8,11.82,12.06,11.67,84576,120814671.0,3.31,0.17,0.02,1.39
2019-11-05,002683,11.82,12.21,12.46,11.77,144539,210934463.0,5.84,3.3,0.39,2.38
2019-11-06,002683,12.06,11.94,12.33,11.86,81598,118157266.0,3.85,-2.21,-0.27,1.34
2019-11-07,002683,12.0,11.85,12.22,11.72,75392,107911827.0,4.19,-0.75,-0.09,1.24
2019-11-08,002683,11.89,11.62,11.97,11.52,123017,173357017.0,3.8,-1.94,-0.23,2.03
2019-11-11,002683,11.51,10.67,11.51,10.52,155585,206841774.0,8.52,-8.18,-0.95,2.56
2019-11-12,002683,10.63,10.7,10.88,10.39,77342,100923427.0,4.59,0.28,0.03,1.27
2019-11-13,002683,10.59,10.82,10.88,10.59,47689,62858489.0,2.71,1.12,0.12,0.79
2019-11-14,002683,10.79,10.79,10.9,10.63,54792,72291734.0,2.5,-0.28,-0.03,0.9
2019-11-15,002683,10.86,10.67,10.91,10.63,46380,60885752.0,2.59,-1.11,-0.12,0.76
2019-11-18,002683,10.57,10.73,10.76,10.49,46971,61486864.0,2.53,0.56,0.06,0.77
2019-11-19,002683,10.83,10.94,11.05,10.69,70185,93401509.0,3.36,1.96,0.21,1.16
2019-11-20,002683,10.96,11.09,11.43,10.96,83696,114002365.0,4.3,1.37,0.15,1.38
2019-11-21,002683,11.02,11.17,11.3,10.93,47064,63903604.0,3.34,0.72,0.08,0.77
2019-11-22,002683,11.1,11.05,11.3,10.9,53176,71883092.0,3.58,-1.07,-0.12,0.88
2019-11-25,002683,11.08,11.1,11.26,10.83,54797,73794255.0,3.89,0.45,0.05,0.9
2019-11-26,002683,11.05,11.31,11.43,11.05,68300,93820483.0,3.42,1.89,0.21,1.12
2019-11-27,002683,11.28,11.42,11.69,11.11,75722,105017206.0,5.13,0.97,0.11,1.25
2019-11-28,002683,11.38,11.32,11.62,11.23,52273,72291298.0,3.42,-0.88,-0.1,0.86
2019-11-29,002683,11.38,11.24,11.38,10.97,68841,93398810.0,3.62,-0.71,-0.08,1.13
2019-12-02,002683,11.26,11.51,11.63,11.18,95239,132655041.0,4.0,2.4,0.27,1.57
2019-12-03,002683,11.51,11.58,11.71,11.38,73613,102852080.0,2.87,0.61,0.07,1.21
2019-12-04,002683,11.55,11.81,11.84,11.49,85736,121219827.0,3.02,1.99,0.23,1.41
2019-12-05,002683,11.78,12.33,12.39,11.69,159590,232102384.0,5.93,4.4,0.52,2.63
2019-12-06,002683,12.59,12.83,13.1,12.18,294621,444651024.0,7.46,4.06,0.5,4.85
2019-12-09,002683,12.91,12.97,13.24,12.76,165967,255189954.0,3.74,1.09,0.14,2.73
2019-12-10,002683,12.98,13.29,13.48,12.81,185091,289430208.0,5.17,2.47,0.32,3.05
2019-12-11,002683,13.27,13.74,13.78,13.22,161788,258681310.0,4.21,3.39,0.45,2.66
2019-12-12,002683,13.74,13.65,14.25,13.38,227164,367134880.0,6.33,-0.66,-0.09,3.74
2019-12-13,002683,13.86,14.36,14.54,13.58,225658,373361328.0,7.03,5.2,0.71,3.71
2019-12-16,002683,14.33,14.72,14.93,14.3,198666,338784816.0,4.39,2.51,0.36,3.27
2019-12-17,002683,14.67,14.58,14.95,14.45,173890,296892544.0,3.4,-0.95,-0.14,2.86
2019-12-18,002683,14.7,14.39,14.86,14.34,174755,295996896.0,3.57,-1.3,-0.19,2.88
2019-12-19,002683,14.39,14.59,14.82,14.23,133344,226145582.0,4.1,1.39,0.2,2.2
2019-12-20,002683,14.59,14.76,15.34,14.52,186257,322586768.0,5.62,1.17,0.17,3.07
2019-12-23,002683,14.87,15.41,15.84,14.76,185609,329118896.0,7.32,4.4,0.65,3.06
2019-12-24,002683,15.46,15.61,15.78,15.18,126274,225383644.0,3.89,1.3,0.2,2.08
2019-12-25,002683,15.68,15.42,15.68,15.22,102614,182839387.0,2.95,-1.22,-0.19,1.69
2019-12-26,002683,15.37,15.49,15.65,15.15,77147,137455817.0,3.24,0.45,0.07,1.27
2019-12-27,002683,15.45,15.44,15.71,15.3,93566,167835402.0,2.65,-0.32,-0.05,1.54
2019-12-30,002683,15.21,16.26,16.31,15.12,133823,246029806.0,7.71,5.31,0.82,2.2
2019-12-31,002683,16.19,16.43,16.55,15.98,100034,187147430.0,3.51,1.05,0.17,1.65
2020-01-02,002683,16.43,17.01,17.04,16.29,170603,325811712.0,4.56,3.53,0.58,2.81
2020-01-03,002683,16.97,16.64,17.55,16.58,190903,370648368.0,5.7,-2.18,-0.37,3.14
2020-01-06,002683,16.91,16.22,17.97,15.41,382151,734958832.0,15.38,-2.52,-0.42,6.29
2020-01-07,002683,16.4,18.08,18.08,16.31,374184,743741088.0,10.91,11.47,1.86,6.16
2020-01-08,002683,18.38,18.51,18.88,17.8,285796,592837056.0,5.97,2.38,0.43,4.71
2020-01-09,002683,17.98,18.41,18.77,17.79,198762,414590208.0,5.29,-0.54,-0.1,3.27
2020-01-10,002683,18.67,18.75,19.08,18.33,193326,408202208.0,4.07,1.85,0.34,3.18
2020-01-13,002683,18.73,18.81,19.18,18.66,133276,283575648.0,2.77,0.32,0.06,2.2
2020-01-14,002683,18.95,18.85,19.23,18.75,140324,299763840.0,2.55,0.21,0.04,2.31
2020-01-15,002683,18.84,18.95,19.09,18.33,124907,264479374.0,4.03,0.53,0.1,2.06
2020-01-16,002683,19.13,19.21,19.58,18.85,110963,239885416.0,3.85,1.37,0.26,1.83
2020-01-17,002683,19.21,19.38,19.75,19.08,95520,208227848.0,3.49,0.88,0.17,1.57
2020-01-20,002683,19.43,21.55,21.56,19.39,201329,467376832.0,11.2,11.2,2.17,3.32
2020-01-21,002683,21.58,22.0,22.53,21.15,175854,427027216.0,6.4,2.09,0.45,2.9
2020-01-22,002683,22.0,22.66,22.78,21.59,159337,393662384.0,5.41,3.0,0.66,2.62
2020-01-23,002683,22.58,21.58,22.81,20.76,213941,517993920.0,9.05,-4.77,-1.08,3.52
2020-02-03,002683,19.18,19.18,19.18,19.18,15588,33670080.0,0.0,-11.12,-2.4,0.26
2020-02-04,002683,17.02,18.85,19.55,17.02,274672,574084512.0,13.19,-1.72,-0.33,4.52
2020-02-05,002683,18.99,19.64,20.28,18.99,163665,362181280.0,6.84,4.19,0.79,2.7
2020-02-06,002683,19.74,21.05,21.13,19.29,149432,341747200.0,9.37,7.18,1.41,2.46
2020-02-07,002683,21.08,21.12,21.58,20.69,133276,313501024.0,4.23,0.33,0.07,2.2
2020-02-10,002683,21.0,22.2,22.58,20.88,129024,314971088.0,8.05,5.11,1.08,2.13
2020-02-11,002683,22.38,21.82,22.58,21.77,91651,223857512.0,3.65,-1.71,-0.38,1.51
2020-02-12,002683,21.82,22.72,22.78,21.82,135353,334142192.0,4.4,4.12,0.9,2.23
2020-02-13,002683,22.6,22.16,22.94,22.03,119873,297022688.0,4.01,-2.46,-0.56,1.97
2020-02-14,002683,22.04,21.79,22.38,21.43,124266,301990272.0,4.29,-1.67,-0.37,2.05
2020-02-17,002683,21.79,23.3,23.4,21.79,178136,446952192.0,7.39,6.93,1.51,2.93
2020-02-18,002683,23.39,25.87,25.87,23.3,213693,589790976.0,11.03,11.03,2.57,3.52
2020-02-19,002683,25.57,25.93,27.42,25.29,216468,622792992.0,8.23,0.23,0.06,3.57
2020-02-20,002683,26.68,28.77,28.77,26.33,170110,509259296.0,9.41,10.95,2.84,2.8
2020-02-21,002683,29.74,31.68,31.89,28.77,212769,700132976.0,10.84,10.11,2.91,3.5
2020-02-24,002683,31.07,35.09,35.09,30.68,202972,736002672.0,13.92,10.76,3.41,3.34
2020-02-25,002683,34.68,36.18,38.38,32.28,357053,1345753152.0,17.38,3.11,1.09,5.88
2020-02-26,002683,35.08,32.32,36.73,32.32,226822,834575904.0,12.19,-10.67,-3.86,3.74
2020-02-27,002683,32.79,31.48,33.29,29.58,253232,857405968.0,11.48,-2.6,-0.84,4.17
2020-02-28,002683,29.81,28.09,30.45,28.09,272376,844811696.0,7.5,-10.77,-3.39,4.49
2020-03-02,002683,29.08,29.33,30.06,27.73,248737,780226048.0,8.29,4.41,1.24,4.1
2020-03-03,002683,29.99,31.23,32.51,29.9,268803,920427888.0,8.9,6.48,1.9,4.43
2020-03-04,002683,31.05,30.23,32.11,29.21,191694,630995264.0,9.29,-3.2,-1.0,3.16
2020-03-05,002683,31.54,29.12,31.54,28.17,229254,728377024.0,11.15,-3.67,-1.11,3.78
2020-03-06,002683,28.5,28.7,29.6,28.09,127226,398242304.0,5.19,-1.44,-0.42,2.1
2020-03-09,002683,27.64,26.45,28.42,26.45,192465,573853168.0,6.86,-7.84,-2.25,3.17
2020-03-10,002683,26.08,27.84,28.18,25.3,294175,858741200.0,10.89,5.26,1.39,4.85
2020-03-11,002683,28.2,26.91,29.35,26.85,213886,652657680.0,8.98,-3.34,-0.93,3.52
2020-03-12,002683,26.23,25.54,26.79,25.15,165209,468846720.0,6.09,-5.09,-1.37,2.72
2020-03-13,002683,23.8,25.33,26.07,23.8,200887,552293968.0,8.89,-0.82,-0.21,3.31
2020-03-16,002683,25.75,22.56,25.97,22.56,254580,663411312.0,13.46,-10.94,-2.77,4.19
2020-03-17,002683,23.53,23.13,24.04,22.14,215308,547794512.0,8.42,2.53,0.57,3.55
2020-03-18,002683,23.85,22.8,24.64,22.78,200008,525074944.0,8.04,-1.43,-0.33,3.29
2020-03-19,002683,23.48,23.71,24.08,22.42,198002,509190256.0,7.28,3.99,0.91,3.26
2020-03-20,002683,24.18,24.1,24.68,23.53,174920,463054608.0,4.85,1.64,0.39,2.88
2020-03-23,002683,23.08,22.28,23.43,21.57,170422,423784352.0,7.72,-7.55,-1.82,2.81
2020-03-24,002683,22.98,22.99,23.36,21.93,148676,373112016.0,6.42,3.19,0.71,2.45
2020-03-25,002683,24.05,24.37,24.96,23.68,181393,482395648.0,5.57,6.0,1.38,2.99
2020-03-26,002683,24.1,22.96,24.22,22.84,149297,387029360.0,5.66,-5.79,-1.41,2.46
2020-03-27,002683,23.54,22.53,23.64,22.48,125506,318896304.0,5.05,-1.87,-0.43,2.07
2020-03-30,002683,20.8,20.21,21.55,20.04,287005,653628480.0,6.7,-10.3,-2.32,4.73
2020-03-31,002683,20.55,20.15,20.75,19.76,166735,377982592.0,4.9,-0.3,-0.06,2.75
2020-04-01,002683,20.14,20.22,21.05,19.93,178206,408206560.0,5.56,0.35,0.07,2.94
2020-04-02,002683,20.28,21.83,21.83,19.91,182158,423978752.0,9.5,7.96,1.61,3.0
2020-04-03,002683,21.56,20.93,21.72,20.74,149289,352077376.0,4.49,-4.12,-0.9,2.46
2020-04-07,002683,21.66,21.81,22.16,21.31,133341,322553856.0,4.06,4.2,0.88,2.2
2020-04-08,002683,21.74,22.53,22.75,21.43,174950,429777936.0,6.05,3.3,0.72,2.88
2020-04-09,002683,22.6,23.89,24.43,22.39,191562,499645024.0,9.05,6.04,1.36,3.16
2020-04-10,002683,23.76,23.42,24.38,22.83,172253,448911824.0,6.49,-1.97,-0.47,2.84
2020-04-13,002683,23.46,22.93,23.46,22.5,91997,232877480.0,4.1,-2.09,-0.49,1.52
2020-04-14,002683,22.98,24.0,24.02,22.89,119918,313926720.0,4.93,4.67,1.07,1.98
2020-04-15,002683,24.17,23.97,24.99,23.86,142986,383737184.0,4.71,-0.13,-0.03,2.36
2020-04-16,002683,23.58,23.75,24.24,23.37,100731,264029554.0,3.63,-0.92,-0.22,1.66
2020-04-17,002683,24.07,24.06,24.24,23.65,97938,258098501.0,2.48,1.31,0.31,1.61
2020-04-20,002683,24.44,25.48,25.53,23.78,153906,419255824.0,7.27,5.9,1.42,2.53
2020-04-21,002683,25.53,28.27,28.27,25.1,321023,960508432.0,12.44,10.95,2.79,5.29
2020-04-22,002683,28.28,29.53,29.88,27.66,261575,816173632.0,7.85,4.46,1.26,4.31
2020-04-23,002683,29.0,28.45,30.07,28.33,212058,668708064.0,5.89,-3.66,-1.08,3.49
2020-04-24,002683,28.45,29.23,30.16,28.39,202399,644342704.0,6.22,2.74,0.78,3.33
2020-04-27,002683,29.58,28.89,29.96,28.71,118956,376200400.0,4.28,-1.16,-0.34,1.96
2020-04-28,002683,29.07,27.33,29.07,26.28,222091,665099760.0,9.66,-5.4,-1.56,3.66
2020-04-29,002683,28.07,26.79,28.07,26.58,117123,345497168.0,5.45,-1.98,-0.54,1.93
2020-04-30,002683,27.22,27.65,28.11,26.72,126694,380411776.0,5.19,3.21,0.86,2.09
2020-05-06,002683,27.61,28.48,28.56,27.48,122696,373464848.0,3.91,3.0,0.83,2.02
2020-05-07,002683,28.69,31.16,31.46,28.4,190326,624208960.0,10.74,9.41,2.68,3.13
2020-05-08,002683,31.41,31.63,32.18,30.66,158320,539458656.0,4.88,1.51,0.47,2.61
2020-05-11,002683,32.01,31.85,32.46,31.39,103444,354384576.0,3.38,0.7,0.22,1.7
2020-05-12,002683,31.92,32.23,33.09,31.58,123767,428946400.0,4.74,1.19,0.38,2.04
2020-05-13,002683,32.26,32.13,32.64,31.59,65402,226179905.0,3.26,-0.31,-0.1,1.08
2020-05-14,002683,32.03,31.82,32.44,31.43,75742,260237119.0,3.14,-0.96,-0.31,1.25
2020-05-15,002683,32.06,32.5,33.26,31.84,102552,359916432.0,4.46,2.14,0.68,1.69
2020-05-18,002683,33.08,33.98,34.24,32.47,107607,387468432.0,5.45,4.55,1.48,1.77
2020-05-19,002683,34.03,33.13,34.38,32.36,137812,491731856.0,5.94,-2.5,-0.85,2.27
2020-05-20,002683,33.26,31.32,33.78,30.89,178901,613529408.0,8.72,-5.46,-1.81,2.95
2020-05-21,002683,31.61,31.47,32.08,31.15,86208,293520864.0,2.97,0.48,0.15,1.42
2020-05-22,002683,31.62,30.01,31.72,29.58,136954,450935408.0,6.8,-4.64,-1.46,2.26
2020-05-25,002683,29.87,29.7,30.26,28.95,96538,308864416.0,4.37,-1.03,-0.31,1.59
2020-05-26,002683,29.93,30.8,31.08,29.93,80369,265880700.0,3.87,3.7,1.1,1.32
2020-05-27,002683,30.89,29.84,31.26,29.7,77841,254165718.0,5.06,-3.12,-0.96,1.28
2020-05-28,002683,29.85,30.18,30.79,29.48,69931,228231318.0,4.39,1.14,0.34,1.15
2020-05-29,002683,29.94,30.98,30.98,29.58,90646,296975248.0,4.64,2.65,0.8,1.49
2020-06-01,002683,30.92,32.03,32.93,30.68,123441,425477232.0,7.26,3.39,1.05,2.03
2020-06-02,002683,31.86,32.1,32.76,31.41,81911,283383136.0,4.21,0.22,0.07,1.35
2020-06-03,002683,32.1,32.48,32.78,31.59,77733,270620240.0,3.71,1.18,0.38,1.28
2020-06-04,002683,32.58,33.22,33.46,32.29,74110,262668838.0,3.6,2.28,0.74,1.22
2020-06-05,002683,32.8,31.92,33.03,31.73,91309,315186976.0,3.91,-3.91,-1.3,1.5
2020-06-08,002683,32.03,31.35,32.18,30.95,66920,227326319.0,3.85,-1.79,-0.57,1.1
2020-06-09,002683,31.48,34.56,34.63,31.48,194892,708211168.0,10.05,10.24,3.21,3.21
2020-06-10,002683,34.58,34.53,35.08,34.07,119777,442528608.0,2.92,-0.09,-0.03,1.97
2020-06-11,002683,34.64,33.58,34.84,33.46,103256,377519440.0,4.0,-2.75,-0.95,1.7
2020-06-12,002683,32.74,33.91,34.44,32.42,105573,380235680.0,6.02,0.98,0.33,1.74
2020-06-15,002683,33.75,32.84,34.04,32.7,104241,371087472.0,3.95,-3.16,-1.07,1.72
2020-06-16,002683,33.31,34.73,35.83,33.1,116067,433693888.0,8.31,5.76,1.89,1.91
2020-06-17,002683,35.39,34.65,35.76,34.18,117946,438048032.0,4.55,-0.23,-0.08,1.94
2020-06-18,002683,34.69,34.79,35.03,33.6,92714,340475360.0,4.13,0.4,0.14,1.53
2020-06-19,002683,34.49,34.26,35.08,34.23,67121,248226730.0,2.44,-1.52,-0.53,1.11
2020-06-22,002683,34.4,34.51,34.77,33.96,51727,190392854.0,2.36,0.73,0.25,0.85
2020-06-23,002683,34.72,34.53,35.81,34.46,78667,293847760.0,3.91,0.06,0.02,1.3
2020-06-24,002683,34.17,33.38,34.41,32.93,118684,426328992.0,4.29,-3.33,-1.15,1.95
2020-06-29,002683,33.38,33.29,33.79,33.03,63295,226670191.0,2.28,-0.27,-0.09,1.04
2020-06-30,002683,33.37,32.48,33.68,31.62,113780,400459504.0,6.19,-2.43,-0.81,1.87
2020-07-01,002683,32.41,33.38,33.73,31.88,93699,331083648.0,5.7,2.77,0.9,1.54
2020-07-02,002683,33.47,33.27,33.76,32.85,74043,264220767.0,2.73,-0.33,-0.11,1.22
2020-07-03,002683,33.56,33.99,34.41,33.04,95770,343574240.0,4.12,2.16,0.72,1.57
2020-07-06,002683,34.97,37.61,37.61,34.88,229921,902206080.0,8.03,10.65,3.62,3.78
2020-07-07,002683,37.68,39.33,40.07,37.19,179459,740623616.0,7.66,4.57,1.72,2.95
2020-07-08,002683,40.03,41.25,41.89,39.01,160441,686497152.0,7.32,4.88,1.92,2.64
2020-07-09,002683,40.98,44.36,44.36,40.64,212874,955318448.0,9.02,7.54,3.11,3.5
2020-07-10,002683,44.36,44.57,47.58,43.43,218290,1035534272.0,9.36,0.47,0.21,3.59
2020-07-13,002683,44.33,47.76,48.52,44.31,205027,1005309728.0,9.45,7.16,3.19,3.37
2020-07-14,002683,47.87,45.78,50.97,44.57,272728,1349798960.0,13.4,-4.15,-1.98,4.48
2020-07-15,002683,47.07,46.93,48.53,44.98,213084,1040888736.0,7.75,2.51,1.15,3.5
2020-07-16,002683,47.99,42.75,48.55,42.75,202655,959520464.0,12.36,-8.91,-4.18,3.33
2020-07-17,002683,43.78,44.02,45.07,43.28,164108,762082048.0,4.19,2.97,1.27,2.7
2020-07-20,002683,44.94,47.18,47.25,44.93,163475,790395040.0,5.27,7.18,3.16,2.69
2020-07-21,002683,47.76,49.78,50.28,46.47,176362,891173024.0,8.08,5.51,2.6,2.9
2020-07-22,002683,49.91,51.11,52.06,49.46,132124,704629552.0,5.22,2.67,1.33,2.17
2020-07-23,002683,51.18,52.07,52.58,49.4,142060,755155712.0,6.22,1.88,0.96,2.33
2020-07-24,002683,52.77,49.08,52.77,49.06,164981,873565648.0,7.13,-5.74,-2.99,2.71
2020-07-27,002683,49.57,48.2,50.74,47.68,135595,696087744.0,6.23,-1.79,-0.88,2.23
2020-07-28,002683,48.75,47.77,50.01,47.68,123652,626479168.0,4.83,-0.89,-0.43,2.03
2020-07-29,002683,49.13,52.77,52.77,47.88,209488,1113765904.0,10.24,10.47,5.0,3.44
2020-07-30,002683,53.58,54.06,55.78,52.78,168646,953553872.0,5.69,2.44,1.29,2.77
2020-07-31,002683,52.78,53.78,54.64,52.03,127740,708908208.0,4.83,-0.52,-0.28,2.1
2020-08-03,002683,54.48,58.48,58.48,54.03,156399,918078000.0,8.27,8.74,4.7,2.57
2020-08-04,002683,58.48,57.36,58.56,56.58,133675,797822592.0,3.39,-1.92,-1.12,2.2
2020-08-05,002683,56.29,61.55,62.56,56.13,168093,1047805632.0,11.21,7.3,4.19,2.76
2020-08-06,002683,61.56,62.64,63.88,60.82,141122,912788544.0,4.97,1.77,1.09,2.32
2020-08-07,002683,61.96,63.08,64.17,61.28,154491,1003609184.0,4.61,0.7,0.44,2.54
2020-08-10,002683,63.38,57.65,63.71,56.55,259299,1592191040.0,11.35,-8.61,-5.43,4.26
2020-08-11,002683,58.28,59.76,61.33,57.66,136582,842268560.0,6.37,3.66,2.11,2.24
2020-08-12,002683,58.78,54.73,59.55,53.59,190244,1094442512.0,9.97,-8.42,-5.03,3.13
2020-08-13,002683,55.26,55.24,56.14,54.27,89506,515266080.0,3.42,0.93,0.51,1.47
2020-08-14,002683,55.51,56.08,56.78,55.28,95995,558382352.0,2.72,1.52,0.84,1.58
2020-08-17,002683,57.05,56.96,57.58,55.4,100299,590275200.0,3.89,1.57,0.88,1.65
2020-08-18,002683,56.95,57.62,58.96,56.48,85058,510310256.0,4.35,1.16,0.66,1.4
2020-08-19,002683,57.61,53.78,57.62,53.78,122180,704565376.0,6.66,-6.66,-3.84,2.01
2020-08-20,002683,53.88,51.82,54.93,51.2,163002,890120752.0,6.94,-3.64,-1.96,2.68
2020-08-21,002683,52.18,55.39,55.95,51.87,133764,755285536.0,7.87,6.89,3.57,2.2
2020-08-24,002683,55.18,56.78,58.27,50.76,264828,1491238160.0,13.56,2.51,1.39,4.35
2020-08-25,002683,57.78,51.77,60.48,51.57,266380,1533427968.0,15.69,-8.82,-5.01,4.38
2020-08-26,002683,51.75,48.27,51.77,46.89,199951,1009498464.0,9.43,-6.76,-3.5,3.29
2020-08-27,002683,48.79,48.38,49.13,46.88,97691,490645392.0,4.66,0.23,0.11,1.61
2020-08-28,002683,48.03,49.23,49.44,48.03,65208,331966768.0,2.91,1.76,0.85,1.07
2020-08-31,002683,49.75,51.78,52.48,48.84,145196,779761824.0,7.39,5.18,2.55,2.39
2020-09-01,002683,51.48,52.56,53.05,50.91,72284,393588880.0,4.13,1.51,0.78,1.19
2020-09-02,002683,52.57,50.75,53.26,50.48,84668,454053872.0,5.29,-3.44,-1.81,1.39
2020-09-03,002683,50.75,49.17,51.24,48.64,86500,447132576.0,5.12,-3.11,-1.58,1.42
2020-09-04,002683,48.5,50.61,50.66,47.78,67679,350069888.0,5.86,2.93,1.44,1.11
2020-09-07,002683,50.36,47.7,50.76,47.35,94765,479855152.0,6.74,-5.75,-2.91,1.56
2020-09-08,002683,47.94,48.21,48.93,45.78,81044,403083280.0,6.6,1.07,0.51,1.33
2020-09-09,002683,47.87,48.23,49.63,46.95,81589,412856464.0,5.56,0.04,0.02,1.34
2020-09-10,002683,48.84,46.67,49.42,46.54,78662,393035040.0,5.97,-3.23,-1.56,1.29
2020-09-11,002683,47.28,46.98,47.28,45.31,77627,378429328.0,4.22,0.66,0.31,1.28
2020-09-14,002683,47.25,46.31,47.44,45.85,58685,285985904.0,3.38,-1.43,-0.67,0.96
2020-09-15,002683,45.97,46.85,47.27,45.57,49748,242848574.0,3.67,1.17,0.54,0.82
2020-09-16,002683,46.83,46.02,46.85,45.48,46900,226005472.0,2.92,-1.77,-0.83,0.77
2020-09-17,002683,45.71,45.37,46.46,44.29,66488,315085936.0,4.72,-1.41,-0.65,1.09
2020-09-18,002683,45.91,47.32,47.58,45.02,120338,587885456.0,5.64,4.3,1.95,1.98
2020-09-21,002683,48.08,48.02,49.31,47.4,107163,541954080.0,4.04,1.48,0.7,1.76
2020-09-22,002683,47.58,47.77,48.47,46.79,61157,305350688.0,3.5,-0.52,-0.25,1.01
2020-09-23,002683,48.13,46.78,48.47,46.57,45869,226485918.0,3.98,-2.07,-0.99,0.75
2020-09-24,002683,47.07,45.06,47.07,44.79,77875,373871200.0,4.87,-3.68,-1.72,1.28
2020-09-25,002683,45.19,45.24,46.27,44.32,84021,400288784.0,4.33,0.4,0.18,1.38
2020-09-28,002683,46.08,46.61,47.33,45.49,101260,493593728.0,4.07,3.03,1.37,1.66
2020-09-29,002683,47.15,48.24,49.67,47.13,98603,500421408.0,5.45,3.5,1.63,1.62
2020-09-30,002683,48.69,48.06,48.75,47.09,60978,305685280.0,3.44,-0.37,-0.18,1.0
2020-10-09,002683,48.79,47.38,49.14,45.58,97002,481260256.0,7.41,-1.41,-0.68,1.59
2020-10-12,002683,47.48,48.57,50.08,47.48,111633,572469424.0,5.49,2.51,1.19,1.83
2020-10-13,002683,48.67,50.22,50.28,48.15,71774,369518816.0,4.39,3.4,1.65,1.18
2020-10-14,002683,49.65,49.6,51.15,49.3,68885,361099664.0,3.68,-1.23,-0.62,1.13
2020-10-15,002683,49.6,49.81,50.83,49.41,52171,272584048.0,2.86,0.42,0.21,0.86
2020-10-16,002683,49.69,48.79,50.26,48.44,53516,275376784.0,3.65,-2.05,-1.02,0.88
2020-10-19,002683,48.84,47.66,49.02,47.49,46445,232513860.0,3.14,-2.32,-1.13,0.76
2020-10-20,002683,47.28,48.58,48.64,47.08,36210,181997203.0,3.27,1.93,0.92,0.6
2020-10-21,002683,48.78,47.66,49.63,47.48,57035,287966032.0,4.43,-1.89,-0.92,0.94
2020-10-22,002683,47.27,46.58,47.78,45.28,58966,287122592.0,5.25,-2.27,-1.08,0.97
2020-10-23,002683,46.58,44.98,47.02,44.63,48001,230028904.0,5.13,-3.43,-1.6,0.79
2020-10-26,002683,44.4,43.88,44.68,42.8,58442,269015184.0,4.18,-2.45,-1.1,0.96
2020-10-27,002683,44.62,45.43,45.91,44.17,51450,243687280.0,3.97,3.53,1.55,0.85
2020-10-28,002683,46.18,46.2,47.33,46.03,70150,341600896.0,2.86,1.69,0.77,1.15
2020-10-29,002683,45.78,47.53,48.04,45.59,69240,342023056.0,5.3,2.88,1.33,1.14
2020-10-30,002683,47.68,45.44,48.07,45.33,69378,338348064.0,5.76,-4.4,-2.09,1.14
2020-11-02,002683,45.28,45.45,46.46,44.79,40116,192073832.0,3.68,0.02,0.01,0.66
2020-11-03,002683,45.78,46.33,47.03,45.74,44154,214969202.0,2.84,1.94,0.88,0.73
2020-11-04,002683,46.55,45.36,46.71,45.23,45630,218666084.0,3.19,-2.09,-0.97,0.75
2020-11-05,002683,45.68,45.34,46.18,44.67,49053,233025941.0,3.33,-0.04,-0.02,0.81
2020-11-06,002683,45.35,42.31,45.35,41.58,130870,586468640.0,8.31,-6.68,-3.03,2.15
2020-11-09,002683,42.65,42.9,43.87,39.9,103251,458092304.0,9.38,1.39,0.59,1.7
2020-11-10,002683,42.9,41.68,43.4,41.24,82593,365847264.0,5.03,-2.84,-1.22,1.36
2020-11-11,002683,41.28,40.48,42.43,40.47,69385,301847648.0,4.7,-2.88,-1.2,1.14
2020-11-12,002683,40.67,39.96,40.97,39.7,65814,279595712.0,3.14,-1.28,-0.52,1.08
2020-11-13,002683,39.49,40.72,40.73,38.78,65379,276113136.0,4.88,1.9,0.76,1.07
2020-11-16,002683,41.72,40.95,41.72,40.12,43768,188252824.0,3.93,0.56,0.23,0.72
2020-11-17,002683,40.78,38.78,40.78,38.18,104664,432346464.0,6.35,-5.3,-2.17,1.72
2020-11-18,002683,38.83,38.16,39.55,37.36,89557,361869216.0,5.65,-1.6,-0.62,1.47
2020-11-19,002683,38.15,40.51,40.78,37.62,120827,504660784.0,8.28,6.16,2.35,1.99
2020-11-20,002683,40.15,40.58,41.56,39.83,77591,332847792.0,4.27,0.17,0.07,1.28
2020-11-23,002683,40.56,38.98,40.56,38.88,100778,418810640.0,4.14,-3.94,-1.6,1.66
2020-11-24,002683,38.99,38.93,39.48,38.41,76138,313177168.0,2.74,-0.13,-0.05,1.25
2020-11-25,002683,38.93,38.83,39.49,38.47,58602,241031474.0,2.62,-0.26,-0.1,0.96
2020-11-26,002683,39.28,38.42,39.55,37.56,67606,274265200.0,5.12,-1.06,-0.41,1.11
2020-11-27,002683,37.98,38.78,39.19,37.44,76178,310837792.0,4.55,0.94,0.36,1.25
2020-11-30,002683,39.63,39.33,39.97,38.89,73236,304560336.0,2.78,1.42,0.55,1.2
2020-12-01,002683,39.28,38.86,39.44,38.58,59667,245858637.0,2.19,-1.2,-0.47,0.98
2020-12-02,002683,34.75,34.75,35.27,34.75,111944,414168544.0,1.34,-10.58,-4.11,1.84
2020-12-03,002683,33.35,33.87,35.08,33.29,213041,775539280.0,5.15,-2.53,-0.88,3.5
2020-12-04,002683,33.89,32.18,34.08,30.76,295758,1017191248.0,9.8,-4.99,-1.69,4.86
2020-12-07,002683,32.49,33.21,34.03,32.36,159339,564402352.0,5.19,3.2,1.03,2.62
2020-12-08,002683,33.55,32.55,33.55,32.32,104641,364979328.0,3.7,-1.99,-0.66,1.72
2020-12-09,002683,32.55,31.75,32.95,31.66,72352,250167976.0,3.96,-2.46,-0.8,1.19
2020-12-10,002683,31.69,32.4,32.79,31.26,100302,344462480.0,4.82,2.05,0.65,1.65
2020-12-11,002683,32.52,32.75,33.51,32.38,124530,436848800.0,3.49,1.08,0.35,2.05
2020-12-14,002683,32.66,32.53,33.14,32.22,74905,261273837.0,2.81,-0.67,-0.22,1.23
2020-12-15,002683,32.54,32.93,33.47,32.22,70852,250065563.0,3.84,1.23,0.4,1.16
2020-12-16,002683,32.97,32.44,33.31,32.34,51770,180717369.0,2.95,-1.49,-0.49,0.85
2020-12-17,002683,32.38,32.52,32.65,31.46,79342,272631504.0,3.67,0.25,0.08,1.3
2020-12-18,002683,32.59,33.23,33.58,32.39,89905,317166416.0,3.66,2.18,0.71,1.48
2020-12-21,002683,33.38,35.08,35.32,33.23,142576,524971408.0,6.29,5.57,1.85,2.34
2020-12-22,002683,35.09,34.56,35.65,34.39,109303,406913312.0,3.59,-1.48,-0.52,1.8
2020-12-23,002683,34.56,34.96,35.42,34.38,85297,316765936.0,3.01,1.16,0.4,1.4
2020-12-24,002683,35.15,35.58,36.82,35.11,114924,438250688.0,4.89,1.77,0.62,1.89
2020-12-25,002683,35.08,34.63,35.61,34.58,77435,287971456.0,2.89,-2.67,-0.95,1.27
2020-12-28,002683,34.63,33.99,34.93,33.38,95029,344802240.0,4.48,-1.85,-0.64,1.56
2020-12-29,002683,34.26,33.38,34.89,33.28,77902,281936064.0,4.74,-1.79,-0.61,1.28
2020-12-30,002683,34.22,33.27,34.63,31.25,129779,455406928.0,10.13,-0.33,-0.11,2.13
2020-12-31,002683,33.05,33.73,34.58,32.56,141361,503068928.0,6.07,1.38,0.46,2.32
2021-01-04,002683,34.78,37.33,37.33,34.4,180514,696631328.0,8.69,10.67,3.6,2.96
2021-01-05,002683,38.33,38.65,40.29,37.93,290181,1199783616.0,6.32,3.54,1.32,4.76
2021-01-06,002683,38.38,40.01,40.08,38.24,196298,811165840.0,4.76,3.52,1.36,3.22
2021-01-07,002683,40.18,40.66,41.59,38.88,208569,884377104.0,6.77,1.62,0.65,3.42
2021-01-08,002683,40.38,39.39,40.66,38.78,123971,517092384.0,4.62,-3.12,-1.27,2.04
2021-01-11,002683,39.58,39.43,40.46,38.99,145399,609879920.0,3.73,0.1,0.04,2.39
2021-01-12,002683,39.36,39.98,41.11,39.03,160983,682383712.0,5.28,1.39,0.55,2.64
2021-01-13,002683,39.78,38.98,39.98,38.36,144500,596301760.0,4.05,-2.5,-1.0,2.37
2021-01-14,002683,38.71,37.0,38.98,36.28,139800,551635552.0,6.93,-5.08,-1.98,2.3
2021-01-15,002683,36.58,35.92,37.55,35.66,110716,426740240.0,5.11,-2.92,-1.08,1.82
2021-01-18,002683,35.87,37.08,37.24,35.28,112876,437138736.0,5.46,3.23,1.16,1.85
2021-01-19,002683,38.28,35.91,38.58,35.68,131348,514247360.0,7.82,-3.16,-1.17,2.16
2021-01-20,002683,35.78,35.89,36.52,35.28,74934,285005552.0,3.45,-0.06,-0.02,1.23
2021-01-21,002683,35.89,35.98,36.44,35.58,78641,300776080.0,2.4,0.25,0.09,1.29
2021-01-22,002683,35.97,34.68,35.97,34.5,122132,452776032.0,4.09,-3.61,-1.3,2.01
2021-01-25,002683,34.67,33.64,35.24,33.41,135196,492809744.0,5.28,-3.0,-1.04,2.22
2021-01-26,002683,33.78,32.79,33.78,32.38,92711,326206976.0,4.16,-2.53,-0.85,1.52
2021-01-27,002683,32.82,31.59,33.14,31.43,116949,401073584.0,5.22,-3.66,-1.2,1.92
2021-01-28,002683,31.17,31.07,32.22,30.79,84095,283686864.0,4.53,-1.65,-0.52,1.38
2021-01-29,002683,31.06,28.65,31.48,27.74,235186,736871920.0,12.04,-7.79,-2.42,3.86
2021-02-01,002683,28.78,29.35,30.34,28.65,138382,437555184.0,5.9,2.44,0.7,2.27
2021-02-02,002683,29.55,29.76,29.92,28.68,95350,302575824.0,4.22,1.4,0.41,1.57
2021-02-03,002683,29.56,29.07,29.92,28.98,76444,241757350.0,3.16,-2.32,-0.69,1.26
2021-02-04,002683,29.0,28.24,29.14,27.56,108581,331066512.0,5.44,-2.86,-0.83,1.78
2021-02-05,002683,28.41,27.73,29.33,27.64,96207,294214368.0,5.98,-1.81,-0.51,1.58
2021-02-08,002683,27.66,27.25,27.92,26.78,99138,292740848.0,4.11,-1.73,-0.48,1.63
2021-02-09,002683,27.58,28.67,29.12,27.38,99875,306227200.0,6.39,5.21,1.42,1.64
2021-02-10,002683,28.98,28.07,29.08,27.88,85447,259414969.0,4.19,-2.09,-0.6,1.4
2021-02-18,002683,28.54,27.93,28.74,27.9,101737,309319616.0,2.99,-0.5,-0.14,1.67
2021-02-19,002683,28.09,30.08,30.58,27.78,166780,526057600.0,10.03,7.7,2.15,2.74
2021-02-22,002683,30.08,30.1,31.38,29.98,157331,517563840.0,4.65,0.07,0.02,2.58
2021-02-23,002683,30.1,30.91,31.09,28.99,130208,423607648.0,6.98,2.69,0.81,2.14
2021-02-24,002683,30.8,31.04,31.81,30.51,136237,452730128.0,4.21,0.42,0.13,2.24
2021-02-25,002683,31.13,29.95,31.34,29.86,96448,313640336.0,4.77,-3.51,-1.09,1.58
2021-02-26,002683,29.61,29.3,30.06,29.18,68681,217919271.0,2.94,-2.17,-0.65,1.13
2021-03-01,002683,29.28,29.88,29.9,29.02,62850,199844948.0,3.0,1.98,0.58,1.03
2021-03-02,002683,29.78,30.0,30.05,29.21,66440,211403145.0,2.81,0.4,0.12,1.09
2021-03-03,002683,29.98,30.02,30.24,29.47,59280,190497671.0,2.57,0.07,0.02,0.97
2021-03-04,002683,30.03,30.25,31.08,29.9,97419,318568592.0,3.93,0.77,0.23,1.6
2021-03-05,002683,30.07,33.5,33.5,29.93,194277,669211952.0,11.8,10.74,3.25,3.19
2021-03-08,002683,33.78,33.19,34.43,33.11,216084,777163264.0,3.94,-0.93,-0.31,3.55
2021-03-09,002683,33.15,30.23,33.18,29.84,186340,631721168.0,10.06,-8.92,-2.96,3.04
2021-03-10,002683,30.36,30.95,32.26,30.36,109427,366330288.0,6.29,2.38,0.72,1.78
2021-03-11,002683,30.69,31.12,31.22,30.46,81796,271029248.0,2.46,0.55,0.17,1.33
2021-03-12,002683,31.28,29.4,31.38,28.44,139091,442872864.0,9.45,-5.53,-1.72,2.27
2021-03-15,002683,28.97,28.78,29.24,28.26,69829,215273589.0,3.33,-2.11,-0.62,1.14
2021-03-16,002683,28.8,28.84,29.46,28.6,52729,164437189.0,2.99,0.21,0.06,0.86
2021-03-17,002683,28.75,29.11,29.18,28.28,48000,148882632.0,3.12,0.94,0.27,0.78
2021-03-18,002683,29.08,29.01,29.53,28.86,57383,180225072.0,2.3,-0.34,-0.1,0.94
2021-03-19,002683,29.08,29.15,30.46,28.78,77532,246131572.0,5.79,0.48,0.14,1.26
2021-03-22,002683,29.24,29.02,29.72,28.76,64677,202974449.0,3.29,-0.45,-0.13,1.05
2021-03-23,002683,28.88,28.1,28.95,27.78,79919,243259632.0,4.03,-3.17,-0.92,1.3
2021-03-24,002683,28.06,27.81,28.24,27.61,46273,139194615.0,2.24,-1.03,-0.29,0.75
2021-03-25,002683,27.8,28.43,28.52,27.75,46986,143239922.0,2.77,2.23,0.62,0.77
2021-03-26,002683,27.99,28.35,28.68,27.83,52894,161290512.0,2.99,-0.28,-0.08,0.86
2021-03-29,002683,28.22,29.56,30.78,28.22,125377,400396896.0,9.03,4.27,1.21,2.04
2021-03-30,002683,29.58,29.32,30.19,29.24,63934,203518933.0,3.21,-0.81,-0.24,1.04
2021-03-31,002683,29.35,28.8,29.38,28.11,55848,171965827.0,4.33,-1.77,-0.52,0.91
2021-04-01,002683,29.18,28.31,29.24,28.11,51176,156620946.0,3.92,-1.7,-0.49,0.83
2021-04-02,002683,28.44,28.48,28.72,28.14,39302,120305466.0,2.05,0.6,0.17,0.64
2021-04-06,002683,28.5,28.68,28.8,28.43,29602,91265803.0,1.3,0.7,0.2,0.48
2021-04-07,002683,28.66,28.2,28.77,28.08,40856,124719086.0,2.41,-1.67,-0.48,0.67
2021-04-08,002683,28.58,28.39,28.98,28.16,55372,170357786.0,2.91,0.67,0.19,0.9
2021-04-09,002683,28.28,28.52,28.57,28.08,34491,105527814.0,1.73,0.46,0.13,0.56
2021-04-12,002683,28.68,27.43,28.69,27.36,65587,196391706.0,4.66,-3.82,-1.09,1.07
2021-04-13,002683,27.3,27.13,27.63,27.0,37093,109567453.0,2.3,-1.09,-0.3,0.6
2021-04-14,002683,27.24,28.48,29.14,27.11,83155,254215981.0,7.48,4.98,1.35,1.36
2021-04-15,002683,28.35,28.68,28.9,28.29,50157,154580210.0,2.14,0.7,0.2,0.82
2021-04-16,002683,28.65,28.95,29.01,28.54,44664,138723309.0,1.64,0.94,0.27,0.73
2021-04-19,002683,28.79,29.02,29.4,28.69,53751,168303001.0,2.45,0.24,0.07,0.88
2021-04-20,002683,29.08,29.4,29.93,28.92,64315,203937364.0,3.48,1.31,0.38,1.05
2021-04-21,002683,29.53,28.89,29.63,28.85,42875,134328121.0,2.65,-1.73,-0.51,0.7
2021-04-22,002683,29.0,28.65,29.18,28.51,51092,158235360.0,2.32,-0.83,-0.24,0.83
2021-04-23,002683,28.75,28.08,28.77,27.87,54055,164695357.0,3.14,-1.99,-0.57,0.88
2021-04-26,002683,27.92,28.08,28.85,27.58,62525,189745098.0,4.52,0.0,0.0,1.02
2021-04-27,002683,27.94,27.17,27.99,27.16,62660,185673971.0,2.96,-3.24,-0.91,1.02
2021-04-28,002683,27.12,25.71,27.27,24.48,146644,405879728.0,10.27,-5.37,-1.46,2.39
2021-04-29,002683,25.72,25.47,25.92,24.98,61556,170454534.0,3.66,-0.93,-0.24,1.0
2021-04-30,002683,26.28,25.56,26.43,25.28,60187,168559171.0,4.52,0.35,0.09,0.93
2021-05-06,002683,25.53,25.18,26.1,25.11,46405,128517331.0,3.87,-1.49,-0.38,0.72
2021-05-07,002683,25.24,24.46,25.27,24.28,74588,199794895.0,3.93,-2.86,-0.72,1.16
2021-05-10,002683,24.57,23.45,24.75,23.12,99642,258420205.0,6.66,-4.13,-1.01,1.55
2021-05-11,002683,23.53,24.45,24.56,22.83,125411,326414000.0,7.38,4.26,1.0,1.95
2021-05-12,002683,24.36,24.45,25.17,24.21,70966,190885331.0,3.93,0.0,0.0,1.1
2021-05-13,002683,24.37,23.98,24.68,23.83,59831,158229050.0,3.48,-1.92,-0.47,0.93
2021-05-14,002683,23.93,24.56,24.59,23.78,65880,174115607.0,3.38,2.42,0.58,1.02
2021-05-17,002683,24.17,24.56,25.14,24.17,70563,189779818.0,3.95,0.0,0.0,1.09
2021-05-18,002683,24.51,25.53,26.13,24.21,99131,273251120.0,7.82,3.95,0.97,1.54
2021-05-19,002683,25.38,24.88,25.44,24.75,61589,167623811.0,2.7,-2.55,-0.65,0.96
2021-05-20,002683,24.95,24.64,25.64,24.62,59346,161194899.0,4.1,-0.96,-0.24,0.92
2021-05-21,002683,24.56,24.25,24.93,23.97,57085,151841268.0,3.9,-1.58,-0.39,0.89
2021-05-24,002683,24.51,24.99,25.27,24.37,71959,195273414.0,3.71,3.05,0.74,1.12
2021-05-25,002683,24.99,26.04,26.34,24.68,117097,326433504.0,6.64,4.2,1.05,1.82
2021-05-26,002683,26.04,26.03,26.27,25.79,68115,192313889.0,1.84,-0.04,-0.01,1.06
2021-05-27,002683,25.92,26.22,26.53,25.81,67787,192910923.0,2.77,0.73,0.19,1.05
2021-05-28,002683,26.43,26.35,26.99,26.13,72060,206669281.0,3.28,0.5,0.13,1.12
2021-05-31,002683,26.28,27.04,27.27,25.63,117615,338172304.0,6.22,2.62,0.69,1.82
2021-06-01,002683,27.06,27.07,27.18,26.55,76497,223501506.0,2.33,0.11,0.03,1.19
2021-06-02,002683,27.03,26.82,27.53,26.74,74711,219153335.0,2.92,-0.92,-0.25,1.16
2021-06-03,002683,26.8,26.19,27.28,26.16,62318,179569518.0,4.18,-2.35,-0.63,0.97
2021-06-04,002683,26.37,26.43,26.94,26.31,58936,169503070.0,2.41,0.92,0.24,0.91
2021-06-07,002683,26.44,26.58,26.97,26.16,78580,225977322.0,3.06,0.57,0.15,1.22
2021-06-08,002683,26.6,26.37,26.8,25.91,59687,169008513.0,3.35,-0.79,-0.21,0.93
2021-06-09,002683,26.44,25.65,26.71,25.57,77776,217870484.0,4.32,-2.73,-0.72,1.21
2021-06-10,002683,25.1,26.18,26.3,24.7,75271,208751367.0,6.24,2.07,0.53,1.17
2021-06-11,002683,26.23,24.84,26.27,24.68,109395,298893824.0,6.07,-5.12,-1.34,1.7
2021-06-15,002683,24.84,24.8,25.5,24.6,67660,181820962.0,3.62,-0.16,-0.04,1.05
2021-06-16,002683,24.7,23.94,24.8,23.6,87248,227530006.0,4.84,-3.47,-0.86,1.35
2021-06-17,002683,23.88,24.58,24.76,23.7,69108,181479040.0,4.43,2.67,0.64,1.07
2021-06-18,002683,24.79,24.65,25.08,24.45,58544,156157164.0,2.56,0.28,0.07,0.91
2021-06-21,002683,24.51,27.32,27.32,24.5,160703,454870112.0,11.44,10.83,2.67,2.49
2021-06-22,002683,27.93,27.11,28.56,26.84,199572,590668736.0,6.3,-0.77,-0.21,3.1
2021-06-23,002683,27.42,26.5,27.56,26.3,134731,385361856.0,4.65,-2.25,-0.61,2.09
2021-06-24,002683,26.4,26.13,26.75,26.05,88424,250289863.0,2.64,-1.4,-0.37,1.37
2021-06-25,002683,26.75,27.67,28.15,26.3,205615,602133792.0,7.08,5.89,1.54,3.19
2021-06-28,002683,27.72,26.89,27.89,26.7,138360,403518976.0,4.3,-2.82,-0.78,2.15
2021-06-29,002683,26.89,26.26,27.79,26.18,136745,395538864.0,5.99,-2.34,-0.63,2.12
2021-06-30,002683,26.4,25.77,26.88,25.37,109582,305989920.0,5.75,-1.87,-0.49,1.7
2021-07-01,002683,26.0,24.79,26.14,24.78,110273,299033120.0,5.28,-3.8,-0.98,1.71
2021-07-02,002683,24.75,24.4,25.18,24.23,93322,248312518.0,3.83,-1.57,-0.39,1.45
2021-07-05,002683,24.41,24.58,24.88,24.1,87868,232754010.0,3.2,0.74,0.18,1.36
2021-07-06,002683,24.8,24.52,24.8,24.15,64190,169723032.0,2.64,-0.24,-0.06,1.0
2021-07-07,002683,24.22,24.4,24.75,24.2,77088,203987946.0,2.24,-0.49,-0.12,1.2
2021-07-08,002683,24.41,24.71,25.1,24.41,110053,294560480.0,2.83,1.27,0.31,1.71
2021-07-09,002683,24.6,24.07,24.6,23.5,128136,331213984.0,4.45,-2.59,-0.64,1.99
2021-07-12,002683,24.04,24.25,24.46,23.99,82065,215380082.0,1.95,0.75,0.18,1.27
2021-07-13,002683,24.26,25.75,26.43,24.24,179269,494244752.0,9.03,6.19,1.5,2.78
2021-07-14,002683,25.75,25.17,26.02,24.92,131702,360719376.0,4.27,-2.25,-0.58,2.04
2021-07-15,002683,25.17,25.05,25.93,24.68,100630,272892384.0,4.97,-0.48,-0.12,1.56
2021-07-16,002683,24.92,25.48,25.97,24.71,141328,389366944.0,5.03,1.72,0.43,2.19
2021-07-19,002683,25.37,25.06,25.78,24.93,94080,256281768.0,3.34,-1.65,-0.42,1.46
2021-07-20,002683,24.87,25.89,26.24,24.56,135014,370676224.0,6.7,3.31,0.83,2.09
2021-07-21,002683,26.06,28.68,28.68,26.0,305991,910190064.0,10.35,10.78,2.79,4.75
2021-07-22,002683,29.04,28.32,29.45,27.95,254673,777416080.0,5.23,-1.26,-0.36,3.95
2021-07-23,002683,28.33,29.59,30.6,28.32,258750,823007920.0,8.05,4.48,1.27,4.01
2021-07-26,002683,29.9,29.94,31.12,29.18,251186,810527424.0,6.56,1.18,0.35,3.9
2021-07-27,002683,30.17,29.35,30.42,29.32,186228,591492832.0,3.67,-1.97,-0.59,2.89
2021-07-28,002683,28.7,27.39,28.78,26.22,198777,588410016.0,8.72,-6.68,-1.96,3.08
2021-07-29,002683,27.96,28.14,28.64,27.71,125503,378647488.0,3.4,2.74,0.75,1.95
2021-07-30,002683,27.97,29.32,29.56,27.6,143760,445593280.0,6.97,4.19,1.18,2.23
2021-08-02,002683,29.4,30.29,30.56,28.84,175060,559903808.0,5.87,3.31,0.97,2.72
2021-08-03,002683,30.16,29.61,30.3,29.41,117898,375084160.0,2.94,-2.24,-0.68,1.83
2021-08-04,002683,29.58,30.6,30.75,29.5,150836,487190736.0,4.22,3.34,0.99,2.34
2021-08-05,002683,30.59,31.38,31.77,30.46,197353,656188320.0,4.28,2.55,0.78,3.06
2021-08-06,002683,31.16,31.09,31.3,30.66,106448,350249488.0,2.04,-0.92,-0.29,1.65
2021-08-09,002683,31.07,30.85,32.12,30.4,142379,473306800.0,5.53,-0.77,-0.24,2.21
2021-08-10,002683,30.8,30.61,31.48,30.27,124258,407954208.0,3.92,-0.78,-0.24,1.93
2021-08-11,002683,30.44,30.19,30.75,29.8,116596,375103552.0,3.1,-1.37,-0.42,1.81
2021-08-12,002683,30.05,30.11,30.7,29.8,82214,264677838.0,2.98,-0.26,-0.08,1.28
2021-08-13,002683,30.0,29.65,30.2,29.36,95314,302040768.0,2.79,-1.53,-0.46,1.48
2021-08-16,002683,29.65,28.9,30.2,28.63,106316,330349328.0,5.3,-2.53,-0.75,1.65
2021-08-17,002683,29.05,27.76,29.12,27.58,113402,343641104.0,5.33,-3.94,-1.14,1.76
2021-08-18,002683,27.73,29.5,29.68,27.65,125556,387146944.0,7.31,6.27,1.74,1.95
2021-08-19,002683,29.15,29.55,30.08,28.95,92381,290465536.0,3.83,0.17,0.05,1.43
2021-08-20,002683,29.5,28.83,29.5,28.2,94270,290334480.0,4.4,-2.44,-0.72,1.46
2021-08-23,002683,28.83,29.79,30.18,28.83,94792,300086560.0,4.68,3.33,0.96,1.47
2021-08-24,002683,29.7,28.58,29.7,28.35,140536,432180512.0,4.53,-4.06,-1.21,2.18
2021-08-25,002683,28.65,28.42,29.26,28.27,94266,289027744.0,3.46,-0.56,-0.16,1.46
2021-08-26,002683,28.0,27.75,28.52,27.68,109146,327286528.0,2.96,-2.36,-0.67,1.69
2021-08-27,002683,27.73,28.15,28.15,26.89,94626,278880288.0,4.54,1.44,0.4,1.47
2021-08-30,002683,28.42,27.86,29.26,27.81,121203,368901504.0,5.15,-1.03,-0.29,1.88
2021-08-31,002683,27.93,27.34,28.18,27.2,86846,256542622.0,3.52,-1.87,-0.52,1.35
2021-09-01,002683,27.35,26.58,27.67,25.8,123523,354569040.0,6.84,-2.78,-0.76,1.92
2021-09-02,002683,26.49,26.13,26.64,26.0,82707,233446766.0,2.41,-1.69,-0.45,1.28
2021-09-03,002683,26.15,26.07,26.88,25.8,95163,268881488.0,4.13,-0.23,-0.06,1.48
2021-09-06,002683,26.07,26.49,26.82,25.6,79365,225521099.0,4.68,1.61,0.42,1.23
2021-09-07,002683,26.39,26.6,27.12,26.31,79202,228043245.0,3.06,0.42,0.11,1.23
2021-09-08,002683,26.62,26.43,27.05,26.03,88258,251658270.0,3.83,-0.64,-0.17,1.37
2021-09-09,002683,26.37,26.53,26.78,26.16,69535,197884113.0,2.35,0.38,0.1,1.08
2021-09-10,002683,26.55,26.85,26.96,26.12,85502,244965475.0,3.17,1.21,0.32,1.33
2021-09-13,002683,27.15,27.22,27.79,26.9,91731,268930432.0,3.31,1.38,0.37,1.42
2021-09-14,002683,27.44,26.81,27.65,26.76,73414,214385115.0,3.27,-1.51,-0.41,1.14
2021-09-15,002683,26.67,26.56,26.8,26.09,62124,176834230.0,2.65,-0.93,-0.25,0.96
2021-09-16,002683,26.6,25.5,26.98,25.46,98044,275424624.0,5.72,-3.99,-1.06,1.52
2021-09-17,002683,25.38,25.17,25.74,24.71,61446,166845878.0,4.04,-1.29,-0.33,0.95
2021-09-22,002683,25.01,25.03,25.39,24.79,45989,124543194.0,2.38,-0.56,-0.14,0.71
2021-09-23,002683,25.3,27.0,27.64,25.3,123030,351648016.0,9.35,7.87,1.97,1.91
2021-09-24,002683,26.9,26.5,27.1,26.36,61747,177003958.0,2.74,-1.85,-0.5,0.96
2021-09-27,002683,26.6,25.41,26.99,24.86,98763,272500464.0,8.04,-4.11,-1.09,1.53
2021-09-28,002683,25.3,25.25,25.58,24.92,49440,134893373.0,2.6,-0.63,-0.16,0.77
2021-09-29,002683,25.1,25.29,26.18,24.81,71003,195045448.0,5.43,0.16,0.04,1.1
2021-09-30,002683,25.3,25.13,25.57,24.82,55073,149127713.0,2.97,-0.63,-0.16,0.85
2021-10-08,002683,25.3,24.8,25.58,24.77,60351,162877254.0,3.22,-1.31,-0.33,0.94
2021-10-11,002683,24.69,24.91,25.44,24.61,47507,128539714.0,3.35,0.44,0.11,0.74
2021-10-12,002683,24.88,24.05,24.89,23.8,63368,165933102.0,4.38,-3.45,-0.86,0.98
2021-10-13,002683,24.05,24.26,24.37,23.88,32567,85018944.0,2.04,0.87,0.21,0.51
2021-10-14,002683,24.28,24.04,24.4,24.02,32554,85188782.0,1.57,-0.91,-0.22,0.51
2021-10-15,002683,24.19,24.04,24.19,23.82,31106,80955999.0,1.54,0.0,0.0,0.48
2021-10-18,002683,24.1,23.81,24.12,23.57,47128,121553924.0,2.29,-0.96,-0.23,0.73
2021-10-19,002683,23.82,24.27,24.3,23.66,46186,120403772.0,2.69,1.93,0.46,0.72
2021-10-20,002683,24.29,23.56,24.45,23.54,65519,169731247.0,3.75,-2.93,-0.71,1.02
2021-10-21,002683,23.6,23.16,23.8,23.12,53692,136854262.0,2.89,-1.7,-0.4,0.83
2021-10-22,002683,23.03,25.12,25.68,22.28,165161,425899312.0,14.68,8.46,1.96,2.56
2021-10-25,002683,24.1,24.51,25.2,24.1,91586,243339145.0,4.38,-2.43,-0.61,1.42
2021-10-26,002683,24.47,24.88,25.4,24.12,80918,216750914.0,5.22,1.51,0.37,1.26
2021-10-27,002683,25.2,25.37,25.82,24.91,109830,301688368.0,3.66,1.97,0.49,1.7
2021-10-28,002683,25.5,25.42,25.85,24.66,79379,217100884.0,4.69,0.2,0.05,1.23
2021-10-29,002683,25.3,25.53,25.79,25.09,59839,164589709.0,2.75,0.43,0.11,0.93
2021-11-01,002683,25.52,26.58,27.22,25.51,139043,399647536.0,6.7,4.11,1.05,2.16
2021-11-02,002683,27.0,26.43,27.2,26.2,109876,314624416.0,3.76,-0.56,-0.15,1.7
2021-11-03,002683,26.28,25.76,26.6,25.45,76346,212972545.0,4.35,-2.53,-0.67,1.18
2021-11-04,002683,25.64,27.62,28.0,25.46,203204,589112416.0,9.86,7.22,1.86,3.15
2021-11-05,002683,27.5,27.62,28.16,27.0,171059,508175216.0,4.2,0.0,0.0,2.65
2021-11-08,002683,27.47,27.28,27.79,27.01,86346,253954004.0,2.82,-1.23,-0.34,1.34
2021-11-09,002683,27.08,27.88,28.2,27.08,101072,301725280.0,4.11,2.2,0.6,1.57
2021-11-10,002683,28.08,27.9,28.4,27.65,84189,251950791.0,2.69,0.07,0.02,1.31
2021-11-11,002683,28.0,27.34,28.0,26.95,103302,302780512.0,3.76,-2.01,-0.56,1.6
2021-11-12,002683,27.28,27.59,27.93,27.03,74847,221555277.0,3.29,0.91,0.25,1.16
2021-11-15,002683,27.53,26.8,27.92,26.7,84288,247134361.0,4.42,-2.86,-0.79,1.31
2021-11-16,002683,27.02,26.22,27.1,26.18,81780,233462028.0,3.43,-2.16,-0.58,1.27
2021-11-17,002683,26.22,25.5,26.37,25.45,99718,276183088.0,3.51,-2.75,-0.72,1.55
2021-11-18,002683,25.45,25.49,25.82,24.88,94894,259346210.0,3.69,-0.04,-0.01,1.47
2021-11-19,002683,25.43,25.71,25.72,25.06,61896,169798087.0,2.59,0.86,0.22,0.96
2021-11-22,002683,25.79,25.73,26.37,25.5,67217,186959408.0,3.38,0.08,0.02,1.04
2021-11-23,002683,25.73,25.74,26.07,25.46,60085,166669888.0,2.37,0.04,0.01,0.93
2021-11-24,002683,25.66,25.23,25.75,25.2,49415,135712701.0,2.14,-1.98,-0.51,0.77
2021-11-25,002683,25.23,27.95,27.95,25.23,214328,627550528.0,10.78,10.78,2.72,3.33
2021-11-26,002683,28.24,28.63,29.86,28.0,385040,1188046624.0,6.65,2.43,0.68,5.97
2021-11-29,002683,28.62,28.62,29.0,28.18,160492,490991040.0,2.86,-0.03,-0.01,2.49
2021-11-30,002683,28.96,28.22,29.02,28.14,150490,457717104.0,3.07,-1.4,-0.4,2.33
2021-12-01,002683,28.8,28.29,28.8,27.56,127776,384308288.0,4.39,0.25,0.07,1.98
2021-12-02,002683,28.18,27.98,28.63,27.86,92241,278805264.0,2.72,-1.1,-0.31,1.43
2021-12-03,002683,28.0,28.44,28.95,27.87,136608,415387584.0,3.86,1.64,0.46,2.12
2021-12-06,002683,28.65,27.95,28.85,27.8,97355,294594512.0,3.69,-1.72,-0.49,1.51
2021-12-07,002683,27.99,27.18,28.2,26.88,98733,289332464.0,4.72,-2.75,-0.77,1.53
2021-12-08,002683,27.5,27.6,27.76,27.18,54806,161744141.0,2.13,1.55,0.42,0.85
2021-12-09,002683,27.73,27.41,27.77,27.2,48182,141706836.0,2.07,-0.69,-0.19,0.75
2021-12-10,002683,27.48,27.71,28.5,27.12,95475,284151712.0,5.03,1.09,0.3,1.48
2021-12-13,002683,27.99,28.59,28.75,27.41,121795,369601664.0,4.84,3.18,0.88,1.89
2021-12-14,002683,28.62,28.36,29.18,28.26,110367,336992032.0,3.22,-0.8,-0.23,1.71
2021-12-15,002683,28.36,28.1,29.05,28.1,81149,247667312.0,3.35,-0.92,-0.26,1.26
2021-12-16,002683,28.12,28.1,28.31,27.77,62102,186145662.0,1.92,0.0,0.0,0.96
2021-12-17,002683,28.03,28.12,28.74,27.74,109922,333820608.0,3.56,0.07,0.02,1.71
2022-01-04,002683,29.0,27.92,29.0,26.91,192567,580035040.0,7.43,-0.71,-0.2,2.99
2022-01-05,002683,28.2,27.06,28.35,27.01,85453,252613656.0,4.8,-3.08,-0.86,1.33
2022-01-06,002683,26.94,26.18,27.04,25.99,113739,322946000.0,3.88,-3.25,-0.88,1.76
2022-01-07,002683,26.27,27.16,27.98,26.18,103961,303219888.0,6.88,3.74,0.98,1.61
2022-01-10,002683,26.93,26.61,27.39,26.26,87580,251185152.0,4.16,-2.03,-0.55,1.36
2022-01-11,002683,26.63,27.18,27.49,26.61,74877,217761141.0,3.31,2.14,0.57,1.16
2022-01-12,002683,27.06,27.08,27.36,26.86,46350,134770105.0,1.84,-0.37,-0.1,0.72
2022-01-13,002683,27.11,26.85,27.5,26.79,49698,144076585.0,2.62,-0.85,-0.23,0.77
2022-01-14,002683,26.6,26.59,27.16,26.1,56703,162786211.0,3.95,-0.97,-0.26,0.88
2022-01-17,002683,26.54,27.19,27.44,26.12,75232,219260731.0,4.96,2.26,0.6,1.17
2022-01-18,002683,27.0,27.51,28.28,26.93,70932,210477366.0,4.97,1.18,0.32,1.1
2022-01-19,002683,27.31,26.64,27.65,26.58,67116,194309252.0,3.89,-3.16,-0.87,1.04
2022-01-20,002683,26.39,26.33,27.0,26.21,50161,142604829.0,2.97,-1.16,-0.31,0.78
2022-01-21,002683,26.33,25.17,26.38,23.5,84689,230017261.0,10.94,-4.41,-1.16,1.31
2022-01-24,002683,25.07,25.18,25.45,24.8,35799,97358346.0,2.58,0.04,0.01,0.56
2022-01-25,002683,25.09,24.97,26.25,24.94,62833,173444514.0,5.2,-0.83,-0.21,0.97
2022-01-26,002683,24.7,24.71,25.45,24.4,47363,126821900.0,4.21,-1.04,-0.26,0.73
2022-01-27,002683,24.78,24.19,25.2,24.18,53029,141401837.0,4.13,-2.1,-0.52,0.82
2022-01-28,002683,24.7,24.2,24.7,23.8,42141,110881546.0,3.72,0.04,0.01,0.65
2022-02-07,002683,24.5,24.93,25.34,24.5,46579,125670764.0,3.47,3.02,0.73,0.72
2022-02-08,002683,24.93,25.57,25.61,24.79,43596,118650054.0,3.29,2.57,0.64,0.68
2022-02-09,002683,25.58,26.86,27.31,25.46,87878,251306070.0,7.24,5.04,1.29,1.36
2022-02-10,002683,26.86,27.03,27.28,26.58,63519,183972813.0,2.61,0.63,0.17,0.98
2022-02-11,002683,26.73,26.71,27.0,26.07,50666,145590831.0,3.44,-1.18,-0.32,0.79
2022-02-14,002683,26.5,26.46,27.0,26.28,45368,129773640.0,2.7,-0.94,-0.25,0.7
2022-02-15,002683,26.3,26.43,26.55,26.11,27420,77679323.0,1.66,-0.11,-0.03,0.43
2022-02-16,002683,26.52,26.5,26.64,26.3,27844,79127021.0,1.29,0.26,0.07,0.43
2022-02-17,002683,26.32,26.24,26.49,25.95,41983,118290199.0,2.04,-0.98,-0.26,0.65
2022-02-18,002683,26.08,26.29,26.47,25.95,29165,82273648.0,1.98,0.19,0.05,0.45
2022-02-21,002683,26.42,25.62,26.42,25.37,59166,164182536.0,3.99,-2.55,-0.67,0.92
2022-02-22,002683,25.51,25.08,25.8,24.89,53966,146511915.0,3.55,-2.11,-0.54,0.84
2022-02-23,002683,25.1,25.84,26.05,25.1,47180,130371454.0,3.79,3.03,0.76,0.73
2022-02-24,002683,25.57,25.21,25.98,24.88,75594,206491172.0,4.26,-2.44,-0.63,1.17
2022-02-25,002683,25.31,24.93,25.6,24.88,47876,130163229.0,2.86,-1.11,-0.28,0.74
2022-02-28,002683,25.08,25.82,26.81,24.95,92154,257053663.0,7.46,3.57,0.89,1.43
2022-03-01,002683,25.63,25.86,26.17,25.54,43492,121157391.0,2.44,0.15,0.04,0.67
2022-03-02,002683,25.89,25.56,26.07,25.45,35234,97359587.0,2.4,-1.16,-0.3,0.55
2022-03-03,002683,25.56,25.07,25.64,25.0,42454,115459997.0,2.5,-1.92,-0.49,0.66
2022-03-04,002683,25.03,24.58,25.09,24.5,44539,119170836.0,2.35,-1.95,-0.49,0.69
2022-03-07,002683,24.57,23.74,24.79,23.68,60918,158021129.0,4.52,-3.42,-0.84,0.94
2022-03-08,002683,23.87,23.2,24.18,23.2,62656,160622698.0,4.13,-2.27,-0.54,0.97
2022-03-09,002683,23.43,22.3,23.6,21.01,102210,248688491.0,11.16,-3.88,-0.9,1.58
2022-03-10,002683,23.2,22.77,23.38,22.72,59950,149903346.0,2.96,2.11,0.47,0.93
2022-03-11,002683,22.31,23.34,23.41,22.0,50948,126031774.0,6.19,2.5,0.57,0.79
2022-03-14,002683,23.05,22.72,23.28,22.55,50564,125885893.0,3.13,-2.66,-0.62,0.78
2022-03-15,002683,22.55,20.58,22.65,20.45,85441,200829562.0,9.68,-9.42,-2.14,1.32
2022-03-16,002683,21.17,20.91,21.37,19.53,94859,213066997.0,8.94,1.6,0.33,1.47
2022-03-17,002683,21.05,22.29,22.75,21.05,125409,301284496.0,8.13,6.6,1.38,1.94
2022-03-18,002683,22.4,22.94,23.57,22.1,81532,204002459.0,6.59,2.92,0.65,1.26
2022-03-21,002683,22.98,22.29,23.06,22.11,72225,176386817.0,4.14,-2.83,-0.65,1.12
2022-03-22,002683,22.29,22.04,22.42,21.9,45339,109136187.0,2.33,-1.12,-0.25,0.7
2022-03-23,002683,22.2,24.2,24.44,22.05,196569,509849152.0,10.84,9.8,2.16,3.05
2022-03-24,002683,24.34,23.95,24.68,23.63,109359,284791696.0,4.34,-1.03,-0.25,1.7
2022-03-25,002683,23.96,23.79,24.25,23.7,54551,141440295.0,2.3,-0.67,-0.16,0.85
2022-03-28,002683,23.76,24.05,24.22,22.9,73744,190462642.0,5.55,1.09,0.26,1.14
2022-03-29,002683,24.22,23.85,24.6,23.72,46961,122491531.0,3.66,-0.83,-0.2,0.73
2022-03-30,002683,23.97,24.04,24.1,23.61,39603,102628378.0,2.05,0.8,0.19,0.61
2022-03-31,002683,24.03,23.46,24.06,23.43,49257,126426629.0,2.62,-2.41,-0.58,0.76
2022-04-01,002683,23.38,23.64,23.87,23.26,34918,89631201.0,2.6,0.77,0.18,0.54
2022-04-06,002683,23.65,22.29,23.66,22.19,103091,253383916.0,6.22,-5.71,-1.35,1.6
2022-04-07,002683,22.25,21.29,22.75,21.25,84677,201366833.0,6.73,-4.49,-1.0,1.31
2022-04-08,002683,21.38,21.47,21.74,20.83,56607,131469947.0,4.27,0.85,0.18,0.88
2022-04-11,002683,21.4,20.51,21.45,20.5,56872,129479101.0,4.42,-4.47,-0.96,0.88
2022-04-12,002683,20.26,20.83,21.07,20.26,53459,121275760.0,3.95,1.56,0.32,0.83
2022-04-13,002683,20.7,20.16,20.86,20.16,38935,87256257.0,3.36,-3.22,-0.67,0.6
2022-04-14,002683,20.33,19.8,20.47,19.78,52559,115949381.0,3.42,-1.79,-0.36,0.81
2022-04-15,002683,19.8,21.98,21.98,19.61,142676,332780160.0,11.97,11.01,2.18,2.21
2022-04-18,002683,21.94,22.49,23.36,21.52,130316,319233824.0,8.37,2.32,0.51,2.02
2022-04-19,002683,22.49,24.25,24.6,22.42,167902,431987984.0,9.69,7.83,1.76,2.6
2022-04-20,002683,24.41,23.95,24.8,23.87,109143,287509312.0,3.84,-1.24,-0.3,1.69
2022-04-21,002683,23.9,22.71,24.14,22.56,95974,243270160.0,6.6,-5.18,-1.24,1.49
2022-04-22,002683,22.64,22.35,22.7,22.1,62732,153137072.0,2.64,-1.59,-0.36,0.97
2022-04-25,002683,21.74,19.92,21.74,19.92,81384,181990096.0,8.14,-10.87,-2.43,1.26
2022-04-26,002683,19.3,17.73,19.89,17.73,130141,260393991.0,10.84,-10.99,-2.19,2.02
2022-04-27,002683,16.11,16.96,17.73,15.76,222729,408843232.0,11.11,-4.34,-0.77,3.45
2022-04-28,002683,16.45,16.21,16.76,15.88,107468,196624321.0,5.19,-4.42,-0.75,1.67
2022-04-29,002683,16.78,17.95,18.03,16.42,101701,197923995.0,9.93,10.73,1.74,1.58
2022-05-05,002683,18.0,18.76,19.3,17.8,94183,193470868.0,8.36,4.51,0.81,1.43
2022-05-06,002683,18.03,18.08,19.07,17.95,71573,145843381.0,5.97,-3.62,-0.68,1.09
2022-05-09,002683,18.07,18.13,18.58,17.79,50452,101498652.0,4.37,0.28,0.05,0.77
2022-05-10,002683,17.88,18.16,18.46,17.59,56120,112763076.0,4.8,0.17,0.03,0.85
2022-05-11,002683,18.16,18.42,19.23,18.01,77381,160470672.0,6.72,1.43,0.26,1.18
2022-05-12,002683,18.27,18.54,18.95,18.21,41653,85681631.0,4.02,0.65,0.12,0.63
2022-05-13,002683,18.56,18.79,19.1,18.55,51431,107104510.0,2.97,1.35,0.25,0.78
2022-05-16,002683,18.96,18.9,19.54,18.83,50534,106614653.0,3.78,0.59,0.11,0.77
2022-05-17,002683,19.09,18.92,19.15,18.65,38500,80429664.0,2.65,0.11,0.02,0.59
2022-05-18,002683,18.9,19.0,19.3,18.73,43307,91102437.0,3.01,0.42,0.08,0.66
2022-05-19,002683,18.73,18.95,19.0,18.65,37483,78111898.0,1.84,-0.26,-0.05,0.57
2022-05-20,002683,18.96,19.24,19.55,18.96,42817,91048107.0,3.11,1.53,0.29,0.65
2022-05-23,002683,19.3,20.98,21.26,19.23,99344,222188950.0,10.55,9.04,1.74,1.51
2022-05-24,002683,21.1,19.58,21.34,19.46,99663,222560403.0,8.96,-6.67,-1.4,1.52
2022-05-25,002683,19.45,19.62,19.88,19.13,59584,127905310.0,3.83,0.2,0.04,0.91
2022-05-26,002683,19.4,20.15,20.5,19.31,60694,133715121.0,6.07,2.7,0.53,0.92
2022-05-27,002683,20.15,20.08,20.9,19.82,58800,131311032.0,5.36,-0.35,-0.07,0.9
2022-05-30,002683,20.31,20.1,20.36,19.75,46200,101856098.0,3.04,0.1,0.02,0.7
2022-05-31,002683,20.18,20.42,20.71,19.95,55422,124133266.0,3.78,1.59,0.32,0.84
2022-06-01,002683,20.45,20.24,20.55,19.97,56212,125270743.0,2.84,-0.88,-0.18,0.86
2022-06-02,002683,20.26,20.75,20.82,20.07,60537,136254920.0,3.71,2.52,0.51,0.92
2022-06-06,002683,21.0,22.05,22.48,21.0,99799,238670766.0,7.13,6.27,1.3,1.52
2022-06-07,002683,22.29,21.87,22.39,21.73,60956,146217031.0,2.99,-0.82,-0.18,0.93
2022-06-08,002683,22.0,21.71,22.2,21.4,63946,150060330.0,3.66,-0.73,-0.16,0.97
2022-06-09,002683,21.77,21.24,21.88,21.09,54237,125421831.0,3.64,-2.16,-0.47,0.83
2022-06-10,002683,21.1,22.16,22.21,20.91,68283,161148764.0,6.12,4.33,0.92,1.04
2022-06-13,002683,21.99,21.89,22.34,21.61,58632,138852146.0,3.29,-1.22,-0.27,0.89
2022-06-14,002683,21.7,22.27,22.32,21.16,68221,159653799.0,5.3,1.74,0.38,1.04
2022-06-15,002683,22.27,22.35,22.93,22.18,64342,156162395.0,3.37,0.36,0.08,0.98
2022-06-16,002683,22.35,22.46,22.86,22.28,55620,134866059.0,2.6,0.49,0.11,0.85
2022-06-17,002683,22.33,22.53,22.81,22.1,60961,147420098.0,3.16,0.31,0.07,0.93
2022-06-20,002683,22.57,23.52,23.88,22.57,88821,223701497.0,5.81,4.39,0.99,1.35
2022-06-21,002683,23.56,23.3,23.78,22.97,60918,152669467.0,3.44,-0.94,-0.22,0.93
2022-06-22,002683,23.31,22.8,23.59,22.75,52105,129600354.0,3.61,-2.15,-0.5,0.79
2022-06-23,002683,22.8,23.8,23.87,22.76,68229,171340743.0,4.87,4.39,1.0,1.04
2022-06-24,002683,23.89,24.22,24.68,23.61,62133,161364993.0,4.5,1.76,0.42,0.95
2022-06-27,002683,24.47,25.75,26.39,24.32,126392,342297424.0,8.55,6.32,1.53,1.93
2022-06-28,002683,25.83,26.06,26.23,25.59,73210,202304651.0,2.49,1.2,0.31,1.12
2022-06-29,002683,26.18,25.77,26.61,25.71,85754,238888195.0,3.45,-1.11,-0.29,1.31
2022-06-30,002683,25.95,26.13,26.48,25.6,57424,160456085.0,3.41,1.4,0.36,0.87
2022-07-01,002683,25.94,26.91,27.6,25.94,96304,276352528.0,6.35,2.99,0.78,1.47
2022-07-04,002683,28.05,28.17,28.57,27.26,140679,417243664.0,4.87,4.68,1.26,2.14
2022-07-05,002683,28.35,28.28,29.1,28.08,120143,362765008.0,3.62,0.39,0.11,1.83
2022-07-06,002683,28.29,28.69,29.69,28.11,148465,455476272.0,5.59,1.45,0.41,2.26
2022-07-07,002683,28.63,31.04,31.47,28.63,203494,649686224.0,9.9,8.19,2.35,3.1
2022-07-08,002683,31.14,30.6,31.29,30.27,120835,392329136.0,3.29,-1.42,-0.44,1.84
2022-07-11,002683,30.5,28.9,30.58,28.45,183330,568243168.0,6.96,-5.56,-1.7,2.79
2022-07-12,002683,28.99,28.59,29.49,28.43,84866,259297994.12,3.67,-1.07,-0.31,1.29
2022-07-13,002683,28.63,27.89,29.04,27.38,122885,363220420.93,5.81,-2.45,-0.7,1.87
2022-07-14,002683,28.15,29.13,29.68,27.52,101622,311702062.72,7.74,4.45,1.24,1.55
2022-07-15,002683,29.2,28.4,29.39,28.31,74569,227251102.74,3.71,-2.51,-0.73,1.14
2022-07-18,002683,28.33,28.44,28.86,27.88,69537,208441902.07,3.45,0.14,0.04,1.06
2022-07-19,002683,28.44,28.4,29.05,28.02,53742,161861559.97,3.62,-0.14,-0.04,0.82
2022-07-20,002683,28.59,28.53,28.98,28.22,52251,157982891.51,2.68,0.46,0.13,0.8
2022-07-21,002683,28.54,28.26,29.61,28.19,78655,239306088.23,4.98,-0.95,-0.27,1.2
2022-07-22,002683,28.35,28.46,28.76,27.51,80341,239705039.69,4.42,0.71,0.2,1.22
2022-07-25,002683,28.25,27.45,28.73,27.21,80279,236291187.44,5.34,-3.55,-1.01,1.22
2022-07-26,002683,27.66,27.5,27.99,27.26,66404,194020105.21,2.66,0.18,0.05,1.01
2022-07-27,002683,27.46,28.97,30.26,27.35,182679,566286032.54,10.58,5.35,1.47,2.78
2022-07-28,002683,29.09,28.4,29.14,28.33,85264,259548142.15,2.8,-1.97,-0.57,1.3
2022-07-29,002683,28.36,28.48,28.79,28.12,59885,180534841.36,2.36,0.28,0.08,0.91
2022-08-01,002683,28.32,28.38,28.58,27.78,55823,167104202.97,2.81,-0.35,-0.1,0.85
2022-08-02,002683,28.3,27.36,28.58,26.96,96898,284260136.14,5.71,-3.59,-1.02,1.48
2022-08-03,002683,27.53,27.85,29.37,27.53,124126,376102027.0,6.73,1.79,0.49,1.89
2022-08-04,002683,28.21,29.49,29.6,27.9,167090,513978627.9,6.1,5.89,1.64,2.55
2022-08-05,002683,29.49,29.1,30.04,28.62,93726,289631443.0,4.82,-1.32,-0.39,1.43
2022-08-08,002683,29.3,31.3,31.77,28.9,152358,493261730.56,9.86,7.56,2.2,2.32
2022-08-09,002683,31.31,30.4,31.65,30.17,118785,384508919.07,4.73,-2.88,-0.9,1.81
2022-08-10,002683,30.1,32.51,33.46,29.91,231968,782759573.78,11.68,6.94,2.11,3.53
2022-08-11,002683,32.68,32.71,32.95,31.82,115740,394400305.04,3.48,0.62,0.2,1.76
2022-08-12,002683,32.75,32.63,34.1,32.3,146586,510721197.61,5.5,-0.24,-0.08,2.23
2022-08-15,002683,32.8,32.31,32.87,31.84,89484,304305054.82,3.16,-0.98,-0.32,1.36
2022-08-16,002683,32.32,31.99,32.68,31.88,72591,246049842.52,2.48,-0.99,-0.32,1.11
2022-08-17,002683,31.99,31.65,32.4,31.49,77340,259543338.72,2.84,-1.06,-0.34,1.18
2022-08-18,002683,32.3,32.46,32.57,31.66,62311,211597792.94,2.88,2.56,0.81,0.95
2022-08-19,002683,32.44,30.72,32.67,30.63,108600,357974912.43,6.28,-5.36,-1.74,1.65
2022-08-22,002683,31.18,32.66,32.85,31.18,134015,455254487.17,5.44,6.32,1.94,2.04
2022-08-23,002683,32.62,32.15,32.9,31.95,58004,196588899.77,2.91,-1.56,-0.51,0.88
2022-08-24,002683,32.26,30.01,32.27,29.95,126676,409495332.08,7.22,-6.66,-2.14,1.93
2022-08-25,002683,30.1,30.14,30.28,29.09,75087,236477729.36,3.97,0.43,0.13,1.14
2022-08-26,002683,30.09,29.34,30.56,29.29,57003,179475153.5,4.21,-2.65,-0.8,0.87
2022-08-29,002683,28.85,30.35,30.65,28.3,74933,236946849.04,8.01,3.44,1.01,1.14
2022-08-30,002683,30.26,29.63,30.6,29.49,48705,153871718.97,3.66,-2.37,-0.72,0.74
2022-08-31,002683,29.4,28.45,29.9,28.37,64624,197743098.23,5.16,-3.98,-1.18,0.98
2022-09-01,002683,28.55,29.1,29.88,28.45,56109,173824411.36,5.03,2.28,0.65,0.85
2022-09-02,002683,29.1,29.3,29.9,28.89,49976,155457694.0,3.47,0.69,0.2,0.76
2022-09-05,002683,29.29,28.57,29.3,28.21,56707,172274201.29,3.72,-2.49,-0.73,0.86
2022-09-06,002683,28.65,28.96,29.36,28.53,50785,156092390.77,2.91,1.37,0.39,0.77
2022-09-07,002683,28.98,29.5,30.0,28.8,53989,168489427.19,4.14,1.86,0.54,0.82
2022-09-08,002683,29.5,29.02,29.79,28.98,36545,113160407.83,2.75,-1.63,-0.48,0.56
2022-09-09,002683,29.22,29.25,29.45,28.9,34449,106390889.25,1.9,0.79,0.23,0.52
2022-09-13,002683,29.29,29.63,29.88,29.18,60915,190572849.89,2.39,1.3,0.38,0.93
2022-09-14,002683,29.26,29.02,29.54,28.76,36970,114179201.74,2.63,-2.06,-0.61,0.56
2022-09-15,002683,29.27,26.88,29.39,26.28,134330,389938237.41,10.72,-7.37,-2.14,2.05
2022-09-16,002683,26.74,27.1,28.0,26.68,85051,247271642.88,4.91,0.82,0.22,1.3
2022-09-19,002683,27.04,26.27,27.18,26.01,81553,229220154.98,4.32,-3.06,-0.83,1.24
2022-09-20,002683,26.52,26.65,26.89,26.47,39224,111322556.7,1.6,1.45,0.38,0.6
2022-09-21,002683,26.83,26.59,26.83,26.02,43400,122284125.44,3.04,-0.23,-0.06,0.66
2022-09-22,002683,26.43,27.22,27.55,26.13,52787,151799431.44,5.34,2.37,0.63,0.8
2022-09-23,002683,27.23,26.53,28.0,26.15,58336,166768829.82,6.8,-2.53,-0.69,0.89
2022-09-26,002683,26.3,25.86,26.76,25.78,40282,112389923.6,3.69,-2.53,-0.67,0.61
2022-09-27,002683,26.05,26.13,26.29,25.42,48144,132687125.68,3.36,1.04,0.27,0.73
2022-09-28,002683,26.14,24.75,26.36,24.74,56994,153375647.4,6.2,-5.28,-1.38,0.87
2022-09-29,002683,25.11,25.08,25.62,24.89,50285,135232849.97,2.95,1.33,0.33,0.77
2022-09-30,002683,25.14,24.57,25.45,24.5,36213,96205970.97,3.79,-2.03,-0.51,0.55
2022-10-10,002683,24.58,24.08,24.93,23.91,41721,108970332.73,4.15,-1.99,-0.49,0.64
2022-10-11,002683,23.9,24.03,24.19,23.68,39140,100429057.52,2.12,-0.21,-0.05,0.6
2022-10-12,002683,23.91,24.56,24.59,23.16,53998,137801043.49,5.95,2.21,0.53,0.82
2022-10-13,002683,24.46,24.58,25.1,24.3,41976,111020851.8,3.26,0.08,0.02,0.64
2022-10-14,002683,25.06,25.74,26.2,24.59,64144,175077490.74,6.55,4.72,1.16,0.98
2022-10-17,002683,25.73,27.2,27.43,25.63,80600,229098849.12,6.99,5.67,1.46,1.23
2022-10-18,002683,27.09,27.26,27.66,27.09,60136,174972707.67,2.1,0.22,0.06,0.92
2022-10-19,002683,27.04,26.86,27.58,26.81,40344,116532798.12,2.82,-1.47,-0.4,0.61
2022-10-20,002683,26.86,26.84,27.3,26.05,48132,136585047.07,4.65,-0.07,-0.02,0.73
2022-10-21,002683,26.9,26.94,27.17,26.5,33299,94996836.69,2.5,0.37,0.1,0.51
2022-10-24,002683,26.62,26.07,27.39,25.73,71384,200703596.75,6.16,-3.23,-0.87,1.09
2022-10-25,002683,25.85,25.48,26.05,25.05,61612,167428449.33,3.84,-2.26,-0.59,0.94
2022-10-26,002683,25.72,26.36,26.63,25.35,54236,151118892.01,5.02,3.45,0.88,0.83
2022-10-27,002683,26.49,26.25,27.05,26.23,40910,115738453.71,3.11,-0.42,-0.11,0.62
2022-10-28,002683,26.03,25.0,26.24,24.81,55233,150011177.29,5.45,-4.76,-1.25,0.84
2022-10-31,002683,24.8,25.63,26.0,24.72,45271,122974958.39,5.12,2.52,0.63,0.69
2022-11-01,002683,25.62,26.2,26.32,25.36,52930,146150969.83,3.75,2.22,0.57,0.81
2022-11-02,002683,25.93,26.17,26.6,25.84,44137,123439093.09,2.9,-0.11,-0.03,0.67
2022-11-03,002683,26.11,26.66,26.8,26.0,42927,121113759.22,3.06,1.87,0.49,0.65
2022-11-04,002683,26.36,27.25,27.45,26.36,64508,186128425.16,4.09,2.21,0.59,0.98
2022-11-07,002683,27.5,26.84,27.63,26.72,51571,147875536.69,3.34,-1.5,-0.41,0.79
2022-11-08,002683,27.01,26.67,27.09,26.38,32285,91622630.83,2.65,-0.63,-0.17,0.49
2022-11-09,002683,26.65,27.16,27.7,26.6,55530,160504515.43,4.12,1.84,0.49,0.85
2022-11-10,002683,26.9,26.0,27.09,25.86,61020,170840885.21,4.53,-4.27,-1.16,0.93
2022-11-11,002683,26.69,25.75,26.75,25.69,50481,140556381.73,4.08,-0.96,-0.25,0.77
2022-11-14,002683,25.78,26.05,27.1,25.52,62216,174443497.34,6.14,1.17,0.3,0.95
2022-11-15,002683,26.09,26.62,26.75,25.6,52766,148549218.53,4.41,2.19,0.57,0.8
2022-11-16,002683,26.34,26.66,27.28,26.31,50915,145019975.98,3.64,0.15,0.04,0.78
2022-11-17,002683,26.6,26.31,26.66,25.91,48914,136350039.19,2.81,-1.31,-0.35,0.75
2022-11-18,002683,26.36,25.82,26.56,25.75,47179,131002776.7,3.08,-1.86,-0.49,0.72
2022-11-21,002683,25.49,26.09,26.13,25.28,42421,116850548.86,3.29,1.05,0.27,0.65
2022-11-22,002683,25.95,25.47,26.28,25.3,37554,102916503.68,3.76,-2.38,-0.62,0.57
2022-11-23,002683,25.31,25.38,25.5,24.55,44346,118741932.1,3.73,-0.35,-0.09,0.68
2022-11-24,002683,25.28,25.63,25.86,25.07,31642,86252102.44,3.11,0.99,0.25,0.48
2022-11-25,002683,25.36,24.71,25.49,24.68,36543,97191808.72,3.16,-3.59,-0.92,0.56
2022-11-28,002683,25.1,27.25,27.35,24.65,281488,804814889.07,10.93,10.28,2.54,4.29
2022-11-29,002683,27.23,26.93,27.49,26.63,163776,468656408.04,3.16,-1.17,-0.32,2.5
2022-11-30,002683,26.96,27.88,28.55,26.7,132525,393647435.8,6.87,3.53,0.95,2.02
2022-12-01,002683,28.01,28.08,28.39,27.74,77756,230695811.45,2.33,0.72,0.2,1.18
2022-12-02,002683,28.01,28.06,28.78,27.99,72215,217187486.08,2.81,-0.07,-0.02,1.1
2022-12-05,002683,28.13,28.04,28.29,27.76,61467,182575155.52,1.89,-0.07,-0.02,0.94
2022-12-06,002683,28.15,28.58,28.98,27.91,82350,248733076.21,3.82,1.93,0.54,1.25
2022-12-07,002683,28.53,28.14,28.9,27.94,55470,166848572.0,3.36,-1.54,-0.44,0.85
2022-12-08,002683,27.98,27.69,28.4,27.49,73405,217365733.37,3.23,-1.6,-0.45,1.12
2022-12-09,002683,27.69,28.08,29.46,27.26,203480,613135321.68,7.95,1.41,0.39,3.1
2022-12-12,002683,28.54,28.01,28.89,27.81,84372,252979622.66,3.85,-0.25,-0.07,1.29
2022-12-13,002683,27.99,27.5,28.08,27.41,50196,147390874.3,2.39,-1.82,-0.51,0.76
2022-12-14,002683,27.41,27.27,28.05,27.2,35653,104058853.5,3.09,-0.84,-0.23,0.54
2022-12-15,002683,27.15,27.04,27.7,26.88,35554,102422869.57,3.01,-0.84,-0.23,0.54
2022-12-16,002683,26.9,26.82,27.31,26.57,44168,126244085.25,2.74,-0.81,-0.22,0.67
2022-12-19,002683,26.8,26.14,27.09,25.9,46600,130179395.82,4.44,-2.54,-0.68,0.71
2022-12-20,002683,26.16,25.99,26.4,25.68,37354,103243671.35,2.75,-0.57,-0.15,0.57
2022-12-21,002683,26.01,25.99,26.63,25.65,37284,103557335.51,3.77,0.0,0.0,0.57
2022-12-22,002683,26.07,25.48,26.45,25.3,40972,112331456.0,4.42,-1.96,-0.51,0.62
2022-12-23,002683,25.2,25.22,26.18,25.06,29273,79281352.4,4.4,-1.02,-0.26,0.45
2022-12-26,002683,25.29,25.76,26.05,25.08,34252,93676934.68,3.85,2.14,0.54,0.52
2022-12-27,002683,25.81,25.66,26.17,25.41,21509,59002263.18,2.95,-0.39,-0.1,0.33
2022-12-28,002683,25.58,25.2,25.66,24.98,29142,78422904.36,2.65,-1.79,-0.46,0.44
2022-12-29,002683,25.12,25.14,25.45,24.89,34319,92108380.02,2.22,-0.24,-0.06,0.52
2022-12-30,002683,25.4,25.26,25.45,25.03,32794,88467221.9,1.67,0.48,0.12,0.5
2023-01-03,002683,25.32,25.89,26.09,25.17,42931,118126583.7,3.64,2.49,0.63,0.65
2023-01-04,002683,25.77,25.63,25.9,25.54,34883,95526758.41,1.39,-1.0,-0.26,0.53
2023-01-05,002683,25.6,25.75,26.21,25.43,36876,101527450.49,3.04,0.47,0.12,0.56
2023-01-06,002683,25.65,28.5,28.5,25.56,259028,768498864.14,11.42,10.68,2.75,3.94
2023-01-09,002683,28.8,29.27,29.75,28.51,196290,604963535.38,4.35,2.7,0.77,2.99
2023-01-10,002683,29.27,29.73,29.97,29.06,110514,346378633.13,3.11,1.57,0.46,1.68
2023-01-11,002683,29.73,29.17,29.9,29.17,79689,248469083.22,2.46,-1.88,-0.56,1.21
2023-01-12,002683,29.32,29.2,29.55,28.9,63334,195885136.04,2.23,0.1,0.03,0.96
2023-01-13,002683,29.4,29.51,29.89,29.25,59160,184941965.49,2.19,1.06,0.31,0.9
2023-01-16,002683,29.46,29.43,29.8,29.2,75565,235415143.14,2.03,-0.27,-0.08,1.15
2023-01-17,002683,29.43,29.89,30.41,29.41,70025,222328349.03,3.4,1.56,0.46,1.07
2023-01-18,002683,29.83,29.75,30.13,29.64,31047,97819098.4,1.64,-0.47,-0.14,0.47
2023-01-19,002683,29.8,29.9,30.05,29.33,33555,105731834.99,2.42,0.5,0.15,0.51
2023-01-20,002683,30.05,29.9,30.35,29.75,35737,113137487.2,2.01,0.0,0.0,0.54
2023-01-30,002683,30.11,29.63,30.57,29.56,58265,184272808.62,3.38,-0.9,-0.27,0.89
2023-01-31,002683,29.6,29.54,30.03,29.1,53465,167249336.22,3.14,-0.3,-0.09,0.81
2023-02-01,002683,29.73,31.2,31.52,29.35,124659,403490175.67,7.35,5.62,1.66,1.9
2023-02-02,002683,31.24,30.63,31.3,30.45,64854,210766751.93,2.72,-1.83,-0.57,0.99
2023-02-03,002683,30.53,30.36,30.78,29.99,53616,171710924.3,2.58,-0.88,-0.27,0.82
2023-02-06,002683,30.39,30.67,31.27,30.0,83059,268425679.38,4.18,1.02,0.31,1.26
2023-02-07,002683,30.6,30.0,31.1,29.7,67285,214597514.63,4.56,-2.18,-0.67,1.02
2023-02-08,002683,30.11,29.5,30.28,29.4,42681,133902052.94,2.93,-1.67,-0.5,0.65
2023-02-09,002683,30.03,29.99,30.29,29.4,42352,134148433.94,3.02,1.66,0.49,0.64
2023-02-10,002683,29.79,29.46,29.98,29.33,40943,128061669.75,2.17,-1.77,-0.53,0.62
2023-02-13,002683,29.48,29.98,30.4,29.36,66816,211733045.36,3.53,1.77,0.52,1.02
2023-02-14,002683,29.93,29.78,29.99,29.5,43924,138014453.6,1.63,-0.67,-0.2,0.67
2023-02-15,002683,29.8,29.65,30.0,29.5,49993,157269083.78,1.68,-0.44,-0.13,0.76
2023-02-16,002683,29.62,28.44,29.75,28.08,79664,244479026.4,5.63,-4.08,-1.21,1.21
2023-02-17,002683,28.44,28.39,28.84,28.13,46386,140092674.88,2.5,-0.18,-0.05,0.71
2023-02-20,002683,28.38,28.49,28.78,28.22,40287,121272724.1,1.97,0.35,0.1,0.61
2023-02-21,002683,28.43,28.69,28.98,28.33,36890,112220005.0,2.28,0.7,0.2,0.56
2023-02-22,002683,28.78,28.66,28.93,28.51,22505,68380687.49,1.46,-0.1,-0.03,0.34
2023-02-23,002683,28.55,28.43,28.8,28.32,29949,90481292.65,1.67,-0.8,-0.23,0.46
2023-02-24,002683,28.59,28.76,29.36,28.32,57343,175619965.46,3.66,1.16,0.33,0.87
2023-02-27,002683,28.6,28.53,28.86,28.36,35224,106704151.1,1.74,-0.8,-0.23,0.54
2023-02-28,002683,28.5,29.36,29.48,28.44,60527,186683616.91,3.65,2.91,0.83,0.92
2023-03-01,002683,29.47,29.21,29.48,29.0,38244,118160989.78,1.63,-0.51,-0.15,0.58
2023-03-02,002683,29.14,29.61,30.55,29.11,77732,246006121.27,4.93,1.37,0.4,1.18
2023-03-03,002683,29.67,29.67,30.2,29.63,45095,142246485.47,1.93,0.2,0.06,0.69
2023-03-06,002683,29.44,29.26,29.64,29.01,47307,146434717.41,2.12,-1.38,-0.41,0.72
2023-03-07,002683,29.16,28.91,29.77,28.9,45904,142541290.09,2.97,-1.2,-0.35,0.7
2023-03-08,002683,28.74,28.79,29.1,28.61,30546,93294876.8,1.69,-0.42,-0.12,0.46
2023-03-09,002683,28.84,28.58,29.08,28.5,31951,97330324.0,2.01,-0.73,-0.21,0.49
2023-03-10,002683,28.5,28.6,28.9,28.34,38154,115579430.28,1.96,0.07,0.02,0.58
2023-03-13,002683,28.3,28.7,28.94,28.03,53437,161299212.28,3.18,0.35,0.1,0.81
2023-03-14,002683,28.41,27.6,28.99,27.58,77705,231031770.45,4.91,-3.83,-1.1,1.18
2023-03-15,002683,28.0,28.26,28.53,27.87,48414,145003471.72,2.39,2.39,0.66,0.74
2023-03-16,002683,28.2,27.82,28.66,27.66,55010,164720581.95,3.54,-1.56,-0.44,0.84
2023-03-17,002683,28.28,29.33,29.42,27.99,99957,306588674.17,5.14,5.43,1.51,1.52
2023-03-20,002683,29.25,27.83,29.32,26.8,140848,415709000.86,8.59,-5.11,-1.5,2.14
2023-03-21,002683,27.9,28.34,28.5,27.89,52714,158015770.83,2.19,1.83,0.51,0.8
2023-03-22,002683,28.25,28.47,28.5,28.0,40489,121363334.89,1.76,0.46,0.13,0.62
2023-03-23,002683,28.6,29.64,30.05,28.37,91947,286344619.77,5.9,4.11,1.17,1.4
2023-03-24,002683,29.74,29.38,29.85,29.14,74918,232760557.46,2.4,-0.88,-0.26,1.14
2023-03-27,002683,29.39,28.75,29.54,28.67,53140,162669913.63,2.96,-2.14,-0.63,0.81
2023-03-28,002683,28.84,28.63,29.18,28.56,41126,125252810.42,2.16,-0.42,-0.12,0.63
2023-03-29,002683,28.65,28.7,29.57,28.65,64484,198268603.68,3.21,0.24,0.07,0.98
2023-03-30,002683,28.74,28.26,29.06,28.16,59684,179592439.28,3.14,-1.53,-0.44,0.91
2023-03-31,002683,28.4,29.15,29.45,28.3,60964,187354041.5,4.07,3.15,0.89,0.93
2023-04-03,002683,29.21,29.29,29.88,28.8,98442,304247640.29,3.7,0.48,0.14,1.5
2023-04-04,002683,29.28,29.3,29.8,28.93,84217,260989361.79,2.97,0.03,0.01,1.28
2023-04-06,002683,29.37,28.95,29.49,28.87,56415,173741401.27,2.12,-1.19,-0.35,0.86
2023-04-07,002683,29.1,28.89,29.38,28.7,61554,188866586.84,2.35,-0.21,-0.06,0.94
2023-04-10,002683,28.86,28.91,29.47,28.71,66806,205170355.08,2.63,0.07,0.02,1.02
2023-04-11,002683,29.2,29.31,29.38,28.76,75623,233103741.4,2.14,1.38,0.4,1.15
2023-04-12,002683,29.16,30.38,30.8,29.15,132496,422989275.92,5.63,3.65,1.07,2.02
2023-04-13,002683,30.38,30.48,30.97,30.21,74775,241487907.94,2.5,0.33,0.1,1.14
2023-04-14,002683,30.63,32.23,32.3,30.63,169261,567916394.58,5.48,5.74,1.75,2.57
2023-04-17,002683,32.18,30.91,32.23,30.8,140985,465636748.85,4.44,-4.1,-1.32,2.14
2023-04-18,002683,31.15,30.6,31.28,30.49,60123,195196976.64,2.56,-1.0,-0.31,0.91
2023-04-19,002683,30.48,30.13,30.58,29.83,75967,242030356.41,2.45,-1.54,-0.47,1.16
2023-04-20,002683,30.01,30.02,30.18,29.29,82941,260714574.73,2.95,-0.37,-0.11,1.26
2023-04-21,002683,30.25,29.0,30.45,28.96,96057,299722680.92,4.96,-3.4,-1.02,1.46
2023-04-24,002683,28.76,27.96,29.02,27.66,96542,288569524.7,4.69,-3.59,-1.04,1.47
2023-04-25,002683,27.9,26.69,27.92,26.26,99456,284977684.9,5.94,-4.54,-1.27,1.51
2023-04-26,002683,26.97,27.28,28.1,26.87,68713,200651212.03,4.61,2.21,0.59,1.05
2023-04-27,002683,27.28,28.16,28.58,27.28,71391,212912527.61,4.77,3.23,0.88,1.09
2023-04-28,002683,28.1,28.19,28.51,27.96,51140,152729753.64,1.95,0.11,0.03,0.78
2023-05-04,002683,28.13,27.69,28.13,27.4,50681,148799535.47,2.59,-1.77,-0.5,0.77
2023-05-05,002683,27.6,27.32,27.6,26.8,66386,191446673.73,2.89,-1.34,-0.37,1.01
2023-05-08,002683,27.13,27.42,27.75,27.01,40923,119453601.64,2.71,0.37,0.1,0.62
2023-05-09,002683,27.44,26.5,27.6,26.37,64724,185199245.14,4.49,-3.36,-0.92,0.98
2023-05-10,002683,26.39,26.36,26.89,26.12,56331,158619640.75,2.91,-0.53,-0.14,0.86
2023-05-11,002683,26.4,27.27,27.6,26.07,67453,194147576.82,5.8,3.45,0.91,1.03
2023-05-12,002683,27.27,27.1,27.66,27.0,37546,108895613.89,2.42,-0.62,-0.17,0.57
2023-05-15,002683,27.1,27.51,27.63,26.82,41425,120240209.06,2.99,1.51,0.41,0.63
2023-05-16,002683,27.6,28.29,28.95,27.52,74043,222305792.76,5.2,2.84,0.78,1.12
2023-05-17,002683,28.29,28.94,29.08,28.29,69115,210464996.67,2.79,2.3,0.65,1.05
2023-05-18,002683,29.05,29.14,29.55,28.9,65849,204022650.86,2.25,0.69,0.2,1.0
2023-05-19,002683,29.29,29.33,29.63,28.7,57791,178854089.56,3.19,0.65,0.19,0.88
2023-05-22,002683,29.34,29.15,29.48,28.85,49232,150659488.17,2.15,-0.61,-0.18,0.75
2023-05-23,002683,29.16,28.96,29.44,28.68,53145,161845356.4,2.61,-0.65,-0.19,0.81
2023-05-24,002683,28.9,28.71,29.12,28.48,47589,143520521.82,2.21,-0.86,-0.25,0.72
2023-05-25,002683,28.53,27.99,28.82,27.74,68658,203212521.63,3.76,-2.51,-0.72,1.04
2023-05-26,002683,27.99,28.42,28.76,27.63,39715,117639732.0,4.04,1.54,0.43,0.6
2023-05-29,002683,28.1,28.25,28.65,28.1,42076,125106793.34,1.94,-0.6,-0.17,0.64
2023-05-30,002683,28.1,28.46,28.69,27.92,39871,118338476.72,2.73,0.74,0.21,0.6
2023-05-31,002683,28.45,28.29,28.65,28.1,27691,82367390.7,1.93,-0.6,-0.17,0.42
2023-06-01,002683,28.2,28.43,28.83,28.2,41768,125035101.53,2.23,0.49,0.14,0.63
2023-06-02,002683,28.37,28.47,28.82,28.32,35589,106696615.39,1.76,0.14,0.04,0.54
2023-06-05,002683,28.47,27.39,28.66,27.38,60469,176442411.93,4.5,-3.79,-1.08,0.92
2023-06-06,002683,27.35,26.83,27.5,26.72,53135,151172678.08,2.85,-2.04,-0.56,0.81
2023-06-07,002683,26.8,26.75,27.01,26.51,49290,138612995.01,1.86,-0.3,-0.08,0.75
2023-06-08,002683,26.72,26.52,26.95,26.29,51202,143001020.78,2.47,-0.86,-0.23,0.78
2023-06-09,002683,26.63,26.63,26.87,26.38,64860,181807295.76,1.85,0.41,0.11,0.98
2023-06-12,002683,26.63,26.85,27.17,26.4,48102,136105340.99,2.89,0.83,0.22,0.73
2023-06-13,002683,26.71,26.85,27.02,26.63,30893,87327404.29,1.45,0.0,0.0,0.47
2023-06-14,002683,26.88,26.9,27.38,26.82,42501,120940670.6,2.09,0.19,0.05,0.64
2023-06-15,002683,26.9,26.83,26.94,26.48,48749,137123694.34,1.71,-0.26,-0.07,0.74
2023-06-16,002683,26.68,27.63,28.07,26.68,80692,233740442.94,5.18,2.98,0.8,1.22
2023-06-19,002683,27.76,27.77,28.99,27.61,98307,290801703.87,4.99,0.51,0.14,1.49
2023-06-20,002683,27.83,28.2,28.5,27.77,62763,185643059.82,2.63,1.55,0.43,0.95
2023-06-21,002683,28.15,27.5,28.28,27.48,43251,126216786.36,2.84,-2.48,-0.7,0.66
2023-06-26,002683,27.4,26.5,27.42,26.41,56372,158949122.66,3.67,-3.64,-1.0,0.86
2023-06-27,002683,26.42,27.05,27.28,26.42,43204,122861467.68,3.25,2.08,0.55,0.66
2023-06-28,002683,27.05,27.23,27.35,26.62,47241,134058117.72,2.7,0.67,0.18,0.72
2023-06-29,002683,27.17,27.05,27.33,26.99,31958,91264007.34,1.25,-0.66,-0.18,0.48
2023-06-30,002683,27.03,28.04,28.2,27.02,65337,190535592.32,4.36,3.66,0.99,0.99
2023-07-03,002683,28.26,28.01,28.43,27.9,60422,178509459.78,1.89,-0.11,-0.03,0.92
2023-07-04,002683,27.91,27.8,28.2,27.67,43829,128065958.0,1.89,-0.75,-0.21,0.66
2023-07-05,002683,27.83,28.43,28.68,27.83,75540,225008529.0,3.06,2.27,0.63,1.15
2023-07-06,002683,27.89,27.14,28.16,26.48,122556,350817393.0,5.91,-4.54,-1.29,1.86
2023-07-07,002683,26.89,25.82,27.4,25.71,125260,345087704.86,6.23,-4.86,-1.32,1.9
2023-07-10,002683,26.08,26.26,26.68,25.92,73670,203578633.37,2.94,1.7,0.44,1.12
2023-07-11,002683,26.22,27.01,27.38,26.22,72580,205061335.42,4.42,2.86,0.75,1.1
2023-07-12,002683,27.04,26.45,27.04,26.37,48927,137318541.35,2.48,-2.07,-0.56,0.74
2023-07-13,002683,26.63,26.56,26.78,26.4,35580,99519810.63,1.44,0.42,0.11,0.54
2023-07-14,002683,26.5,26.27,26.67,26.25,36398,101110958.04,1.58,-1.09,-0.29,0.55
2023-07-17,002683,26.21,26.01,26.48,25.93,42615,117045589.0,2.09,-0.99,-0.26,0.65
2023-07-18,002683,26.05,26.17,26.44,25.88,24184,66663496.6,2.15,0.62,0.16,0.37
2023-07-19,002683,26.24,26.04,26.26,25.72,35317,96494828.66,2.06,-0.5,-0.13,0.54
2023-07-20,002683,25.94,25.25,26.2,25.14,70057,188652907.95,4.07,-3.03,-0.79,1.06
2023-07-21,002683,25.24,24.89,25.27,24.66,68459,179921892.2,2.42,-1.43,-0.36,1.04
2023-07-24,002683,24.89,25.07,25.47,24.79,36305,96472938.45,2.73,0.72,0.18,0.55
2023-07-25,002683,25.32,25.25,25.68,25.07,35817,95577807.89,2.43,0.72,0.18,0.54
2023-07-26,002683,25.39,25.04,25.39,24.95,28677,75906695.0,1.74,-0.83,-0.21,0.44
2023-07-27,002683,25.06,24.99,25.25,24.93,27730,73449932.62,1.28,-0.2,-0.05,0.42
2023-07-28,002683,24.9,25.39,25.48,24.8,34610,92163287.1,2.72,1.6,0.4,0.53
2023-07-31,002683,25.41,25.43,25.93,25.31,48715,131345245.36,2.44,0.16,0.04,0.74
2023-08-01,002683,25.66,25.43,25.66,25.25,31337,84063350.72,1.61,0.0,0.0,0.48
2023-08-02,002683,25.43,25.17,25.6,25.06,29190,77740033.0,2.12,-1.02,-0.26,0.44
2023-08-03,002683,25.09,25.06,25.24,24.83,38552,101865708.16,1.63,-0.44,-0.11,0.58
2023-08-04,002683,25.19,24.94,25.64,24.83,57395,152105963.27,3.23,-0.48,-0.12,0.87
2023-08-07,002683,24.91,23.98,25.08,23.6,132139,336749376.88,5.93,-3.85,-0.96,2.0
2023-08-08,002683,23.98,24.0,24.1,23.7,47743,120861566.0,1.67,0.08,0.02,0.72
2023-08-09,002683,23.89,23.77,24.02,23.63,33343,83920730.25,1.63,-0.96,-0.23,0.51
2023-08-10,002683,23.66,23.4,23.96,23.39,42673,106864269.39,2.4,-1.56,-0.37,0.65
2023-08-11,002683,23.49,22.78,23.6,22.6,83982,204521481.95,4.27,-2.65,-0.62,1.27
2023-08-14,002683,22.6,22.05,22.6,21.43,120301,278983286.54,5.14,-3.2,-0.73,1.82
2023-08-15,002683,22.32,22.06,22.4,21.79,49016,114863825.11,2.77,0.05,0.01,0.74
2023-08-16,002683,21.98,21.82,22.09,21.78,31334,73044481.0,1.41,-1.09,-0.24,0.48
2023-08-17,002683,21.77,22.2,22.32,21.4,49329,115433809.52,4.22,1.74,0.38,0.75
2023-08-18,002683,22.24,21.93,22.35,21.93,32461,76412656.88,1.89,-1.22,-0.27,0.49
2023-08-21,002683,22.02,21.4,22.12,21.37,44021,101814349.14,3.42,-2.42,-0.53,0.67
2023-08-22,002683,21.43,21.43,21.59,20.89,60684,137197353.3,3.27,0.14,0.03,0.92
2023-08-23,002683,21.5,20.78,21.5,20.7,46456,103817382.75,3.73,-3.03,-0.65,0.7
2023-08-24,002683,20.86,20.76,21.03,20.36,39614,87705682.05,3.22,-0.1,-0.02,0.6
2023-08-25,002683,20.68,20.69,21.0,20.54,52766,116999012.0,2.22,-0.34,-0.07,0.8
2023-08-28,002683,22.1,20.82,22.21,20.65,83585,189935891.68,7.54,0.63,0.13,1.27
2023-08-29,002683,20.87,21.86,22.02,20.75,81628,186992980.54,6.1,5.0,1.04,1.24
2023-08-30,002683,21.98,21.92,22.28,21.81,59276,138909313.94,2.15,0.27,0.06,0.9
2023-08-31,002683,21.99,22.08,22.25,21.75,46123,108206525.24,2.28,0.73,0.16,0.7
2023-09-01,002683,22.15,21.85,22.24,21.77,40769,94966273.91,2.13,-1.04,-0.23,0.62
2023-09-04,002683,21.95,22.38,22.39,21.95,43539,102923874.02,2.01,2.43,0.53,0.66
2023-09-05,002683,22.38,22.44,22.61,22.15,43079,102467927.91,2.06,0.27,0.06,0.65
2023-09-06,002683,22.55,22.64,22.74,22.3,32607,78157557.0,1.96,0.89,0.2,0.49
2023-09-07,002683,22.63,22.2,22.71,22.12,35231,83647854.42,2.61,-1.94,-0.44,0.53
2023-09-08,002683,22.11,22.05,22.36,22.0,26277,61890624.0,1.62,-0.68,-0.15,0.4
2023-09-11,002683,22.15,22.08,22.37,21.96,35494,83663602.6,1.86,0.14,0.03,0.54
2023-09-12,002683,22.18,22.04,22.19,21.9,23566,55250546.0,1.31,-0.18,-0.04,0.36
2023-09-13,002683,21.95,21.64,22.15,21.49,39774,91734737.9,2.99,-1.81,-0.4,0.6
2023-09-14,002683,21.64,21.54,21.73,21.39,31079,71232670.64,1.57,-0.46,-0.1,0.47
2023-09-15,002683,21.59,21.5,21.86,21.4,25876,59409571.0,2.14,-0.19,-0.04,0.39
2023-09-18,002683,21.43,21.49,21.88,21.27,30605,70280777.82,2.84,-0.05,-0.01,0.46
2023-09-19,002683,21.42,21.34,21.52,21.16,25961,58905766.68,1.68,-0.7,-0.15,0.39
2023-09-20,002683,21.22,21.16,21.44,21.1,27289,61842503.08,1.59,-0.84,-0.18,0.41
2023-09-21,002683,21.11,21.04,21.25,20.94,33183,74571630.33,1.47,-0.57,-0.12,0.5
2023-09-22,002683,20.97,21.17,21.19,20.89,29219,65685332.8,1.43,0.62,0.13,0.44
2023-09-25,002683,21.18,20.95,21.19,20.86,32104,71774553.88,1.56,-1.04,-0.22,0.49
2023-09-26,002683,20.93,20.63,21.03,20.59,29091,64311880.57,2.1,-1.53,-0.32,0.44
2023-09-27,002683,20.54,20.74,21.04,20.46,37830,83663312.52,2.81,0.53,0.11,0.57
2023-09-28,002683,20.85,20.91,20.99,20.62,45349,100902297.65,1.78,0.82,0.17,0.69
2023-10-09,002683,21.22,20.71,21.22,20.42,45991,101357212.75,3.83,-0.96,-0.2,0.7
2023-10-10,002683,20.7,20.6,20.92,20.5,39412,86882696.26,2.03,-0.53,-0.11,0.6
2023-10-11,002683,20.64,20.5,20.82,20.3,36551,80258227.01,2.52,-0.49,-0.1,0.55
2023-10-12,002683,20.6,20.64,20.89,20.35,37223,81951753.54,2.63,0.68,0.14,0.56
2023-10-13,002683,20.64,20.61,20.64,20.32,27987,61325385.62,1.55,-0.15,-0.03,0.42
2023-10-16,002683,20.57,20.26,20.68,20.08,51106,110779514.68,2.91,-1.7,-0.35,0.78
2023-10-17,002683,20.11,20.0,20.36,19.8,55587,118701048.85,2.76,-1.28,-0.26,0.84
2023-10-18,002683,19.86,19.4,20.05,19.4,44141,92757479.0,3.25,-3.0,-0.6,0.67
2023-10-19,002683,19.4,19.33,19.82,19.3,50432,105688813.04,2.68,-0.36,-0.07,0.77
2023-10-20,002683,19.25,19.06,19.48,19.02,48586,100351733.29,2.38,-1.4,-0.27,0.74
2023-10-23,002683,19.15,18.12,19.15,18.04,62608,124487791.24,5.82,-4.93,-0.94,0.95
2023-10-24,002683,18.26,18.73,18.75,18.11,72114,143527705.76,3.53,3.37,0.61,1.09
2023-10-25,002683,18.94,19.2,19.31,18.85,71518,147032740.0,2.46,2.51,0.47,1.08
2023-10-26,002683,19.2,19.5,19.58,18.99,60257,125077408.88,3.07,1.56,0.3,0.91
2023-10-27,002683,19.41,20.15,20.25,19.25,64966,137879909.67,5.13,3.33,0.65,0.99
2023-10-30,002683,20.15,20.1,20.36,19.82,44894,96627679.2,2.68,-0.25,-0.05,0.68
2023-10-31,002683,20.2,20.13,20.46,19.97,33251,71814414.02,2.44,0.15,0.03,0.5
2023-11-01,002683,20.2,20.24,20.35,20.01,36047,77786073.33,1.69,0.55,0.11,0.55
2023-11-02,002683,20.2,20.02,20.3,19.95,36993,79353109.18,1.73,-1.09,-0.22,0.56
2023-11-03,002683,19.98,20.09,20.29,19.85,36453,78509177.0,2.2,0.35,0.07,0.55
2023-11-06,002683,20.29,20.57,20.7,20.25,47128,103293271.72,2.24,2.39,0.48,0.71
2023-11-07,002683,20.59,20.46,20.66,20.28,40464,88627919.05,1.85,-0.53,-0.11,0.61
2023-11-08,002683,20.56,20.46,20.58,20.31,37224,81240987.1,1.32,0.0,0.0,0.56
2023-11-09,002683,20.32,20.45,20.52,20.2,28162,61382501.74,1.56,-0.05,-0.01,0.43
2023-11-10,002683,20.4,20.4,20.49,20.17,31464,68507446.4,1.56,-0.24,-0.05,0.48
2023-11-13,002683,20.43,20.61,20.7,20.31,36919,80779491.39,1.91,1.03,0.21,0.56
2023-11-14,002683,20.66,20.82,20.97,20.62,49777,110484192.23,1.7,1.02,0.21,0.76
2023-11-15,002683,20.82,20.86,21.05,20.73,30806,68624907.0,1.54,0.19,0.04,0.47
2023-11-16,002683,20.9,20.67,20.93,20.61,28497,63123889.1,1.53,-0.91,-0.19,0.43
2023-11-17,002683,20.6,20.81,20.82,20.5,27610,61061937.16,1.55,0.68,0.14,0.42
2023-11-20,002683,20.79,21.01,21.15,20.58,46666,104006805.4,2.74,0.96,0.2,0.71
2023-11-21,002683,21.12,21.0,21.19,20.91,38778,87140678.05,1.33,-0.05,-0.01,0.59
2023-11-22,002683,20.99,20.77,21.08,20.76,28093,62752176.36,1.52,-1.1,-0.23,0.43
2023-11-23,002683,20.73,20.87,20.93,20.66,28246,62655996.92,1.3,0.48,0.1,0.43
2023-11-24,002683,20.87,20.41,20.87,20.31,46026,100797418.16,2.68,-2.2,-0.46,0.7
2023-11-27,002683,20.32,20.18,20.6,19.96,56382,121377375.89,3.14,-1.13,-0.23,0.86
2023-11-28,002683,20.22,20.17,20.39,20.02,37406,80726269.0,1.83,-0.05,-0.01,0.57
2023-11-29,002683,20.35,19.98,20.41,19.95,32603,70048798.84,2.28,-0.94,-0.19,0.49
2023-11-30,002683,19.94,19.63,19.94,19.52,38547,81264015.62,2.1,-1.75,-0.35,0.58
2023-12-01,002683,19.61,19.5,19.87,19.29,50825,106358406.45,2.95,-0.66,-0.13,0.77
2023-12-04,002683,19.63,19.39,19.76,19.37,39331,82073049.0,2.0,-0.56,-0.11,0.6
2023-12-05,002683,19.39,19.04,19.44,18.99,33765,69580909.41,2.32,-1.81,-0.35,0.51
2023-12-06,002683,19.04,19.2,19.33,18.91,34377,70717367.8,2.21,0.84,0.16,0.52
2023-12-07,002683,19.31,18.77,19.31,18.71,58914,119420778.8,3.13,-2.24,-0.43,0.89
2023-12-08,002683,18.77,18.92,18.93,18.46,103999,209331276.45,2.5,0.8,0.15,1.58
2023-12-11,002683,18.68,19.26,19.32,18.5,77650,157836208.06,4.33,1.8,0.34,1.18
2023-12-12,002683,19.27,19.06,19.46,19.05,48118,99122877.24,2.13,-1.04,-0.2,0.73
2023-12-13,002683,19.02,18.84,19.11,18.78,29451,59884341.13,1.73,-1.15,-0.22,0.45
2023-12-14,002683,18.84,18.74,19.08,18.7,31710,64249591.41,2.02,-0.53,-0.1,0.48
2023-12-15,002683,18.81,18.55,18.95,18.48,37184,74445461.38,2.51,-1.01,-0.19,0.56
2023-12-18,002683,18.56,18.1,18.67,18.0,41010,80375863.72,3.61,-2.43,-0.45,0.62
2023-12-19,002683,18.1,17.99,18.19,17.9,30413,59046448.0,1.6,-0.61,-0.11,0.46
2023-12-20,002683,18.07,17.29,18.09,17.27,46286,87716254.8,4.56,-3.89,-0.7,0.7
2023-12-21,002683,17.22,17.75,17.84,17.04,50688,95497062.59,4.63,2.66,0.46,0.77
2023-12-22,002683,17.78,17.82,18.14,17.6,46001,88395716.0,3.04,0.39,0.07,0.7
2023-12-25,002683,17.83,17.89,18.21,17.83,33706,65442312.17,2.13,0.39,0.07,0.51
2023-12-26,002683,17.82,17.8,17.99,17.56,33047,63132116.0,2.4,-0.5,-0.09,0.5
2023-12-27,002683,17.77,17.67,17.78,17.53,29972,57044723.14,1.4,-0.73,-0.13,0.45
2023-12-28,002683,17.7,18.36,18.63,17.6,69072,136295376.5,5.83,3.9,0.69,1.05
2023-12-29,002683,18.32,18.68,18.69,18.23,58802,116971001.4,2.51,1.74,0.32,0.89
2024-01-02,002683,18.71,18.58,18.93,18.54,39410,79017191.0,2.09,-0.54,-0.1,0.6
2024-01-03,002683,18.59,18.31,18.74,18.26,57295,113754443.38,2.58,-1.45,-0.27,0.87
2024-01-04,002683,18.33,18.39,18.52,18.18,35404,69759583.28,1.86,0.44,0.08,0.54
2024-01-05,002683,18.26,17.92,18.49,17.81,40471,78945386.08,3.7,-2.56,-0.47,0.61
2024-01-08,002683,17.92,17.27,18.0,17.23,47099,89051384.42,4.3,-3.63,-0.65,0.71
2024-01-09,002683,17.39,17.0,17.48,16.94,47826,88904384.05,3.13,-1.56,-0.27,0.72
2024-01-10,002683,17.03,16.8,17.24,16.62,45971,84174395.5,3.65,-1.18,-0.2,0.7
2024-01-11,002683,16.83,17.23,17.45,16.7,56540,104744625.31,4.46,2.56,0.43,0.86
2024-01-12,002683,17.2,17.47,17.64,17.11,45223,85324938.61,3.08,1.39,0.24,0.68
2024-01-15,002683,17.47,17.05,17.47,16.98,43102,80100412.0,2.8,-2.4,-0.42,0.65
2024-01-16,002683,17.24,17.04,17.24,16.77,30925,56880361.04,2.76,-0.06,-0.01,0.47
2024-01-17,002683,17.01,16.18,17.09,16.15,47415,85249895.29,5.52,-5.05,-0.86,0.72
2024-01-18,002683,16.01,16.12,16.4,15.55,86251,148973016.16,5.25,-0.37,-0.06,1.31
2024-01-19,002683,16.3,16.67,17.07,16.14,104034,188253432.03,5.77,3.41,0.55,1.58
2024-01-22,002683,16.53,15.27,16.59,15.26,95982,165486965.9,7.98,-8.4,-1.4,1.45
2024-01-23,002683,15.33,15.79,16.03,15.01,75956,129697339.7,6.68,3.41,0.52,1.15
2024-01-24,002683,15.83,16.12,16.2,15.4,78270,135091425.71,5.07,2.09,0.33,1.19
2024-01-25,002683,16.12,16.57,16.72,15.89,67923,120767262.76,5.15,2.79,0.45,1.03
2024-01-26,002683,16.56,16.17,16.66,16.07,56530,100202606.28,3.56,-2.41,-0.4,0.86
2024-01-29,002683,16.31,15.75,16.48,15.63,70456,121849397.39,5.26,-2.6,-0.42,1.07
2024-01-30,002683,15.61,15.12,15.91,15.1,50063,84449130.0,5.14,-4.0,-0.63,0.76
2024-01-31,002683,15.1,14.45,15.3,14.42,75911,122712014.96,5.82,-4.43,-0.67,1.15
2024-02-01,002683,14.3,14.43,14.86,14.08,71901,114295004.77,5.4,-0.14,-0.02,1.09
2024-02-02,002683,14.48,13.8,14.67,13.32,89631,138180843.47,9.36,-4.37,-0.63,1.36
2024-02-05,002683,13.79,12.91,13.9,12.28,140264,202101075.52,11.74,-6.45,-0.89,2.12
2024-02-06,002683,12.99,14.21,14.29,12.7,132750,199008585.06,12.32,10.07,1.3,2.01
2024-02-07,002683,14.44,15.77,15.77,14.31,155461,261101277.47,10.27,10.98,1.56,2.35
2024-02-08,002683,16.28,16.45,17.35,15.8,138948,251171710.02,9.83,4.31,0.68,2.1
2024-02-19,002683,16.45,16.24,16.57,16.01,109414,192258829.31,3.4,-1.28,-0.21,1.66
2024-02-20,002683,16.24,16.42,16.56,15.9,59357,104572981.66,4.06,1.11,0.18,0.9
2024-02-21,002683,16.27,16.32,16.87,16.12,68259,121914332.85,4.57,-0.61,-0.1,1.03
2024-02-22,002683,16.28,16.46,16.55,16.21,57222,101938822.68,2.08,0.86,0.14,0.87
2024-02-23,002683,16.9,16.94,17.03,16.48,86871,157478857.68,3.34,2.92,0.48,1.32
2024-02-26,002683,16.84,16.97,17.24,16.79,76160,139872879.16,2.66,0.18,0.03,1.15
2024-02-27,002683,16.95,17.48,17.49,16.79,66138,123282700.0,4.12,3.01,0.51,1.0
2024-02-28,002683,17.49,17.05,17.98,17.01,100980,191832247.62,5.55,-2.46,-0.43,1.53
2024-02-29,002683,17.05,17.44,17.7,16.98,70351,132142959.74,4.22,2.29,0.39,1.07
2024-03-01,002683,17.52,17.85,17.95,17.31,63754,121677049.96,3.67,2.35,0.41,0.97
2024-03-04,002683,17.79,17.73,18.0,17.49,56013,107104490.96,2.86,-0.67,-0.12,0.85
2024-03-05,002683,17.65,17.8,17.99,17.58,50476,97000535.68,2.31,0.39,0.07,0.76
2024-03-06,002683,17.78,17.93,18.11,17.56,51150,98384797.0,3.09,0.73,0.13,0.77
2024-03-07,002683,17.94,17.45,17.99,17.45,58760,112098430.0,3.01,-2.68,-0.48,0.89
2024-03-08,002683,17.65,17.61,17.67,17.4,40638,77012512.5,1.55,0.92,0.16,0.62
2024-03-11,002683,17.66,17.88,17.89,17.52,45106,86152192.69,2.1,1.53,0.27,0.68
2024-03-12,002683,17.96,17.94,18.1,17.75,35786,69158561.71,1.96,0.34,0.06,0.54
2024-03-13,002683,17.99,18.02,18.18,17.81,42232,81986817.0,2.06,0.45,0.08,0.64
2024-03-14,002683,18.02,18.05,18.16,17.85,39514,76648839.51,1.72,0.17,0.03,0.6
2024-03-15,002683,17.93,18.16,18.2,17.91,35373,68878026.08,1.61,0.61,0.11,0.54
2024-03-18,002683,18.19,19.11,19.16,18.19,87328,176171889.5,5.34,5.23,0.95,1.32
2024-03-19,002683,19.09,19.26,19.93,18.91,82465,172141232.34,5.34,0.78,0.15,1.25
2024-03-20,002683,19.21,19.44,19.44,19.12,39807,82384342.31,1.66,0.93,0.18,0.6
2024-03-21,002683,19.49,19.35,19.57,19.06,49467,102423735.76,2.62,-0.46,-0.09,0.75
2024-03-22,002683,19.39,18.84,19.5,18.73,63104,128779745.3,3.98,-2.64,-0.51,0.96
2024-03-25,002683,18.76,18.49,19.18,18.45,61393,124045163.49,3.87,-1.86,-0.35,0.93
2024-03-26,002683,18.45,18.18,18.6,17.95,73686,144836358.49,3.52,-1.68,-0.31,1.12
2024-03-27,002683,18.14,17.7,18.19,17.69,58312,112526431.07,2.75,-2.64,-0.48,0.88
2024-03-28,002683,17.7,17.97,18.19,17.69,45089,87336628.0,2.82,1.53,0.27,0.68
2024-03-29,002683,17.89,18.22,18.25,17.82,31839,61887585.28,2.39,1.39,0.25,0.48
2024-04-01,002683,18.51,19.18,19.26,18.42,71572,146016644.6,4.61,5.27,0.96,1.08
2024-04-02,002683,19.27,19.72,19.82,19.0,81473,170935165.4,4.28,2.82,0.54,1.23
2024-04-03,002683,19.84,19.85,19.99,19.65,53643,113942914.0,1.72,0.66,0.13,0.81
2024-04-08,002683,20.18,19.78,20.59,19.73,81960,176185484.24,4.33,-0.35,-0.07,1.24
2024-04-09,002683,19.85,20.51,20.64,19.82,94737,206240329.03,4.15,3.69,0.73,1.43
2024-04-10,002683,20.54,20.74,21.03,20.4,91788,203411635.61,3.07,1.12,0.23,1.39
2024-04-11,002683,20.54,20.83,21.29,20.31,76184,169913790.64,4.73,0.43,0.09,1.15
2024-04-12,002683,20.79,21.2,21.5,20.78,68178,154222957.35,3.46,1.78,0.37,1.03
2024-04-15,002683,21.2,21.2,21.53,20.71,73795,166567199.64,3.87,0.0,0.0,1.12
2024-04-16,002683,21.08,20.59,21.45,20.54,92769,207578858.82,4.29,-2.88,-0.61,1.4
2024-04-17,002683,20.57,20.8,20.92,20.43,71517,157810277.52,2.38,1.02,0.21,1.08
2024-04-18,002683,20.7,20.93,21.25,20.66,52645,117695860.0,2.84,0.63,0.13,0.8
2024-04-19,002683,20.89,21.11,21.42,20.78,50272,113416257.0,3.06,0.86,0.18,0.76
2024-04-22,002683,21.21,21.06,21.4,20.83,51720,116749501.02,2.7,-0.24,-0.05,0.78
2024-04-23,002683,21.05,21.01,21.2,20.85,45093,101201088.67,1.66,-0.24,-0.05,0.68
2024-04-24,002683,20.94,20.83,20.98,20.54,59120,130882240.14,2.09,-0.86,-0.18,0.9
2024-04-25,002683,20.37,19.9,20.56,19.84,114762,246568201.24,3.46,-4.46,-0.93,1.74
2024-04-26,002683,19.85,20.04,20.13,19.75,63729,136037097.99,1.91,0.7,0.14,0.97
2024-04-29,002683,20.04,19.88,20.45,19.49,91559,195318735.95,4.79,-0.8,-0.16,1.39
2024-04-30,002683,20.2,19.92,20.34,19.89,52463,112454559.15,2.26,0.2,0.04,0.79
2024-05-06,002683,20.3,20.51,20.55,20.02,76028,165195748.57,2.66,2.96,0.59,1.15
2024-05-07,002683,20.43,20.93,21.1,20.41,86591,192277585.55,3.36,2.05,0.42,1.31
2024-05-08,002683,20.91,20.45,21.07,20.42,63197,139204168.38,3.11,-2.29,-0.48,0.96
2024-05-09,002683,20.51,21.02,21.15,20.5,62924,140344590.42,3.18,2.79,0.57,0.95
2024-05-10,002683,21.16,20.92,21.27,20.46,79824,172759607.06,3.85,-0.48,-0.1,1.21
2024-05-13,002683,20.55,20.79,21.1,20.55,57677,125126284.58,2.63,-0.62,-0.13,0.87
2024-05-14,002683,20.66,22.41,22.64,20.66,175073,398049205.64,9.52,7.79,1.62,2.65
2024-05-15,002683,22.18,22.82,23.04,21.87,173828,404298088.2,5.22,1.83,0.41,2.63
2024-05-16,002683,22.71,21.84,22.85,21.8,125879,289034421.5,4.6,-4.29,-0.98,1.91
2024-05-17,002683,21.89,22.04,22.28,21.66,108437,246979307.83,2.84,0.92,0.2,1.64
2024-05-20,002683,22.06,22.85,23.04,21.81,176624,416210971.31,5.58,3.68,0.81,2.67
2024-05-21,002683,22.75,21.66,22.75,21.14,188308,425802910.17,7.05,-5.21,-1.19,2.85
2024-05-22,002683,21.39,21.34,21.48,21.05,76912,169998425.24,1.99,-1.48,-0.32,1.16
2024-05-23,002683,21.16,20.51,21.39,20.45,100239,215785249.5,4.4,-3.89,-0.83,1.52
2024-05-24,002683,20.51,20.69,21.01,20.46,52304,113243405.4,2.68,0.88,0.18,0.79
2024-05-27,002683,20.69,20.86,21.08,20.55,62830,135702805.1,2.56,0.82,0.17,0.95
2024-05-28,002683,20.75,20.41,20.87,20.26,93572,199880641.03,2.92,-2.16,-0.45,1.42
2024-05-29,002683,20.38,20.81,21.15,20.38,63016,136795614.98,3.77,1.96,0.4,0.95
2024-05-30,002683,20.66,20.91,21.13,20.61,44526,96921337.45,2.5,0.48,0.1,0.67
2024-05-31,002683,20.96,20.89,21.16,20.72,41577,90447996.0,2.1,-0.1,-0.02,0.63
2024-06-03,002683,20.74,20.28,20.86,20.03,97508,206329177.0,3.97,-2.92,-0.61,1.48
2024-06-04,002683,20.12,20.58,20.66,19.93,54706,115431096.0,3.6,1.48,0.3,0.83
2024-06-05,002683,20.57,20.56,20.86,20.37,50541,108651131.15,2.38,-0.1,-0.02,0.77
2024-06-06,002683,20.46,20.05,20.9,19.93,74800,158309227.82,4.72,-2.48,-0.51,1.13
2024-06-07,002683,20.05,19.96,20.57,19.92,39305,82656517.0,3.24,-0.45,-0.09,0.6
2024-06-11,002683,19.86,20.26,20.36,19.68,37800,79175610.52,3.41,1.5,0.3,0.57
2024-06-12,002683,20.21,20.56,20.73,20.18,33154,70798511.0,2.71,1.48,0.3,0.5
2024-06-13,002683,20.53,20.13,20.59,20.01,29564,62287546.0,2.82,-2.09,-0.43,0.45
2024-06-14,002683,19.97,20.18,20.28,19.9,27281,57065929.3,1.89,0.25,0.05,0.41
2024-06-17,002683,20.06,19.78,20.31,19.73,43121,89538828.0,2.87,-1.98,-0.4,0.65
2024-06-18,002683,19.83,20.01,20.07,19.74,28438,59138613.12,1.67,1.16,0.23,0.43
2024-06-19,002683,20.01,19.71,20.06,19.49,42924,88375111.57,2.85,-1.5,-0.3,0.65
2024-06-20,002683,19.67,19.34,19.98,19.29,49980,101598387.88,3.5,-1.88,-0.37,0.76
2024-06-21,002683,19.3,19.46,19.84,19.26,32599,66551816.0,3.0,0.62,0.12,0.49
2024-06-24,002683,19.35,19.11,19.5,18.94,42548,85324812.02,2.88,-1.8,-0.35,0.64
2024-06-25,002683,19.1,18.97,19.33,18.75,42901,85265062.0,3.04,-0.73,-0.14,0.65
2024-06-26,002683,18.92,19.16,19.21,18.68,40829,80861939.17,2.79,1.0,0.19,0.62
2024-06-27,002683,19.17,18.77,19.24,18.72,38230,75278713.0,2.71,-2.04,-0.39,0.58
2024-06-28,002683,18.74,19.29,19.79,18.65,58069,117817932.0,6.07,2.77,0.52,0.88
2024-07-01,002683,19.19,19.71,19.96,19.17,44680,91551183.79,4.1,2.18,0.42,0.68
2024-07-02,002683,19.74,19.62,19.79,19.45,38146,78013386.52,1.73,-0.46,-0.09,0.58
2024-07-03,002683,20.11,19.16,20.54,19.16,54314,110456126.0,7.03,-2.34,-0.46,0.82
2024-07-04,002683,19.16,18.77,19.46,18.72,40817,80874121.3,3.86,-2.04,-0.39,0.62
2024-07-05,002683,18.81,19.01,19.12,18.63,29399,57903206.75,2.61,1.28,0.24,0.45
2024-07-08,002683,18.88,18.24,18.99,18.16,46903,90271778.0,4.37,-4.05,-0.77,0.71
2024-07-09,002683,18.16,18.34,18.65,17.95,35551,68452110.17,3.84,0.55,0.1,0.54
2024-07-10,002683,18.34,18.49,19.0,18.32,33748,66054346.0,3.71,0.82,0.15,0.51
2024-07-11,002683,18.84,18.8,19.09,18.67,29148,57486482.96,2.27,1.68,0.31,0.44
2024-07-12,002683,18.76,18.57,18.76,18.47,24958,48410745.5,1.54,-1.22,-0.23,0.38
2024-07-15,002683,18.51,18.46,18.62,18.3,27263,52479330.0,1.72,-0.59,-0.11,0.41
2024-07-16,002683,18.52,18.5,18.58,18.33,20177,38897844.31,1.35,0.22,0.04,0.31
2024-07-17,002683,18.51,18.28,18.66,18.09,25158,48133794.0,3.08,-1.19,-0.22,0.38
2024-07-18,002683,18.24,18.51,18.56,17.98,30607,58513555.22,3.17,1.26,0.23,0.46
2024-07-19,002683,18.44,18.46,18.58,18.25,25922,49948740.92,1.78,-0.27,-0.05,0.39
2024-07-22,002683,18.46,18.32,18.53,18.12,26898,51363976.79,2.22,-0.76,-0.14,0.41
2024-07-23,002683,18.3,17.64,18.3,17.64,37927,70970665.0,3.6,-3.71,-0.68,0.57
2024-07-24,002683,17.61,17.5,17.79,17.42,26663,49132190.0,2.1,-0.79,-0.14,0.4
2024-07-25,002683,17.44,17.49,17.72,17.26,22165,40564493.0,2.63,-0.06,-0.01,0.34
2024-07-26,002683,17.5,17.91,17.99,17.48,28648,53501302.97,2.92,2.4,0.42,0.43
2024-07-29,002683,17.96,17.6,17.96,17.56,17959,33222124.4,2.23,-1.73,-0.31,0.27
2024-07-30,002683,17.51,17.57,17.71,17.33,16069,29517443.69,2.16,-0.17,-0.03,0.24
2024-07-31,002683,17.62,18.38,18.45,17.47,37339,70780011.0,5.58,4.61,0.81,0.57
2024-08-01,002683,18.42,18.07,18.61,17.93,33451,63584867.92,3.7,-1.69,-0.31,0.51
2024-08-02,002683,18.01,17.84,18.13,17.78,20337,38196582.0,1.94,-1.27,-0.23,0.31
2024-08-05,002683,17.74,17.77,18.26,17.57,40084,75059050.8,3.87,-0.39,-0.07,0.61
2024-08-06,002683,17.77,17.96,18.22,17.71,32377,60823680.63,2.87,1.07,0.19,0.49
2024-08-07,002683,18.14,18.92,19.21,17.78,102728,201463145.97,7.96,5.35,0.96,1.56
2024-08-08,002683,18.77,18.28,18.78,18.1,59785,114561954.57,3.59,-3.38,-0.64,0.91
2024-08-09,002683,18.24,17.89,18.38,17.86,35205,66622952.0,2.84,-2.13,-0.39,0.53
2024-08-12,002683,18.4,18.09,18.46,17.96,29502,55970725.45,2.79,1.12,0.2,0.45
2024-08-13,002683,18.0,18.28,18.6,17.8,37344,71057703.44,4.42,1.05,0.19,0.57
2024-08-14,002683,18.28,18.03,18.71,17.99,42390,81353420.28,3.94,-1.37,-0.25,0.64
2024-08-15,002683,17.78,17.87,18.1,17.58,45819,85428687.16,2.88,-0.89,-0.16,0.69
2024-08-16,002683,17.86,17.74,17.86,17.64,31956,59364677.5,1.23,-0.73,-0.13,0.48
2024-08-19,002683,17.78,17.97,18.14,17.67,32446,60816544.75,2.65,1.3,0.23,0.49
2024-08-20,002683,17.93,17.35,17.96,17.24,37845,69361513.5,4.01,-3.45,-0.62,0.57
2024-08-21,002683,17.27,17.25,17.39,17.11,20677,37362363.72,1.61,-0.58,-0.1,0.31
2024-08-22,002683,17.21,16.98,17.35,16.92,21869,39096000.0,2.49,-1.57,-0.27,0.33
2024-08-23,002683,16.96,17.04,17.27,16.82,16373,29186864.0,2.65,0.35,0.06,0.25
2024-08-26,002683,17.39,18.37,18.72,17.39,143025,273929197.0,7.81,7.81,1.33,2.17
2024-08-27,002683,18.37,18.29,18.69,18.21,55221,106252150.82,2.61,-0.44,-0.08,0.84
2024-08-28,002683,18.3,18.88,18.95,18.29,55140,107948145.13,3.61,3.23,0.59,0.83
2024-08-29,002683,18.68,19.04,19.26,18.68,40623,80639334.0,3.07,0.85,0.16,0.62
2024-08-30,002683,19.03,18.87,19.23,18.85,51788,103092033.82,2.0,-0.89,-0.17,0.78
2024-09-02,002683,18.91,18.92,19.15,18.8,62847,124801992.89,1.85,0.26,0.05,0.95
2024-09-03,002683,18.92,19.15,19.32,18.92,30936,61850986.0,2.11,1.22,0.23,0.47
2024-09-04,002683,19.07,19.11,19.36,18.98,34881,69876977.0,1.98,-0.21,-0.04,0.53
2024-09-05,002683,19.12,19.19,19.41,19.12,42098,84640961.0,1.52,0.42,0.08,0.64
2024-09-06,002683,19.28,19.13,19.41,19.06,33168,66584273.72,1.82,-0.31,-0.06,0.5
2024-09-09,002683,18.99,18.97,19.26,18.86,38892,77425219.0,2.09,-0.84,-0.16,0.59
2024-09-10,002683,18.93,19.14,19.28,18.72,49111,97049061.58,2.95,0.9,0.17,0.74
2024-09-11,002683,19.34,19.4,19.58,19.05,38492,77919072.12,2.77,1.36,0.26,0.58
2024-09-12,002683,19.46,19.28,19.76,19.28,32377,65779265.45,2.47,-0.62,-0.12,0.49
2024-09-13,002683,19.42,19.06,19.51,19.06,28046,56451403.02,2.33,-1.14,-0.22,0.42
2024-09-18,002683,19.11,19.41,19.45,18.94,44207,88836057.94,2.68,1.84,0.35,0.67
2024-09-19,002683,19.43,19.87,20.13,19.3,53575,110465724.44,4.28,2.37,0.46,0.81
2024-09-20,002683,19.82,19.77,19.84,19.54,28552,58621072.77,1.51,-0.5,-0.1,0.43
2024-09-23,002683,19.87,19.51,19.87,19.46,34876,71276581.0,2.07,-1.32,-0.26,0.53
2024-09-24,002683,19.51,20.08,20.1,19.47,53265,110317772.5,3.23,2.92,0.57,0.81
2024-09-25,002683,20.07,19.89,20.45,19.83,51463,108134009.4,3.09,-0.95,-0.19,0.78
2024-09-26,002683,19.89,20.39,20.39,19.75,57414,119253902.03,3.22,2.51,0.5,0.87
2024-09-27,002683,21.03,21.31,21.69,20.8,87009,190438510.98,4.36,4.51,0.92,1.32
2024-09-30,002683,22.11,23.46,23.48,22.11,132974,313016550.02,6.43,10.09,2.15,2.01
2024-10-08,002683,25.87,24.67,25.87,23.47,190802,485316658.33,10.23,5.16,1.21,2.89
2024-10-09,002683,24.31,23.53,24.64,23.18,146498,360023674.92,5.92,-4.62,-1.14,2.22
2024-10-10,002683,23.46,23.69,24.31,23.16,111406,271873162.61,4.89,0.68,0.16,1.69
2024-10-11,002683,23.66,22.84,23.8,22.61,66620,158455855.88,5.02,-3.59,-0.85,1.01
2024-10-14,002683,22.96,23.5,23.6,22.59,73548,174963293.74,4.42,2.89,0.66,1.11
2024-10-15,002683,23.34,23.16,23.78,23.07,67794,162775039.38,3.02,-1.45,-0.34,1.03
2024-10-16,002683,23.01,23.64,24.02,22.86,86298,208451018.42,5.01,2.07,0.48,1.31
2024-10-17,002683,23.72,23.31,24.13,23.3,71960,175140343.64,3.51,-1.4,-0.33,1.09
2024-10-18,002683,23.35,24.25,24.77,23.16,105480,260286820.81,6.91,4.03,0.94,1.6
2024-10-21,002683,24.47,24.66,25.23,23.87,118908,300070636.6,5.61,1.69,0.41,1.8
2024-10-22,002683,24.39,24.47,25.24,24.28,57132,143524644.0,3.89,-0.77,-0.19,0.87
2024-10-23,002683,24.46,24.83,25.08,24.37,66364,168954720.73,2.9,1.47,0.36,1.0
2024-10-24,002683,24.51,24.72,25.06,24.06,68629,172054950.64,4.03,-0.44,-0.11,1.04
2024-10-25,002683,24.69,24.56,24.88,24.36,64040,161142323.8,2.1,-0.65,-0.16,0.97
2024-10-28,002683,24.58,25.56,25.78,24.4,135884,351647568.94,5.62,4.07,1.0,2.06
2024-10-29,002683,25.92,25.45,27.01,25.28,142894,382624659.33,6.77,-0.43,-0.11,2.16
2024-10-30,002683,25.28,25.15,25.94,24.93,82708,214103628.53,3.97,-1.18,-0.3,1.25
2024-10-31,002683,25.16,24.54,25.24,24.13,119183,300175175.46,4.41,-2.43,-0.61,1.8
2024-11-01,002683,24.48,24.27,24.94,24.23,71195,179173625.1,2.89,-1.1,-0.27,1.08
2024-11-04,002683,24.22,24.26,24.51,23.88,67616,167547662.0,2.6,-0.04,-0.01,1.02
2024-11-05,002683,24.35,25.38,25.42,24.28,119793,307642910.8,4.7,4.62,1.12,1.81
2024-11-06,002683,25.48,27.36,27.95,25.48,285624,790564685.07,9.73,7.8,1.98,4.33
2024-11-07,002683,27.37,28.09,28.49,27.08,201163,577129130.42,5.15,2.67,0.73,3.05
2024-11-08,002683,28.12,28.16,28.51,27.68,139667,400740043.98,2.95,0.25,0.07,2.11
2024-11-11,002683,28.66,29.87,30.24,28.36,177515,535438230.02,6.68,6.07,1.71,2.69
2024-11-12,002683,30.29,28.84,30.46,28.52,142021,427930625.84,6.49,-3.45,-1.03,2.15
2024-11-13,002683,28.77,28.87,28.95,27.9,137530,398694527.0,3.64,0.1,0.03,2.08
2024-11-14,002683,28.72,28.77,29.22,28.37,85284,250678629.29,2.94,-0.35,-0.1,1.29
2024-11-15,002683,28.56,28.47,29.01,28.36,111606,327243485.38,2.26,-1.04,-0.3,1.69
2024-11-18,002683,28.29,28.25,29.21,27.67,120589,350742268.66,5.41,-0.77,-0.22,1.83
2024-11-19,002683,27.94,27.86,28.94,27.04,100156,284266305.46,6.73,-1.38,-0.39,1.52
2024-11-20,002683,27.72,28.02,28.05,27.57,68205,194168918.86,1.72,0.57,0.16,1.03
2024-11-21,002683,27.76,27.56,28.24,27.37,72436,205549998.61,3.1,-1.64,-0.46,1.1
2024-11-22,002683,27.3,26.4,27.44,26.38,82265,226558293.56,3.85,-4.21,-1.16,1.25
2024-11-25,002683,26.48,27.14,27.19,25.87,96340,263464288.14,5.0,2.8,0.74,1.46
2024-11-26,002683,27.15,26.87,27.41,26.78,49707,137851523.67,2.32,-0.99,-0.27,0.75
2024-11-27,002683,26.86,27.58,27.6,26.22,59808,165053815.7,5.14,2.64,0.71,0.91
2024-11-28,002683,27.79,26.92,27.79,26.82,46133,128305015.0,3.52,-2.39,-0.66,0.7
2024-11-29,002683,26.76,27.14,27.48,26.58,59430,164973193.68,3.34,0.82,0.22,0.9
2024-12-02,002683,26.97,26.82,27.13,26.66,59520,163807964.85,1.73,-1.18,-0.32,0.9
2024-12-03,002683,26.91,26.94,27.24,26.49,53555,147186760.9,2.8,0.45,0.12,0.81
2024-12-04,002683,26.97,26.67,26.97,26.28,46132,125646584.9,2.56,-1.0,-0.27,0.7
2024-12-05,002683,26.46,26.63,26.78,26.46,34389,93669323.87,1.2,-0.15,-0.04,0.52
2024-12-06,002683,26.67,28.36,28.41,26.67,138288,392646053.77,6.53,6.5,1.73,2.09
2024-12-09,002683,28.08,27.63,28.4,27.36,100938,287650999.5,3.67,-2.57,-0.73,1.53
2024-12-10,002683,28.39,28.1,28.52,27.64,73358,211094810.28,3.18,1.7,0.47,1.11
2024-12-11,002683,27.82,27.4,28.21,27.19,64671,182361301.48,3.63,-2.49,-0.7,0.98
2024-12-12,002683,27.4,28.03,28.54,27.34,77548,223426939.75,4.38,2.3,0.63,1.17
2024-12-13,002683,28.26,27.61,28.31,27.27,73892,208925651.48,3.71,-1.5,-0.42,1.12
2024-12-16,002683,27.52,27.33,27.96,27.15,48490,135808594.8,2.93,-1.01,-0.28,0.73
2024-12-17,002683,27.2,26.99,27.58,26.69,44187,122392092.68,3.26,-1.24,-0.34,0.67
2024-12-18,002683,26.99,26.75,27.26,26.69,47064,129735892.48,2.11,-0.89,-0.24,0.71
2024-12-19,002683,26.54,27.11,27.23,26.36,31661,87071433.35,3.25,1.35,0.36,0.48
2024-12-20,002683,26.96,27.11,27.34,26.93,27594,76607902.58,1.51,0.0,0.0,0.42
2024-12-23,002683,27.21,26.96,27.48,26.77,39571,109675966.6,2.62,-0.55,-0.15,0.6
2024-12-24,002683,26.96,26.99,27.45,26.56,47864,131987401.93,3.3,0.11,0.03,0.72
2024-12-25,002683,27.5,26.76,27.5,26.62,37369,103287327.79,3.26,-0.85,-0.23,0.57
2024-12-26,002683,26.75,26.73,26.93,26.46,30585,83651602.32,1.76,-0.11,-0.03,0.46
2024-12-27,002683,26.81,27.03,27.54,26.6,41228,114655643.0,3.52,1.12,0.3,0.62
2024-12-30,002683,27.01,26.64,27.11,26.53,45230,123929263.0,2.15,-1.44,-0.39,0.68
2024-12-31,002683,26.74,25.84,26.78,25.78,58458,156825855.0,3.75,-3.0,-0.8,0.9
2025-01-02,002683,26.11,25.08,26.11,24.84,62876,163577225.8,4.91,-2.94,-0.76,0.97
2025-01-03,002683,25.18,24.84,25.71,24.76,59330,153369303.52,3.79,-0.96,-0.24,0.91
2025-01-06,002683,24.78,24.93,25.45,24.54,39028,99771931.1,3.66,0.36,0.09,0.6
2025-01-07,002683,24.84,25.01,25.23,24.63,26289,67374911.8,2.41,0.32,0.08,0.4
2025-01-08,002683,24.88,25.09,25.41,24.16,53966,137069034.14,5.0,0.32,0.08,0.83
2025-01-09,002683,24.85,25.06,25.39,24.78,25031,64518376.9,2.43,-0.12,-0.03,0.38
2025-01-10,002683,25.04,25.17,25.66,24.83,42604,111000761.09,3.31,0.44,0.11,0.65
2025-01-13,002683,24.92,25.02,25.42,24.84,30449,78346509.0,2.3,-0.6,-0.15,0.47
2025-01-14,002683,25.09,25.41,25.71,24.72,47431,123345644.95,3.96,1.56,0.39,0.73
2025-01-15,002683,25.47,25.0,25.6,24.79,47103,121165584.17,3.19,-1.61,-0.41,0.72
2025-01-16,002683,25.01,24.83,25.35,24.74,31628,81154774.0,2.44,-0.68,-0.17,0.49
2025-01-17,002683,24.67,25.3,25.55,24.56,30458,78606980.43,3.99,1.89,0.47,0.47
2025-01-20,002683,25.62,25.33,26.02,25.26,39404,103346592.0,3.0,0.12,0.03,0.61
2025-01-21,002683,25.41,26.67,27.11,25.36,88799,240631447.76,6.91,5.29,1.34,1.36
2025-01-22,002683,26.51,25.68,26.78,25.55,55751,147988138.76,4.61,-3.71,-0.99,0.86
2025-01-23,002683,25.96,25.54,26.3,25.22,60744,159702654.86,4.21,-0.55,-0.14,0.93
2025-01-24,002683,25.66,25.92,26.48,25.54,54724,146623259.56,3.68,1.49,0.38,0.84
2025-01-27,002683,25.98,25.74,26.4,25.69,36969,98539381.0,2.74,-0.69,-0.18,0.57
2025-02-05,002683,25.66,25.5,26.04,25.16,47928,125737996.0,3.42,-0.93,-0.24,0.74
2025-02-06,002683,25.17,25.29,25.69,25.17,62721,163021957.09,2.04,-0.82,-0.21,0.96
2025-02-07,002683,25.31,25.55,25.93,25.15,51336,134684707.0,3.08,1.03,0.26,0.79
2025-02-10,002683,25.61,25.34,25.66,25.14,58207,151181325.1,2.04,-0.82,-0.21,0.89
2025-02-11,002683,25.36,24.64,25.61,24.55,74030,188478932.53,4.18,-2.76,-0.7,1.14
2025-02-12,002683,24.58,24.45,24.75,24.16,71816,179671829.5,2.39,-0.77,-0.19,1.1
2025-02-13,002683,24.45,24.14,24.71,24.06,74353,185256903.75,2.66,-1.27,-0.31,1.14
2025-02-14,002683,24.1,24.64,24.78,23.88,77391,193512732.96,3.73,2.07,0.5,1.19
2025-02-17,002683,24.65,24.61,24.78,24.22,53678,134855660.27,2.27,-0.12,-0.03,0.82
2025-02-18,002683,24.59,24.53,25.32,24.26,68798,175304256.81,4.31,-0.33,-0.08,1.06
2025-02-19,002683,24.46,24.41,24.66,24.26,68474,171875427.06,1.63,-0.49,-0.12,1.05
2025-02-20,002683,24.41,24.86,25.1,24.17,71380,181284861.9,3.81,1.84,0.45,1.1
2025-02-21,002683,24.89,24.15,24.91,23.99,93633,233454652.53,3.7,-2.86,-0.71,1.44
2025-02-24,002683,24.08,24.11,24.38,23.96,58026,143623149.0,1.74,-0.17,-0.04,0.89
2025-02-25,002683,23.88,23.73,24.09,23.65,41601,101850672.22,1.82,-1.58,-0.38,0.64
2025-02-26,002683,23.8,24.41,24.41,23.8,74209,184684256.56,2.57,2.87,0.68,1.14
2025-02-27,002683,24.54,26.05,26.15,24.52,170667,451299711.24,6.68,6.72,1.64,2.62
2025-02-28,002683,26.05,25.91,26.99,25.72,152627,411214429.7,4.88,-0.54,-0.14,2.34
2025-03-03,002683,26.66,26.88,27.36,26.43,159396,439789406.63,3.59,3.74,0.97,2.45
2025-03-04,002683,26.4,27.71,27.93,26.4,142950,402717583.7,5.69,3.09,0.83,2.2
2025-03-05,002683,27.66,28.19,28.34,27.56,116805,334383892.03,2.81,1.73,0.48,1.79
2025-03-06,002683,28.2,28.25,28.46,27.69,139192,400334539.12,2.73,0.21,0.06,2.14
2025-03-07,002683,28.23,29.37,29.66,28.02,146922,437215301.12,5.81,3.96,1.12,2.26
2025-03-10,002683,29.89,28.62,30.11,28.47,118462,350820053.49,5.58,-2.55,-0.75,1.82
2025-03-11,002683,28.37,29.52,29.58,28.28,120566,358120351.78,4.54,3.14,0.9,1.85
2025-03-12,002683,29.52,30.63,30.96,29.52,153958,476514024.3,4.88,3.76,1.11,2.36
2025-03-13,002683,30.25,29.87,30.51,29.18,121185,367775251.41,4.34,-2.48,-0.76,1.86
2025-03-14,002683,29.74,29.82,30.05,29.11,82351,249872784.55,3.15,-0.17,-0.05,1.26
2025-03-17,002683,29.75,29.58,29.8,29.2,55998,168940864.73,2.01,-0.8,-0.24,0.86
2025-03-18,002683,30.02,29.87,30.71,29.67,84644,261105340.38,3.52,0.98,0.29,1.3
2025-03-19,002683,29.69,29.79,30.02,29.3,43366,131291325.58,2.41,-0.27,-0.08,0.67
2025-03-20,002683,29.79,29.49,30.01,29.37,37659,114084406.07,2.15,-1.01,-0.3,0.58
2025-03-21,002683,29.26,28.78,29.59,28.63,62112,183808029.0,3.26,-2.41,-0.71,0.95
2025-03-24,002683,28.73,28.77,29.24,28.45,46263,136394578.5,2.74,-0.03,-0.01,0.71
2025-03-25,002683,28.87,28.84,29.24,28.72,37249,110261323.27,1.81,0.24,0.07,0.57
2025-03-26,002683,28.82,28.52,28.99,28.33,40067,116737550.5,2.29,-1.11,-0.32,0.62
2025-03-27,002683,28.42,29.73,30.09,28.42,93914,283677010.61,5.86,4.24,1.21,1.44
2025-03-28,002683,29.65,29.21,29.73,28.96,63132,188821862.56,2.59,-1.75,-0.52,0.97
2025-03-31,002683,29.21,28.99,29.47,28.66,71600,212361275.67,2.77,-0.75,-0.22,1.1
2025-04-01,002683,29.12,28.89,29.25,28.71,40617,120434111.72,1.86,-0.34,-0.1,0.62
2025-04-02,002683,28.89,28.97,29.51,28.68,48141,143017938.05,2.87,0.28,0.08,0.74
2025-04-03,002683,28.94,28.48,29.2,28.42,39225,114876596.0,2.69,-1.69,-0.49,0.6
2025-04-07,002683,26.03,26.47,28.02,25.68,130223,358004550.55,8.22,-7.06,-2.01,2.0
2025-04-08,002683,26.97,26.81,27.64,26.26,112858,309213475.65,5.21,1.28,0.34,1.73
2025-04-09,002683,26.38,28.07,28.42,25.88,123899,349184902.02,9.47,4.7,1.26,1.9
2025-04-10,002683,28.23,28.08,29.0,27.86,114712,331827868.5,4.06,0.04,0.01,1.76
2025-04-11,002683,27.89,28.97,29.32,27.81,79627,235846340.66,5.38,3.17,0.89,1.22
2025-04-14,002683,29.07,28.66,29.18,28.46,69925,205652137.84,2.49,-1.07,-0.31,1.07
2025-04-15,002683,28.66,28.99,29.16,28.15,59081,173881992.94,3.52,1.15,0.33,0.91
2025-04-16,002683,28.91,29.45,29.51,28.71,69622,208126743.72,2.76,1.59,0.46,1.07
2025-04-17,002683,29.35,28.62,29.44,28.57,50713,150066592.0,2.95,-2.82,-0.83,0.78
2025-04-18,002683,28.6,28.76,29.03,28.47,31311,92239535.0,1.96,0.49,0.14,0.48
2025-04-21,002683,28.76,31.22,31.31,28.57,146159,455722475.18,9.53,8.55,2.46,2.24
2025-04-22,002683,31.2,30.97,31.84,30.89,87760,280101211.61,3.04,-0.8,-0.25,1.35
2025-04-23,002683,30.98,30.17,31.11,30.04,72103,223187747.0,3.45,-2.58,-0.8,1.11
2025-04-24,002683,30.19,31.36,31.92,30.17,120447,385376090.08,5.8,3.94,1.19,1.85
2025-04-25,002683,31.36,30.56,31.36,30.46,64487,202203091.49,2.87,-2.55,-0.8,0.99
2025-04-28,002683,30.11,30.05,30.46,29.64,61358,188461960.65,2.68,-1.67,-0.51,0.94
2025-04-29,002683,30.32,30.49,31.06,29.83,98699,307140657.06,4.09,1.46,0.44,1.52
2025-04-30,002683,30.33,29.91,30.66,29.91,51971,160046757.9,2.46,-1.9,-0.58,0.8
2025-05-06,002683,29.97,29.92,30.41,29.71,68680,209895736.28,2.34,0.03,0.01,1.05
2025-05-07,002683,30.18,32.11,32.98,30.0,240021,779676120.83,9.96,7.32,2.19,3.69
2025-05-08,002683,31.29,31.38,31.44,30.24,224156,703704585.12,3.74,-2.27,-0.73,3.44
2025-05-09,002683,30.96,29.14,30.96,29.03,165264,500263823.06,6.15,-7.14,-2.24,2.54
2025-05-12,002683,30.22,30.82,31.32,29.76,222243,697268958.24,5.35,5.77,1.68,3.41
2025-05-13,002683,30.59,29.94,30.59,29.76,101595,312455902.02,2.69,-2.86,-0.88,1.56
2025-05-14,002683,29.81,30.06,30.46,29.69,77991,239670343.6,2.57,0.4,0.12,1.2
2025-05-15,002683,30.06,29.56,30.07,29.45,51476,155998605.26,2.06,-1.66,-0.5,0.79
2025-05-16,002683,29.46,29.49,29.92,29.31,53150,160759651.0,2.06,-0.24,-0.07,0.82
2025-05-19,002683,29.43,30.06,30.23,29.32,62008,188761190.82,3.09,1.93,0.57,0.95
2025-05-20,002683,30.26,30.83,31.13,30.07,89262,280301780.26,3.53,2.56,0.77,1.37
2025-05-21,002683,30.88,31.28,31.36,30.51,80295,253571937.95,2.76,1.46,0.45,1.23
2025-05-22,002683,31.14,30.83,31.45,30.56,74316,234575238.77,2.85,-1.44,-0.45,1.14
2025-05-23,002683,31.03,30.09,31.03,30.09,49753,154762176.5,3.05,-2.4,-0.74,0.76
2025-05-26,002683,30.05,30.16,30.35,29.91,33044,100160202.0,1.46,0.23,0.07,0.51
2025-05-27,002683,30.16,29.47,30.2,29.36,49699,147922455.87,2.79,-2.29,-0.69,0.76
2025-05-28,002683,29.65,30.54,30.91,29.22,77342,235783593.52,5.73,3.63,1.07,1.19
2025-05-29,002683,30.46,30.6,30.78,29.98,50336,154457996.62,2.62,0.2,0.06,0.77
2025-05-30,002683,30.45,30.34,30.9,30.24,39008,119604874.1,2.16,-0.85,-0.26,0.6
2025-06-03,002683,30.04,30.79,31.08,29.68,53290,164711561.59,4.61,1.48,0.45,0.82
2025-06-04,002683,30.67,31.56,31.56,30.61,68461,215394352.86,3.09,2.5,0.77,1.05
2025-06-05,002683,31.4,31.12,31.56,31.0,34634,108792772.32,1.77,-1.39,-0.44,0.53
2025-06-06,002683,31.18,31.72,32.55,31.18,83503,268246163.09,4.4,1.93,0.6,1.28
2025-06-09,002683,31.82,32.53,33.32,31.82,114898,380337648.17,4.73,2.55,0.81,1.76
2025-06-10,002683,32.52,32.74,33.53,32.41,101656,337086068.06,3.44,0.65,0.21,1.56
2025-06-11,002683,32.69,32.83,33.09,32.15,90466,296295119.78,2.87,0.27,0.09,1.39
2025-06-12,002683,32.92,32.99,33.16,32.3,62523,206920162.76,2.62,0.49,0.16,0.96
2025-06-13,002683,33.16,33.62,34.6,33.16,127814,435433471.09,4.36,1.91,0.63,1.96
2025-06-16,002683,33.8,33.2,33.93,32.9,78308,262769841.08,3.06,-1.25,-0.42,1.2
2025-06-17,002683,33.2,32.67,33.3,32.6,59970,198002503.0,2.11,-1.6,-0.53,0.92
2025-06-18,002683,32.68,32.65,33.18,32.52,41606,137095662.68,2.02,-0.06,-0.02,0.64
2025-06-19,002683,32.64,32.23,32.98,32.01,57113,185519724.72,2.97,-1.29,-0.42,0.88
2025-06-20,002683,32.09,32.36,32.55,31.93,38366,124713427.88,1.92,0.4,0.13,0.59
2025-06-23,002683,32.4,32.38,33.16,32.1,51519,168864848.0,3.28,0.06,0.02,0.79
2025-06-24,002683,32.25,32.47,32.76,31.95,72839,236667498.48,2.5,0.28,0.09,1.12
2025-06-25,002683,32.42,33.05,33.4,32.31,78144,260065800.39,3.36,1.79,0.58,1.2
2025-06-26,002683,33.06,33.69,34.29,32.95,109237,371851520.2,4.05,1.94,0.64,1.68
2025-06-27,002683,33.51,33.67,33.9,33.46,60109,203720266.0,1.31,-0.06,-0.02,0.92
2025-06-30,002683,33.66,33.74,34.15,33.18,92314,312669206.11,2.88,0.21,0.07,1.4
2025-07-01,002683,33.61,33.52,34.14,33.19,95512,324051620.67,2.82,-0.65,-0.22,1.45
2025-07-02,002683,33.33,33.19,33.93,32.95,73428,246422809.16,2.92,-0.98,-0.33,1.11
2025-07-03,002683,33.12,32.97,33.34,32.74,51614,171671505.44,1.81,-0.66,-0.22,0.78
2025-07-04,002683,32.9,32.58,33.0,32.24,70598,231482433.0,2.31,-1.18,-0.39,1.07
2025-07-07,002683,32.77,33.42,34.48,32.72,190310,648557826.88,5.4,2.58,0.84,2.88
2025-07-08,002683,33.35,35.71,35.9,33.33,272159,961577877.98,7.69,6.85,2.29,4.12
2025-07-09,002683,35.75,37.09,38.0,35.51,318787,1183782986.27,6.97,3.86,1.38,4.83
2025-07-10,002683,37.09,37.46,37.52,36.5,135327,503216067.3,2.75,1.0,0.37,2.05
2025-07-11,002683,37.3,38.05,38.06,36.9,144163,545114755.15,3.1,1.58,0.59,2.18
2025-07-14,002683,37.93,37.42,38.8,37.3,152599,583642427.58,3.94,-1.66,-0.63,2.31
2025-07-15,002683,37.35,36.23,37.8,35.8,187528,692444611.71,5.34,-3.18,-1.19,2.84
2025-07-16,002683,36.07,36.08,36.38,35.82,84153,305334880.25,1.55,-0.41,-0.15,1.27
2025-07-17,002683,36.08,36.93,37.1,35.9,119883,440546525.38,3.33,2.36,0.85,1.82
2025-07-18,002683,36.93,37.42,37.57,36.7,100823,376703082.4,2.36,1.33,0.49,1.53
2025-07-21,002683,39.03,39.6,39.78,37.8,396131,1558818302.61,5.29,5.83,2.18,6.0
2025-07-22,002683,40.3,39.82,40.79,38.3,375390,1488732473.02,6.29,0.56,0.22,5.68
2025-07-23,002683,39.5,37.27,39.5,36.91,253720,967879478.92,6.5,-6.4,-2.55,3.84
2025-07-24,002683,36.87,36.54,37.12,36.24,183274,673733864.95,2.36,-1.96,-0.73,2.78
2025-07-25,002683,36.52,37.24,37.25,36.25,129561,477996491.28,2.74,1.92,0.7,1.96
2025-07-28,002683,37.2,36.55,37.47,36.4,119546,442645626.4,2.87,-1.85,-0.69,1.81
2025-07-29,002683,36.55,37.2,37.32,35.92,122509,450135819.54,3.83,1.78,0.65,1.86
2025-07-30,002683,37.2,35.88,37.94,35.6,132432,483084060.22,6.29,-3.55,-1.32,2.01
2025-07-31,002683,35.7,36.4,37.66,35.4,115741,425547310.95,6.3,1.45,0.52,1.75
2025-08-01,002683,36.2,35.19,36.4,35.01,122526,436785213.69,3.82,-3.32,-1.21,1.86
2025-08-04,002683,34.9,35.37,35.65,34.66,94806,336211279.09,2.81,0.51,0.18,1.44
2025-08-05,002683,35.38,36.35,36.37,35.22,103510,375629612.34,3.25,2.77,0.98,1.57
2025-08-06,002683,36.39,37.85,38.02,36.17,161306,603894397.67,5.09,4.13,1.5,2.44
2025-08-07,002683,37.62,36.99,37.64,36.49,119705,442965828.67,3.04,-2.27,-0.86,1.81
2025-08-08,002683,36.85,37.55,37.84,36.57,110657,414881981.58,3.43,1.51,0.56,1.68
2025-08-11,002683,36.7,36.59,37.37,35.2,194212,709129208.08,5.78,-2.56,-0.96,2.94
2025-08-12,002683,36.59,34.79,36.95,34.61,238354,847178365.06,6.4,-4.92,-1.8,3.61
2025-08-13,002683,34.75,35.1,35.45,34.75,139925,494493701.79,2.01,0.89,0.31,2.12
2025-08-14,002683,35.1,33.76,35.19,33.71,172385,594036593.84,4.22,-3.82,-1.34,2.61
2025-08-15,002683,33.64,34.54,34.58,33.55,97448,335957631.03,3.05,2.31,0.78,1.48
2025-08-18,002683,34.54,34.28,34.98,34.08,160018,556366111.42,2.61,-0.75,-0.26,2.42
2025-08-19,002683,34.28,33.64,34.35,33.13,145203,491783642.65,3.56,-1.87,-0.64,2.2
2025-08-20,002683,33.5,33.93,34.47,33.45,127133,435041095.29,3.03,0.86,0.29,1.93
2025-08-21,002683,33.85,34.18,34.44,33.8,110426,379604580.68,1.89,0.74,0.25,1.67
2025-08-22,002683,34.4,35.3,35.4,34.3,217827,768865592.74,3.22,3.28,1.12,3.3
2025-08-25,002683,35.3,34.72,35.49,34.5,192809,674827652.8,2.8,-1.64,-0.58,2.92
2025-08-26,002683,34.71,34.39,35.1,34.21,133508,463268568.64,2.56,-0.95,-0.33,2.02
2025-08-27,002683,34.3,34.12,35.19,34.11,124684,434918576.03,3.14,-0.79,-0.27,1.89
2025-08-28,002683,34.1,33.4,34.46,32.6,164811,553754892.9,5.45,-2.11,-0.72,2.5
2025-08-29,002683,33.4,34.0,34.29,33.2,130133,443792921.0,3.26,1.8,0.6,1.97
2025-09-01,002683,33.99,33.86,34.77,33.65,185804,638891731.64,3.29,-0.41,-0.14,2.81
2025-09-02,002683,33.86,33.06,34.39,32.65,134097,448189541.17,5.14,-2.36,-0.8,2.03
2025-09-03,002683,32.84,32.74,33.97,32.6,123491,414414599.6,4.14,-0.97,-0.32,1.87
2025-09-04,002683,32.62,32.7,33.26,32.22,95309,314702198.52,3.18,-0.12,-0.04,1.44
2025-09-05,002683,32.66,32.97,33.1,32.51,85378,282145081.94,1.8,0.83,0.27,1.29
2025-09-08,002683,33.11,34.33,34.88,33.11,191573,661961915.17,5.37,4.12,1.36,2.9
2025-09-09,002683,36.29,35.1,36.99,34.79,227611,814775739.98,6.41,2.24,0.77,3.45
2025-09-10,002683,34.6,34.16,34.99,34.04,105256,363812503.92,2.71,-2.68,-0.94,1.59
2025-09-11,002683,34.13,35.99,36.13,33.87,172926,613053590.1,6.62,5.36,1.83,2.62
2025-09-12,002683,36.0,36.3,37.0,35.61,153808,564333551.56,3.86,0.86,0.31,2.33
2025-09-15,002683,36.3,36.97,37.27,36.16,132267,490171082.87,3.06,1.85,0.67,2.0
2025-09-16,002683,37.0,37.26,37.55,36.91,110964,415820469.39,1.73,0.78,0.29,1.68
2025-09-17,002683,37.2,40.78,41.01,36.8,382016,1523731372.88,11.3,9.45,3.52,5.78
2025-09-18,002683,40.28,41.44,43.19,40.28,346425,1454139304.37,7.14,1.62,0.66,5.25
2025-09-19,002683,41.74,44.67,45.58,41.74,302050,1354941601.85,9.27,7.79,3.23,4.57
2025-09-22,002683,44.45,44.8,45.4,43.8,222563,997066780.76,3.58,0.29,0.13,3.37
2025-09-23,002683,44.82,44.24,45.28,43.25,173375,764593050.36,4.53,-1.25,-0.56,2.63
2025-09-24,002683,44.03,44.06,44.4,42.89,122475,534803508.85,3.41,-0.41,-0.18,1.85
2025-09-25,002683,43.96,44.7,45.11,43.61,119808,532666023.17,3.4,1.45,0.64,1.81
2025-09-26,002683,45.04,43.88,45.78,43.67,88719,392976663.66,4.72,-1.83,-0.82,1.34
2025-09-29,002683,43.67,42.66,43.67,42.27,127562,545196668.05,3.19,-2.78,-1.22,1.93
2025-09-30,002683,42.66,44.1,44.48,42.13,146574,636066873.94,5.51,3.38,1.44,2.22
2025-10-09,002683,43.55,43.31,44.07,42.7,135117,585395511.18,3.11,-1.79,-0.79,2.05
2025-10-10,002683,43.37,44.14,44.98,43.3,143565,635703055.23,3.88,1.92,0.83,2.17
2025-10-13,002683,42.69,43.97,44.23,42.65,99459,433809393.02,3.58,-0.39,-0.17,1.51
2025-10-14,002683,44.67,41.84,44.77,41.61,117907,503851548.97,7.19,-4.84,-2.13,1.79
2025-10-15,002683,41.84,41.25,42.2,41.0,94649,391712197.93,2.87,-1.41,-0.59,1.43
2025-10-16,002683,41.25,39.98,41.39,39.5,104423,421541585.72,4.58,-3.08,-1.27,1.58
2025-10-17,002683,39.9,38.75,40.18,38.48,116087,454232537.0,4.25,-3.08,-1.23,1.76
2025-10-20,002683,39.0,38.7,39.54,38.18,95449,371410620.67,3.51,-0.13,-0.05,1.45
2025-10-21,002683,38.77,40.06,40.32,38.72,60018,239045949.85,4.13,3.51,1.36,0.91
2025-10-22,002683,40.01,37.72,40.01,37.5,142472,546614595.94,6.27,-5.72,-2.29,2.16
2025-10-23,002683,37.8,38.12,38.73,37.56,137017,522030763.66,3.09,0.66,0.25,2.07
2025-10-24,002683,37.9,39.94,40.32,37.81,237214,936150557.66,6.58,4.77,1.82,3.59
2025-10-27,002683,40.06,39.03,40.52,38.72,116673,457942631.35,4.51,-2.28,-0.91,1.77
2025-10-28,002683,38.93,39.83,40.12,38.81,135586,537291262.26,3.35,1.84,0.72,2.05
2025-10-29,002683,39.97,42.52,43.05,39.45,216926,903528470.89,9.04,6.75,2.69,3.28
2025-10-30,002683,42.41,41.55,42.6,41.41,134453,563842997.94,2.8,-2.4,-1.02,2.04
