日期,股票代码,开盘,收盘,最高,最低,成交量,成交额,振幅,涨跌幅,涨跌额,换手率
2017-07-05,300671,5.36,5.97,5.97,5.36,33,38055.0,15.25,49.25,1.97,0.01
2017-07-06,300671,6.61,6.61,6.61,6.61,19,23939.0,0.0,10.72,0.64,0.01
2017-07-07,300671,7.32,7.32,7.32,7.32,36,50904.0,0.0,10.74,0.71,0.01
2017-07-10,300671,8.09,8.09,8.09,8.09,235,366155.0,0.0,10.52,0.77,0.09
2017-07-11,300671,8.95,8.95,8.95,8.95,82,140746.0,0.0,10.63,0.86,0.03
2017-07-12,300671,9.89,9.89,9.89,9.89,128,241479.0,0.0,10.5,0.94,0.05
2017-07-13,300671,10.92,10.92,10.92,10.92,316,654140.0,0.0,10.41,1.03,0.12
2017-07-14,300671,12.06,12.06,12.06,12.06,650,1480869.0,0.0,10.44,1.14,0.26
2017-07-17,300671,13.31,13.31,13.31,13.31,7982,19995962.0,0.0,10.36,1.25,3.15
2017-07-18,300671,13.83,14.69,14.69,13.73,165980,440523008.0,7.21,10.37,1.38,65.48
2017-07-19,300671,13.31,13.7,13.9,13.17,131174,330940304.0,4.97,-6.74,-0.99,51.75
2017-07-20,300671,13.44,13.97,14.86,13.29,122443,325069728.0,11.46,1.97,0.27,48.3
2017-07-21,300671,13.11,12.74,13.28,12.61,100418,244109875.0,4.8,-8.8,-1.23,39.61
2017-07-24,300671,12.25,12.89,13.11,12.1,75038,178016488.0,7.93,1.18,0.15,29.6
2017-07-25,300671,12.67,12.75,13.13,12.56,56365,135998304.0,4.42,-1.09,-0.14,22.23
2017-07-26,300671,12.71,13.51,13.7,12.55,92600,229679847.0,9.02,5.96,0.76,36.53
2017-07-27,300671,13.29,14.91,14.91,13.28,104529,280657584.0,12.07,10.36,1.4,41.23
2017-07-28,300671,15.48,15.15,16.01,14.91,137745,398686224.0,7.38,1.61,0.24,54.34
2017-07-31,300671,14.87,14.71,15.13,14.33,85697,236620648.0,5.28,-2.9,-0.44,33.81
2017-08-01,300671,14.71,13.97,15.09,13.32,93667,247244470.0,12.03,-5.03,-0.74,36.95
2017-08-02,300671,13.99,13.7,14.0,13.41,60858,156412079.0,4.22,-1.93,-0.27,24.01
2017-08-03,300671,13.66,13.93,14.65,13.51,82487,218162030.0,8.32,1.68,0.23,32.54
2017-08-04,300671,13.95,13.13,14.05,13.12,65911,166525822.0,6.68,-5.74,-0.8,26.0
2017-08-07,300671,13.21,13.1,13.55,13.03,35754,89324273.0,3.96,-0.23,-0.03,14.1
2017-08-08,300671,12.98,13.52,13.63,12.56,62985,155642957.0,8.17,3.21,0.42,24.85
2017-08-09,300671,13.34,13.0,13.5,12.82,45001,111259067.0,5.03,-3.85,-0.52,17.75
2017-08-10,300671,12.85,12.5,12.95,12.45,39596,94458478.0,3.85,-3.85,-0.5,15.62
2017-08-11,300671,12.25,12.28,12.71,12.21,30450,71252647.0,4.0,-1.76,-0.22,12.01
2017-08-14,300671,12.23,12.64,12.87,12.21,32397,77054543.0,5.37,2.93,0.36,12.78
2017-08-15,300671,12.64,13.2,13.27,12.64,49514,120533600.0,4.98,4.43,0.56,19.53
2017-08-16,300671,13.28,13.54,14.04,13.03,73804,188348453.0,7.65,2.58,0.34,29.11
2017-08-17,300671,13.47,13.49,13.72,13.12,49822,126023957.0,4.43,-0.37,-0.05,19.65
2017-08-18,300671,13.2,13.28,13.52,13.11,34697,86735318.0,3.04,-1.56,-0.21,13.69
2017-08-21,300671,13.28,14.65,14.65,13.28,56692,151069479.0,10.32,10.32,1.37,22.36
2017-08-22,300671,15.1,15.17,15.73,14.66,123816,351574688.0,7.3,3.55,0.52,48.84
2017-08-23,300671,14.95,16.73,16.73,14.5,104597,305233360.0,14.7,10.28,1.56,41.26
2017-08-24,300671,17.13,15.95,18.05,15.81,153944,492106736.0,13.39,-4.66,-0.78,60.73
2017-08-25,300671,15.54,16.79,17.4,15.54,117909,359870064.0,11.66,5.27,0.84,46.51
2017-08-28,300671,16.64,17.62,17.94,16.13,114486,365638576.0,10.78,4.94,0.83,45.16
2017-08-29,300671,17.27,16.31,18.12,16.21,124703,402876256.0,10.84,-7.43,-1.31,49.19
2017-08-30,300671,15.8,15.47,16.42,15.07,84154,248032137.0,8.28,-5.15,-0.84,33.2
2017-08-31,300671,15.7,16.58,16.64,15.6,75385,228608101.0,6.72,7.18,1.11,29.74
2017-09-01,300671,16.58,16.78,17.1,16.08,76431,238175658.0,6.15,1.21,0.2,30.15
2017-09-04,300671,16.37,17.02,17.86,15.9,93882,299099008.0,11.68,1.43,0.24,37.03
2017-09-05,300671,16.89,18.77,18.77,16.47,125136,425384560.0,13.51,10.28,1.75,49.36
2017-09-06,300671,19.05,20.03,20.16,18.44,146261,526236512.0,9.16,6.71,1.26,57.7
2017-09-07,300671,19.14,18.62,19.66,18.5,105625,377670496.0,5.79,-7.04,-1.41,41.67
2017-09-08,300671,18.45,18.33,18.55,17.84,67419,228734063.0,3.81,-1.56,-0.29,26.6
2017-09-11,300671,18.43,19.09,19.15,18.01,62139,218213279.0,6.22,4.15,0.76,24.51
2017-09-12,300671,18.83,18.79,19.48,18.05,73078,253976141.0,7.49,-1.57,-0.3,28.83
2017-09-13,300671,18.26,18.42,18.75,18.24,34187,117843513.0,2.71,-1.97,-0.37,13.49
2017-09-14,300671,18.37,18.01,18.94,17.95,47391,163655234.0,5.37,-2.23,-0.41,18.69
2017-09-15,300671,17.84,17.71,18.32,17.49,35625,118921623.0,4.61,-1.67,-0.3,14.05
2017-09-18,300671,17.61,18.61,18.61,17.46,54453,186121970.0,6.49,5.08,0.9,21.48
2017-09-19,300671,18.78,18.73,19.6,18.45,80381,285453360.0,6.18,0.64,0.12,31.71
2017-09-20,300671,18.27,20.14,20.65,17.49,106986,385428112.0,16.87,7.53,1.41,42.2
2017-09-21,300671,20.25,20.54,21.15,19.66,111989,425654352.0,7.4,1.99,0.4,44.18
2017-09-22,300671,19.93,20.95,21.83,19.34,104659,403908400.0,12.12,2.0,0.41,41.29
2017-09-25,300671,20.43,19.95,21.66,19.91,74536,287244080.0,8.35,-4.77,-1.0,29.4
2017-09-26,300671,19.76,18.51,19.91,17.91,71717,251489387.0,10.03,-7.22,-1.44,28.29
2017-09-27,300671,18.42,19.11,19.59,18.29,50894,180532799.0,7.02,3.24,0.6,20.08
2017-09-28,300671,19.08,20.46,21.03,18.89,78109,292421504.0,11.2,7.06,1.35,30.81
2017-09-29,300671,20.59,20.47,20.71,19.77,56172,211900874.0,4.59,0.05,0.01,22.16
2017-10-09,300671,20.92,20.44,21.22,20.15,58419,225330965.0,5.23,-0.15,-0.03,23.05
2017-10-10,300671,20.25,21.14,21.17,20.21,60799,234687023.0,4.7,3.42,0.7,23.98
2017-10-11,300671,20.95,20.21,21.8,20.21,82496,323595280.0,7.52,-4.4,-0.93,32.54
2017-10-12,300671,19.63,20.15,20.72,19.49,45541,169646960.0,6.09,-0.3,-0.06,17.96
2017-10-13,300671,20.34,19.98,20.34,19.71,27085,100953744.0,3.13,-0.84,-0.17,10.68
2017-10-16,300671,19.88,18.62,20.12,18.62,40244,143706786.0,7.51,-6.81,-1.36,15.88
2017-10-17,300671,18.71,18.7,18.99,18.56,21749,75989599.0,2.31,0.43,0.08,8.58
2017-10-18,300671,18.79,18.73,19.69,18.4,34428,122962540.0,6.9,0.16,0.03,13.58
2017-10-19,300671,18.55,18.22,18.78,17.89,28688,97054674.0,4.75,-2.72,-0.51,11.32
2017-10-20,300671,18.16,18.7,18.7,17.97,18129,62098730.0,4.01,2.63,0.48,7.15
2017-10-23,300671,18.7,18.94,19.15,18.68,20479,72060315.0,2.51,1.28,0.24,8.08
2017-10-24,300671,18.78,18.39,18.89,18.09,21929,75236012.0,4.22,-2.9,-0.55,8.65
2017-10-25,300671,18.34,18.67,18.71,18.24,17716,61316559.0,2.56,1.52,0.28,6.99
2017-10-26,300671,18.61,19.12,19.48,18.56,33030,117891932.0,4.93,2.41,0.45,13.03
2017-10-27,300671,18.97,20.4,20.76,18.95,61212,227605593.0,9.47,6.69,1.28,24.15
2017-10-30,300671,20.1,20.41,20.98,19.38,58060,219527619.0,7.84,0.05,0.01,22.9
2017-10-31,300671,20.32,21.08,21.09,19.44,55694,213121261.0,8.08,3.28,0.67,21.97
2017-11-01,300671,20.84,21.65,22.58,20.71,80704,326932896.0,8.87,2.7,0.57,31.84
2017-11-02,300671,21.2,20.58,22.02,20.58,60288,238465235.0,6.65,-4.94,-1.07,23.78
2017-11-03,300671,20.48,20.98,21.47,20.42,53724,209611942.0,5.1,1.94,0.4,21.19
2017-11-06,300671,21.46,21.26,22.26,20.93,50024,199693726.0,6.34,1.33,0.28,19.73
2017-11-07,300671,21.08,22.85,23.05,20.58,79115,319712080.0,11.62,7.48,1.59,31.21
2017-11-08,300671,22.42,22.17,22.89,22.08,59279,247453171.0,3.54,-2.98,-0.68,23.38
2017-11-09,300671,21.93,23.01,23.16,21.87,58175,244533787.0,5.82,3.79,0.84,22.95
2017-11-10,300671,22.69,23.01,24.46,22.63,74291,324549072.0,7.95,0.0,0.0,29.31
2017-11-13,300671,23.01,24.66,24.66,22.72,62155,274247024.0,8.43,7.17,1.65,24.52
2017-11-14,300671,24.41,25.15,26.78,24.28,90569,424122768.0,10.14,1.99,0.49,35.73
2017-11-15,300671,24.52,24.1,25.09,23.21,58492,263517641.0,7.48,-4.17,-1.05,23.07
2017-11-16,300671,23.79,24.8,25.2,23.29,48571,217933363.0,7.93,2.9,0.7,19.16
2017-11-17,300671,24.38,24.09,26.06,23.54,66198,306877568.0,10.16,-2.86,-0.71,26.11
2017-11-20,300671,22.99,25.75,26.15,21.8,58091,262198723.0,18.06,6.89,1.66,22.92
2017-11-21,300671,25.87,26.59,26.94,25.39,62277,302696832.0,6.02,3.26,0.84,24.57
2017-11-22,300671,26.32,26.42,27.5,25.1,62228,305110928.0,9.03,-0.64,-0.17,24.55
2017-11-23,300671,26.18,24.27,26.18,24.27,39717,187284550.0,7.23,-8.14,-2.15,15.67
2017-11-24,300671,24.05,22.81,25.28,22.79,43418,193563776.0,10.26,-6.02,-1.46,17.13
2017-11-27,300671,22.86,22.31,23.4,21.86,32500,135517002.0,6.75,-2.19,-0.5,12.82
2017-11-28,300671,22.23,23.54,23.6,21.83,39409,166732035.0,7.93,5.51,1.23,15.55
2017-11-29,300671,23.26,21.69,23.58,21.15,46485,192208782.0,10.32,-7.86,-1.85,18.34
2017-11-30,300671,21.3,21.78,22.43,21.25,29031,117850192.0,5.44,0.41,0.09,11.45
2017-12-01,300671,21.62,22.37,22.62,21.31,32603,134452281.0,6.01,2.71,0.59,12.86
2017-12-04,300671,22.07,20.27,22.24,20.2,35775,141122896.0,9.12,-9.39,-2.1,14.11
2017-12-05,300671,20.2,19.99,21.03,19.22,31547,118537919.0,8.93,-1.38,-0.28,12.44
2017-12-06,300671,19.82,20.75,20.92,19.82,27058,102860321.0,5.5,3.8,0.76,10.67
2017-12-07,300671,20.5,20.79,21.1,20.24,26956,103829912.0,4.14,0.19,0.04,10.63
2017-12-08,300671,20.7,21.99,22.92,20.54,41008,168514568.0,11.45,5.77,1.2,16.18
2017-12-11,300671,21.52,22.13,22.26,21.43,28424,115579301.0,3.77,0.64,0.14,11.21
2017-12-12,300671,21.86,21.87,22.54,21.7,24774,101691055.0,3.8,-1.17,-0.26,9.77
2017-12-13,300671,21.91,22.25,22.27,21.86,18532,76107078.0,1.87,1.74,0.38,7.31
2017-12-14,300671,22.25,23.16,23.59,22.12,44585,189206095.0,6.61,4.09,0.91,17.59
2017-12-15,300671,23.06,22.44,23.28,22.08,31259,131807544.0,5.18,-3.11,-0.72,12.33
2017-12-18,300671,22.22,21.0,22.35,20.76,22997,90727253.0,7.09,-6.42,-1.44,9.07
2017-12-19,300671,21.05,21.31,21.89,21.05,16921,67587369.0,4.0,1.48,0.31,6.68
2017-12-20,300671,21.21,21.03,21.53,20.7,18214,71496790.0,3.89,-1.31,-0.28,7.19
2017-12-21,300671,20.81,21.47,21.67,20.81,17146,68228624.0,4.09,2.09,0.44,6.76
2017-12-22,300671,21.36,21.22,21.68,20.86,15800,62697321.0,3.82,-1.16,-0.25,6.23
2017-12-25,300671,20.95,20.51,21.2,20.2,17092,65544921.0,4.71,-3.35,-0.71,6.74
2017-12-26,300671,20.69,21.76,22.23,20.25,27575,109499486.0,9.65,6.09,1.25,10.88
2017-12-27,300671,21.77,21.55,22.07,21.39,22742,91755450.0,3.13,-0.97,-0.21,8.97
2017-12-28,300671,21.3,21.4,22.18,21.3,19056,76813678.0,4.08,-0.7,-0.15,7.52
2017-12-29,300671,21.8,21.75,22.06,21.42,17278,69855878.0,2.99,1.64,0.35,6.82
2018-01-02,300671,21.53,21.74,21.86,20.25,19064,75301722.0,7.4,-0.05,-0.01,7.52
2018-01-03,300671,21.72,21.47,21.8,21.2,13865,55376779.0,2.76,-1.24,-0.27,5.47
2018-01-04,300671,21.28,21.63,22.08,21.27,22850,92121361.0,3.77,0.75,0.16,9.01
2018-01-05,300671,21.64,20.76,21.77,20.76,18712,73262369.0,4.67,-4.02,-0.87,7.38
2018-01-08,300671,20.79,20.89,21.19,20.35,12307,47472137.0,4.05,0.63,0.13,4.85
2018-01-09,300671,20.97,20.54,21.14,20.5,9924,38213207.0,3.06,-1.68,-0.35,3.91
2018-01-10,300671,20.43,19.85,20.89,19.74,14853,55930061.0,5.6,-3.36,-0.69,5.86
2018-01-11,300671,19.89,20.2,20.48,19.33,13635,51163211.0,5.79,1.76,0.35,5.38
2018-01-12,300671,20.1,19.48,20.26,19.36,12550,46160768.0,4.46,-3.56,-0.72,4.95
2018-01-15,300671,19.42,18.08,19.55,17.73,14035,48167565.0,9.34,-7.19,-1.4,5.54
2018-01-16,300671,18.01,18.19,18.48,18.01,9420,32088668.0,2.6,0.61,0.11,3.72
2018-01-17,300671,18.09,18.68,18.93,17.79,11984,41450810.0,6.27,2.69,0.49,4.73
2018-01-18,300671,18.46,18.7,18.9,18.46,9200,32028185.0,2.36,0.11,0.02,3.63
2018-01-19,300671,18.71,18.43,18.97,18.4,9662,33652294.0,3.05,-1.44,-0.27,3.81
2018-01-22,300671,18.48,18.59,18.87,17.76,11982,41026599.0,6.02,0.87,0.16,4.73
2018-01-23,300671,18.7,18.32,18.7,18.22,8405,28855380.0,2.58,-1.45,-0.27,3.32
2018-01-24,300671,18.32,18.78,18.99,18.08,14100,49024882.0,4.97,2.51,0.46,5.56
2018-01-25,300671,18.72,18.49,19.05,18.46,11466,40142381.0,3.14,-1.54,-0.29,4.52
2018-01-26,300671,18.31,18.17,18.59,18.09,8632,29479155.0,2.7,-1.73,-0.32,3.41
2018-01-29,300671,18.23,17.5,18.44,17.49,8778,29221859.0,5.23,-3.69,-0.67,3.46
2018-01-30,300671,17.45,17.6,17.84,17.45,5631,18547010.0,2.23,0.57,0.1,2.22
2018-01-31,300671,17.4,16.31,17.57,16.23,11522,36052817.0,7.61,-7.33,-1.29,4.55
2018-02-01,300671,16.3,16.22,16.64,15.97,8068,24559240.0,4.11,-0.55,-0.09,3.18
2018-02-02,300671,15.93,15.48,16.11,14.77,8353,24453940.0,8.26,-4.56,-0.74,3.3
2018-02-05,300671,15.09,15.4,15.7,15.09,8068,23321111.0,3.94,-0.52,-0.08,3.18
2018-02-06,300671,15.1,13.82,15.23,13.82,11690,31492008.0,9.16,-10.26,-1.58,4.61
2018-02-07,300671,14.2,14.28,14.77,13.7,12937,34709786.0,7.74,3.33,0.46,5.1
2018-02-08,300671,14.33,15.4,15.64,13.93,15615,44217658.0,11.97,7.84,1.12,6.16
2018-02-09,300671,14.77,15.27,15.87,14.67,15491,44278081.0,7.79,-0.84,-0.13,6.11
2018-02-12,300671,15.42,15.62,15.87,15.16,12756,37231545.0,4.65,2.29,0.35,5.03
2018-02-13,300671,15.6,15.15,15.7,15.01,11055,31785698.0,4.42,-3.01,-0.47,4.36
2018-02-14,300671,15.01,14.85,15.31,14.7,6192,17386655.0,4.03,-1.98,-0.3,2.44
2018-02-22,300671,15.01,15.48,15.79,15.01,8721,25299469.0,5.25,4.24,0.63,3.44
2018-02-23,300671,15.43,15.57,15.71,15.32,7625,22154569.0,2.52,0.58,0.09,3.01
2018-02-26,300671,16.03,17.17,17.17,15.76,18901,58462759.0,9.06,10.28,1.6,7.46
2018-02-27,300671,18.23,18.11,18.78,17.89,34325,116744552.0,5.18,5.47,0.94,13.54
2018-02-28,300671,18.09,18.07,18.39,17.58,23312,78710494.0,4.47,-0.22,-0.04,9.2
2018-03-01,300671,17.68,19.12,19.82,17.68,37142,130199075.0,11.84,5.81,1.05,14.65
2018-03-02,300671,18.81,18.68,19.08,18.45,21452,75019756.0,3.29,-2.3,-0.44,8.46
2018-03-05,300671,18.67,19.3,19.48,18.67,20933,74509517.0,4.34,3.32,0.62,8.26
2018-03-06,300671,19.17,19.25,20.12,19.17,28217,102968151.0,4.92,-0.26,-0.05,11.13
2018-03-07,300671,19.35,19.33,19.87,19.2,16176,58705909.0,3.48,0.42,0.08,6.38
2018-03-08,300671,19.27,19.17,19.43,19.06,12243,43781228.0,1.91,-0.83,-0.16,4.83
2018-03-09,300671,19.17,19.9,20.21,19.07,20255,74918291.0,5.95,3.81,0.73,7.99
2018-03-12,300671,20.05,20.79,21.52,19.9,30095,116066454.0,8.14,4.47,0.89,11.87
2018-03-13,300671,20.78,20.1,20.79,20.08,16714,63149022.0,3.42,-3.32,-0.69,6.59
2018-03-14,300671,19.82,19.8,20.29,19.74,13930,51961463.0,2.74,-1.49,-0.3,5.5
2018-03-15,300671,19.65,20.06,20.29,19.11,15980,58762307.0,5.96,1.31,0.26,6.3
2018-03-16,300671,19.83,19.72,20.04,19.64,9332,34492587.0,1.99,-1.69,-0.34,3.68
2018-03-19,300671,19.74,20.22,20.7,19.74,16434,62183980.0,4.87,2.54,0.5,6.48
2018-03-20,300671,20.04,20.6,20.62,19.84,13156,49868206.0,3.86,1.88,0.38,5.19
2018-03-21,300671,20.65,19.89,20.92,19.88,13875,52753313.0,5.05,-3.45,-0.71,5.47
2018-03-22,300671,19.71,19.88,20.18,19.44,14240,52633043.0,3.72,-0.05,-0.01,5.62
2018-03-23,300671,18.82,18.33,19.82,17.95,16184,57220714.0,9.41,-7.8,-1.55,6.38
2018-03-26,300671,17.92,19.88,20.01,17.92,19037,68465446.0,11.4,8.46,1.55,7.51
2018-03-27,300671,19.91,20.47,20.81,19.91,22754,86310934.0,4.53,2.97,0.59,8.98
2018-03-28,300671,20.17,21.11,21.24,20.04,29390,113641730.0,5.86,3.13,0.64,11.59
2018-03-29,300671,21.29,20.91,22.34,20.81,25046,99895685.0,7.25,-0.95,-0.2,9.88
2018-03-30,300671,20.84,22.2,22.21,20.84,30672,124019475.0,6.55,6.17,1.29,12.1
2018-04-02,300671,22.34,22.68,23.94,22.34,37437,160452159.0,7.21,2.16,0.48,14.77
2018-04-03,300671,21.86,22.53,23.06,21.79,24899,103458399.0,5.6,-0.66,-0.15,9.82
2018-04-04,300671,22.62,22.9,24.26,22.09,36435,156800292.0,9.63,1.64,0.37,14.37
2018-04-09,300671,22.72,22.59,23.44,21.86,25951,109679427.0,6.9,-1.35,-0.31,10.24
2018-04-10,300671,23.41,23.5,24.68,22.9,48847,214203017.0,7.88,4.03,0.91,19.27
2018-04-11,300671,23.67,25.9,25.9,23.61,91136,430687376.0,9.74,10.21,2.4,35.95
2018-04-12,300671,24.83,23.89,25.04,23.26,63564,287882096.0,6.87,-7.76,-2.01,25.07
2018-04-13,300671,24.21,24.28,24.64,23.42,37927,169287778.0,5.11,1.63,0.39,14.96
2018-04-16,300671,24.27,24.77,24.88,23.9,32677,148350146.0,4.04,2.02,0.49,12.89
2018-04-17,300671,24.83,23.12,25.41,22.95,42334,189988584.0,9.93,-6.66,-1.65,16.7
2018-04-18,300671,23.67,24.79,25.37,23.19,50354,225979274.0,9.43,7.22,1.67,19.86
2018-04-19,300671,24.77,24.63,25.86,24.38,43313,201514368.0,5.97,-0.65,-0.16,17.09
2018-04-20,300671,24.63,25.16,25.64,24.38,48282,225448813.0,5.12,2.15,0.53,19.05
2018-04-23,300671,25.26,23.94,25.26,23.07,34438,153957910.0,8.7,-4.85,-1.22,13.58
2018-04-24,300671,24.22,26.38,26.38,23.48,55441,260194492.0,12.11,10.19,2.44,21.87
2018-04-25,300671,26.01,26.2,26.58,25.47,43029,207498306.0,4.21,-0.68,-0.18,16.97
2018-04-26,300671,25.95,25.8,27.29,25.78,46091,225981421.0,5.76,-1.53,-0.4,18.18
2018-04-27,300671,26.15,24.97,26.28,24.06,33508,154993268.0,8.6,-3.22,-0.83,13.22
2018-05-02,300671,24.98,24.33,25.17,23.77,26524,119526891.0,5.61,-2.56,-0.64,10.46
2018-05-03,300671,24.06,24.71,24.96,23.09,28522,126276648.0,7.69,1.56,0.38,11.25
2018-05-04,300671,24.41,24.27,25.24,24.05,23059,105048905.0,4.82,-1.78,-0.44,9.1
2018-05-07,300671,24.18,24.33,24.65,23.84,22770,102599390.0,3.34,0.25,0.06,8.98
2018-05-08,300671,24.3,23.93,24.48,23.66,19336,85878825.0,3.37,-1.64,-0.4,7.63
2018-05-09,300671,23.81,24.08,24.62,23.81,20416,91757326.0,3.38,0.63,0.15,8.05
2018-05-10,300671,24.0,23.66,24.01,23.18,18397,80463643.0,3.45,-1.74,-0.42,7.26
2018-05-11,300671,23.62,23.2,23.92,23.09,13540,59199633.0,3.51,-1.94,-0.46,5.34
2018-05-14,300671,23.15,22.56,23.44,22.08,20995,88430810.0,5.86,-2.76,-0.64,8.28
2018-05-15,300671,22.43,23.17,23.18,22.4,13493,57136765.0,3.46,2.7,0.61,5.32
2018-05-16,300671,23.04,23.01,23.32,22.73,10837,46290425.0,2.55,-0.69,-0.16,4.27
2018-05-17,300671,22.84,22.72,23.2,22.49,13728,58065500.0,3.09,-1.26,-0.29,5.42
2018-05-18,300671,22.55,22.56,22.87,21.97,12583,52291866.0,3.96,-0.7,-0.16,4.96
2018-05-21,300671,22.6,23.66,23.82,22.6,24913,108248413.0,5.41,4.88,1.1,9.83
2018-05-22,300671,23.45,23.93,24.05,23.2,21025,92270050.0,3.59,1.14,0.27,8.29
2018-05-23,300671,23.77,23.99,24.52,23.7,23029,102808123.0,3.43,0.25,0.06,9.08
2018-05-24,300671,23.94,23.28,24.09,23.27,16320,71678868.0,3.42,-2.96,-0.71,6.44
2018-05-25,300671,23.25,22.42,23.44,22.38,18008,75935250.0,4.55,-3.69,-0.86,7.1
2018-05-28,300671,22.38,21.36,22.54,21.34,17867,72259022.0,5.35,-4.73,-1.06,7.05
2018-05-29,300671,21.51,21.36,21.83,21.09,12453,49771634.0,3.46,0.0,0.0,4.91
2018-05-30,300671,21.0,20.39,21.79,19.77,17006,66419423.0,9.46,-4.54,-0.97,6.71
2018-05-31,300671,20.63,20.39,20.94,20.04,11671,44458583.0,4.41,0.0,0.0,4.6
2018-06-01,300671,19.98,19.37,20.65,18.89,15072,55148875.0,8.63,-5.0,-1.02,5.95
2018-06-04,300671,19.56,19.97,20.25,19.05,12373,45745342.0,6.2,3.1,0.6,4.88
2018-06-05,300671,19.99,20.6,20.64,19.9,13676,51679832.0,3.71,3.15,0.63,5.39
2018-06-06,300671,20.61,20.55,20.86,20.36,11194,42766776.0,2.43,-0.24,-0.05,4.42
2018-06-07,300671,20.55,19.99,20.73,19.99,10538,39771690.0,3.6,-2.73,-0.56,4.16
2018-06-08,300671,20.16,20.78,20.78,19.99,15472,58855378.0,3.95,3.95,0.79,6.1
2018-06-11,300671,20.59,20.34,20.79,20.16,10746,40813340.0,3.03,-2.12,-0.44,4.24
2018-06-12,300671,20.34,20.53,20.59,19.33,12634,47319970.0,6.19,0.93,0.19,4.98
2018-06-13,300671,20.39,20.71,21.62,20.3,19499,76363344.0,6.43,0.88,0.18,7.69
2018-06-14,300671,20.56,21.66,21.81,19.66,39113,109256891.0,10.38,4.59,0.95,11.02
2018-06-15,300671,21.38,21.53,22.53,20.68,35477,101275338.0,8.54,-0.6,-0.13,10.0
2018-06-19,300671,20.68,21.28,22.46,19.46,50143,142682127.0,13.93,-1.16,-0.25,14.13
2018-06-20,300671,20.92,22.47,22.52,20.92,64442,188825192.0,7.52,5.59,1.19,18.16
2018-06-21,300671,21.88,21.21,22.29,21.01,48288,138673539.0,5.7,-5.61,-1.26,13.61
2018-06-22,300671,20.92,19.8,20.92,19.18,35051,93585394.0,8.2,-6.65,-1.41,9.88
2018-06-25,300671,19.92,20.06,20.69,19.82,23311,62590422.0,4.39,1.31,0.26,6.57
2018-06-26,300671,19.16,20.26,20.74,18.78,25231,67544542.0,9.77,1.0,0.2,7.11
2018-06-27,300671,20.26,21.06,21.3,20.01,40648,112834645.0,6.37,3.95,0.8,11.45
2018-06-28,300671,20.86,21.25,21.7,20.53,40802,115061226.0,5.56,0.9,0.19,11.5
2018-06-29,300671,20.99,22.05,22.39,20.86,54770,158809269.0,7.2,3.76,0.8,15.43
2018-07-02,300671,21.78,21.46,22.08,21.09,36844,105659658.0,4.49,-2.68,-0.59,10.38
2018-07-03,300671,21.32,22.93,23.13,21.09,58990,174283630.0,9.51,6.85,1.47,16.62
2018-07-04,300671,22.47,21.51,22.49,21.42,44192,128792302.0,4.67,-6.19,-1.42,12.45
2018-07-05,300671,21.12,20.99,21.83,20.43,27549,77191577.0,6.51,-2.42,-0.52,7.76
2018-07-06,300671,20.96,22.51,23.14,20.96,89926,269774544.0,10.39,7.24,1.52,25.34
2018-07-09,300671,21.86,22.7,22.79,21.16,81374,236650381.0,7.24,0.84,0.19,22.93
2018-07-10,300671,22.26,22.59,22.7,22.04,50669,150030165.0,2.91,-0.48,-0.11,6.45
2018-07-11,300671,21.84,21.8,22.28,21.09,39663,114023745.0,5.27,-3.5,-0.79,5.04
2018-07-12,300671,21.93,23.01,23.3,21.89,61980,187833331.0,6.47,5.55,1.21,7.88
2018-07-13,300671,23.68,23.87,24.59,23.39,74883,237534601.0,5.22,3.74,0.86,9.52
2018-07-16,300671,23.86,25.05,25.31,23.58,67286,220624748.0,7.25,4.94,1.18,8.56
2018-07-17,300671,24.52,25.23,25.56,24.52,48599,161067740.0,4.15,0.72,0.18,6.18
2018-07-18,300671,25.32,24.55,25.66,24.55,40235,132686546.0,4.4,-2.7,-0.68,5.12
2018-07-19,300671,24.51,24.22,24.69,23.7,40326,128554769.0,4.03,-1.34,-0.33,5.13
2018-07-20,300671,24.21,24.6,24.87,23.84,34569,112246099.0,4.25,1.57,0.38,4.4
2018-07-23,300671,24.32,24.55,25.32,24.21,37678,123848176.0,4.51,-0.2,-0.05,4.79
2018-07-24,300671,23.22,23.26,23.59,22.07,70041,212444948.0,6.19,-5.25,-1.29,8.91
2018-07-25,300671,23.33,25.03,25.63,23.1,106724,353279168.0,10.88,7.61,1.77,13.58
2018-07-26,300671,24.51,23.47,24.65,22.86,70867,224269411.0,7.15,-6.23,-1.56,9.01
2018-07-27,300671,23.07,22.82,23.47,22.65,28032,85846896.0,3.49,-2.77,-0.65,3.57
2018-07-30,300671,22.76,22.39,23.22,22.15,30634,91481512.0,4.69,-1.88,-0.43,3.9
2018-07-31,300671,22.47,22.74,22.9,22.22,17864,53534965.0,3.04,1.56,0.35,2.27
2018-08-01,300671,22.93,22.79,23.32,22.47,27755,84634381.0,3.74,0.22,0.05,3.53
2018-08-02,300671,22.37,23.3,23.52,21.7,35937,107275191.0,7.99,2.24,0.51,4.57
2018-08-03,300671,23.02,22.39,23.25,22.37,20882,63187552.0,3.78,-3.91,-0.91,2.66
2018-08-06,300671,22.15,21.98,22.74,21.47,20386,59896233.0,5.67,-1.83,-0.41,2.59
2018-08-07,300671,22.17,22.6,22.6,21.7,21975,65070181.0,4.09,2.82,0.62,2.8
2018-08-08,300671,22.44,21.79,22.59,21.74,21513,63208106.0,3.76,-3.58,-0.81,2.74
2018-08-09,300671,21.64,22.76,23.13,21.48,34988,105485246.0,7.57,4.45,0.97,4.45
2018-08-10,300671,22.59,23.07,23.16,22.46,25720,78024588.0,3.08,1.36,0.31,3.27
2018-08-13,300671,22.82,23.46,23.46,22.5,27463,83920278.0,4.16,1.69,0.39,3.49
2018-08-14,300671,23.43,22.68,23.43,22.49,23592,71537648.0,4.01,-3.32,-0.78,3.0
2018-08-15,300671,22.66,22.48,22.84,22.23,17804,53108451.0,2.69,-0.88,-0.2,2.26
2018-08-16,300671,21.88,21.97,22.76,21.78,16914,49782132.0,4.36,-2.27,-0.51,2.15
2018-08-17,300671,22.22,21.16,22.46,21.09,18363,52975798.0,6.24,-3.69,-0.81,2.34
2018-08-20,300671,21.23,21.46,21.63,20.56,17083,47848325.0,5.06,1.42,0.3,2.17
2018-08-21,300671,21.46,21.32,21.6,20.93,15024,42492541.0,3.12,-0.65,-0.14,1.91
2018-08-22,300671,21.24,20.36,21.29,20.22,19644,53994163.0,5.02,-4.5,-0.96,2.5
2018-08-23,300671,20.55,20.68,21.06,20.36,16505,45588880.0,3.44,1.57,0.32,2.1
2018-08-24,300671,20.4,21.02,21.38,20.39,18871,52643920.0,4.79,1.64,0.34,2.4
2018-08-27,300671,20.99,21.57,21.69,20.99,16980,48414370.0,3.33,2.62,0.55,2.16
2018-08-28,300671,21.59,21.61,21.99,21.33,14679,42184688.0,3.06,0.19,0.04,1.87
2018-08-29,300671,21.49,21.13,21.51,20.93,14981,42106345.0,2.68,-2.22,-0.48,1.91
2018-08-30,300671,21.36,20.78,21.36,20.71,11096,30919745.0,3.08,-1.66,-0.35,1.41
2018-08-31,300671,20.49,20.17,20.86,20.17,11350,30899436.0,3.32,-2.94,-0.61,1.44
2018-09-03,300671,20.17,20.44,20.5,19.59,13685,36682136.0,4.51,1.34,0.27,1.74
2018-09-04,300671,20.43,20.5,20.87,19.97,19991,54308867.0,4.4,0.29,0.06,2.54
2018-09-05,300671,20.46,19.55,20.46,19.46,25189,66597753.0,4.88,-4.63,-0.95,3.2
2018-09-06,300671,18.99,19.46,19.95,18.99,14862,38703605.0,4.91,-0.46,-0.09,1.89
2018-09-07,300671,19.58,18.94,19.88,18.79,16860,43185700.0,5.6,-2.67,-0.52,2.14
2018-09-10,300671,18.94,18.03,19.07,17.89,13669,33652155.0,6.23,-4.8,-0.91,1.74
2018-09-11,300671,18.12,17.97,18.39,17.86,14172,34137613.0,2.94,-0.33,-0.06,1.8
2018-09-12,300671,18.02,18.02,18.2,17.9,10274,24754119.0,1.67,0.28,0.05,1.31
2018-09-13,300671,18.12,18.22,18.35,17.92,11173,26979350.0,2.39,1.11,0.2,1.42
2018-09-14,300671,18.22,17.24,18.22,17.24,18094,42638040.0,5.38,-5.38,-0.98,2.3
2018-09-17,300671,16.86,17.17,17.4,16.86,20041,46049606.0,3.13,-0.41,-0.07,2.55
2018-09-18,300671,17.15,17.57,17.61,17.01,17698,41194350.0,3.49,2.33,0.4,2.25
2018-09-19,300671,17.53,17.72,18.11,17.35,18806,44494547.0,4.33,0.85,0.15,2.39
2018-09-20,300671,17.7,17.43,17.85,17.42,9576,22475372.0,2.43,-1.64,-0.29,1.22
2018-09-21,300671,17.63,17.65,17.72,17.3,9856,23056112.0,2.41,1.26,0.22,1.25
2018-09-25,300671,17.47,17.44,17.8,17.36,8296,19389513.0,2.49,-1.19,-0.21,1.06
2018-09-26,300671,17.43,17.78,17.85,17.32,19698,46151332.0,3.04,1.95,0.34,2.51
2018-09-27,300671,17.7,16.32,17.76,16.32,27736,63334426.0,8.1,-8.21,-1.46,3.53
2018-09-28,300671,16.22,16.36,16.67,15.79,20375,44015454.0,5.39,0.25,0.04,2.59
2018-10-08,300671,15.82,14.78,16.01,14.71,22426,46026581.0,7.95,-9.66,-1.58,2.85
2018-10-09,300671,14.81,14.66,15.22,14.31,28004,55125816.0,6.16,-0.81,-0.12,3.56
2018-10-10,300671,14.81,14.83,15.29,14.72,25572,51328050.0,3.89,1.16,0.17,3.25
2018-10-11,300671,13.98,13.76,14.48,13.55,28091,52808291.0,6.27,-7.22,-1.07,3.57
2018-10-12,300671,13.38,14.26,14.49,13.38,31351,59608811.0,8.07,3.63,0.5,3.99
2018-10-15,300671,14.62,14.27,14.78,14.25,25565,49667220.0,3.72,0.07,0.01,3.25
2018-10-16,300671,14.26,13.47,14.35,13.38,32924,60865409.0,6.8,-5.61,-0.8,4.19
2018-10-17,300671,13.85,14.86,14.86,13.43,49915,95802076.0,10.62,10.32,1.39,6.35
2018-10-18,300671,14.93,15.16,15.61,14.71,83850,170424537.0,6.06,2.02,0.3,10.67
2018-10-19,300671,14.02,15.45,15.88,14.02,66760,134388724.0,12.27,1.91,0.29,8.49
2018-10-22,300671,15.43,16.03,16.31,15.19,75796,159708547.0,7.25,3.75,0.58,9.64
2018-10-23,300671,15.84,15.4,15.84,15.07,56031,115739340.0,4.8,-3.93,-0.63,7.13
2018-10-24,300671,15.16,15.09,15.46,14.85,35306,71532980.0,3.96,-2.01,-0.31,4.49
2018-10-25,300671,14.26,14.45,14.45,13.7,41997,79754939.0,4.97,-4.24,-0.64,5.34
2018-10-26,300671,14.66,14.56,14.99,14.45,34713,68372237.0,3.74,0.76,0.11,4.42
2018-10-29,300671,14.25,14.69,14.79,14.25,24623,48257502.0,3.71,0.89,0.13,3.13
2018-10-30,300671,14.64,14.76,14.84,13.61,36308,70307117.0,8.37,0.48,0.07,4.62
2018-10-31,300671,14.7,14.92,15.2,14.66,42237,84467874.0,3.66,1.08,0.16,5.37
2018-11-01,300671,14.92,14.82,15.46,14.82,51050,103514411.0,4.29,-0.67,-0.1,6.49
2018-11-02,300671,15.07,15.39,15.43,14.94,54897,111873380.0,3.31,3.85,0.57,6.98
2018-11-05,300671,15.32,15.18,15.78,15.06,47658,98107476.0,4.68,-1.36,-0.21,6.06
2018-11-06,300671,15.1,14.75,15.21,14.17,38838,76369570.0,6.85,-2.83,-0.43,4.94
2018-11-07,300671,14.86,14.89,15.28,14.82,41400,83369902.0,3.12,0.95,0.14,5.27
2018-11-08,300671,15.22,14.63,15.69,14.63,41974,85154213.0,7.12,-1.75,-0.26,5.34
2018-11-09,300671,14.3,14.43,14.82,14.24,29543,57570634.0,3.96,-1.37,-0.2,3.76
2018-11-12,300671,14.5,14.93,14.93,14.28,28077,55515595.0,4.5,3.47,0.5,3.57
2018-11-13,300671,14.89,15.26,15.52,14.78,44957,91456457.0,4.96,2.21,0.33,5.72
2018-11-14,300671,15.24,15.32,15.62,14.94,45626,93240121.0,4.46,0.39,0.06,5.8
2018-11-15,300671,15.3,15.87,15.99,15.17,62794,131432979.0,5.35,3.59,0.55,7.99
2018-11-16,300671,15.98,15.75,15.99,15.52,44412,93231303.0,2.96,-0.76,-0.12,5.65
2018-11-19,300671,15.76,15.55,15.82,15.4,28560,59333831.0,2.67,-1.27,-0.2,3.63
2018-11-20,300671,15.51,15.41,15.9,15.36,37294,78079582.0,3.47,-0.9,-0.14,4.74
2018-11-21,300671,15.23,15.66,15.69,15.16,26974,55898055.0,3.44,1.62,0.25,3.43
2018-11-22,300671,15.66,15.44,15.76,15.4,20736,43210298.0,2.3,-1.4,-0.22,2.64
2018-11-23,300671,15.47,14.09,15.47,14.09,33524,66057493.0,8.94,-8.74,-1.35,4.26
2018-11-26,300671,13.92,13.79,14.27,13.68,20641,38606797.0,4.19,-2.13,-0.3,2.63
2018-11-27,300671,13.89,13.8,14.16,13.69,17246,32217778.0,3.41,0.07,0.01,2.19
2018-11-28,300671,13.86,14.04,14.06,13.48,20856,38766434.0,4.2,1.74,0.24,2.65
2018-11-29,300671,14.21,13.7,14.66,13.66,25856,49218534.0,7.12,-2.42,-0.34,3.29
2018-11-30,300671,13.53,13.3,13.78,12.7,36821,65677552.0,7.88,-2.92,-0.4,4.68
2018-12-03,300671,13.92,13.86,14.06,13.53,34869,64713355.0,3.98,4.21,0.56,4.44
2018-12-04,300671,13.99,14.02,14.16,13.78,25868,48522829.0,2.74,1.15,0.16,3.29
2018-12-05,300671,13.64,13.82,14.16,13.64,25304,47099083.0,3.71,-1.43,-0.2,3.22
2018-12-06,300671,13.75,13.45,13.93,13.42,23711,43432071.0,3.69,-2.68,-0.37,3.02
2018-12-07,300671,13.52,13.53,13.7,13.49,14445,26349012.0,1.56,0.59,0.08,1.84
2018-12-10,300671,13.32,13.22,13.59,13.14,13928,24974902.0,3.33,-2.29,-0.31,1.77
2018-12-11,300671,13.24,13.31,13.47,13.2,11586,20735697.0,2.04,0.68,0.09,1.47
2018-12-12,300671,13.47,13.26,13.6,13.21,14873,26739094.0,2.93,-0.38,-0.05,1.89
2018-12-13,300671,13.4,13.51,13.62,13.22,21782,39412876.0,3.02,1.89,0.25,2.77
2018-12-14,300671,13.42,13.13,13.59,13.02,18250,32699836.0,4.22,-2.81,-0.38,2.32
2018-12-17,300671,13.01,13.04,13.2,12.87,12689,22192481.0,2.51,-0.69,-0.09,1.61
2018-12-18,300671,13.03,13.22,13.23,12.92,15881,28021498.0,2.38,1.38,0.18,2.02
2018-12-19,300671,13.2,12.88,13.22,12.88,14933,26204710.0,2.57,-2.57,-0.34,1.9
2018-12-20,300671,12.82,12.92,13.02,12.77,12126,21079629.0,1.94,0.31,0.04,1.54
2018-12-21,300671,12.93,13.01,13.13,12.91,13623,23823578.0,1.7,0.7,0.09,1.73
2018-12-24,300671,13.02,13.49,13.55,13.02,26629,47782583.0,4.07,3.69,0.48,3.39
2018-12-25,300671,13.29,13.69,13.74,12.94,28894,51764965.0,5.93,1.48,0.2,3.68
2018-12-26,300671,13.68,13.29,13.68,13.28,23640,42799334.0,2.92,-2.92,-0.4,3.01
2018-12-27,300671,13.62,13.02,13.62,13.02,19038,34264959.0,4.51,-2.03,-0.27,2.42
2018-12-28,300671,13.09,12.73,13.12,12.73,17603,30470913.0,3.0,-2.23,-0.29,2.24
2019-01-02,300671,12.76,12.74,12.86,12.63,9750,16736510.0,1.81,0.08,0.01,1.24
2019-01-03,300671,12.74,12.7,12.99,12.68,11887,20503480.0,2.43,-0.31,-0.04,1.51
2019-01-04,300671,12.55,13.07,13.07,12.39,26518,45836494.0,5.35,2.91,0.37,3.37
2019-01-07,300671,13.08,13.36,13.52,13.01,26141,46723308.0,3.9,2.22,0.29,3.33
2019-01-08,300671,13.27,13.14,13.34,13.11,20546,36505722.0,1.72,-1.65,-0.22,2.61
2019-01-09,300671,13.24,13.4,13.66,13.14,39315,71051404.0,3.96,1.98,0.26,5.0
2019-01-10,300671,13.4,13.06,13.4,13.02,21914,39005892.0,2.84,-2.54,-0.34,2.79
2019-01-11,300671,13.01,13.09,13.19,12.9,16788,29440849.0,2.22,0.23,0.03,2.14
2019-01-14,300671,13.11,12.72,13.15,12.72,13549,23498800.0,3.28,-2.83,-0.37,1.72
2019-01-15,300671,12.76,12.98,12.98,12.59,14975,25910484.0,3.07,2.04,0.26,1.9
2019-01-16,300671,12.93,13.04,13.29,12.93,20102,35421198.0,2.77,0.46,0.06,2.56
2019-01-17,300671,12.96,12.69,13.04,12.66,16597,28608661.0,2.91,-2.68,-0.35,2.11
2019-01-18,300671,12.74,12.83,12.89,12.59,15155,26023969.0,2.36,1.1,0.14,1.93
2019-01-21,300671,12.86,13.14,13.14,12.75,19644,34253904.0,3.04,2.42,0.31,2.5
2019-01-22,300671,13.14,12.85,13.16,12.63,17309,30088361.0,4.03,-2.21,-0.29,2.2
2019-01-23,300671,12.93,12.8,12.93,12.69,10101,17376346.0,1.87,-0.39,-0.05,1.28
2019-01-24,300671,12.82,13.34,13.83,12.71,51009,91642384.0,8.75,4.22,0.54,6.49
2019-01-25,300671,13.08,12.82,13.23,12.78,43452,75726159.0,3.37,-3.9,-0.52,5.53
2019-01-28,300671,12.96,12.59,13.08,12.55,22935,39362627.0,4.13,-1.79,-0.23,2.92
2019-01-29,300671,12.52,11.62,12.52,11.37,32543,51248016.0,9.13,-7.7,-0.97,4.14
2019-01-30,300671,11.47,11.09,11.66,11.09,17848,27654796.0,4.91,-4.56,-0.53,2.27
2019-01-31,300671,11.1,10.61,11.26,10.24,24782,36126722.0,9.2,-4.33,-0.48,3.15
2019-02-01,300671,10.61,11.0,11.05,10.61,16304,24063815.0,4.15,3.68,0.39,2.07
2019-02-11,300671,11.02,11.51,11.54,11.02,19182,29424033.0,4.73,4.64,0.51,2.44
2019-02-12,300671,11.52,11.74,11.97,11.5,26977,42802790.0,4.08,2.0,0.23,3.43
2019-02-13,300671,11.76,12.96,12.96,11.74,63492,107523233.0,10.39,10.39,1.22,8.08
2019-02-14,300671,13.01,12.81,13.22,12.68,52349,90982277.0,4.17,-1.16,-0.15,6.66
2019-02-15,300671,12.93,12.92,13.12,12.79,31802,55363257.0,2.58,0.86,0.11,4.05
2019-02-18,300671,12.92,14.26,14.26,12.86,99658,186106685.0,10.84,10.37,1.34,12.68
2019-02-19,300671,14.76,13.93,14.78,13.91,85182,162250383.0,6.1,-2.31,-0.33,10.83
2019-02-20,300671,14.06,13.9,14.15,13.61,43610,81187417.0,3.88,-0.22,-0.03,5.55
2019-02-21,300671,13.82,13.76,14.46,13.69,58036,109594839.0,5.54,-1.01,-0.14,7.38
2019-02-22,300671,13.73,14.02,14.09,13.59,42945,79982499.0,3.63,1.89,0.26,5.46
2019-02-25,300671,14.05,14.76,15.16,14.05,75749,147756316.0,7.92,5.28,0.74,9.64
2019-02-26,300671,14.76,14.46,15.52,14.07,79913,157102347.0,9.82,-2.03,-0.3,10.16
2019-02-27,300671,14.35,14.22,14.84,14.06,47446,91791246.0,5.39,-1.66,-0.24,6.03
2019-02-28,300671,14.2,14.26,14.47,14.12,26050,49857308.0,2.46,0.28,0.04,3.31
2019-03-01,300671,14.39,14.15,14.39,13.82,27880,52594488.0,4.0,-0.77,-0.11,3.55
2019-03-04,300671,14.35,14.34,14.61,14.19,49198,95135424.0,2.97,1.34,0.19,6.26
2019-03-05,300671,14.24,15.11,15.11,14.17,70377,139136520.0,6.56,5.37,0.77,8.95
2019-03-06,300671,15.35,15.42,15.61,14.63,87759,177063721.0,6.49,2.05,0.31,11.16
2019-03-07,300671,15.16,16.53,17.01,15.05,110218,236770227.0,12.71,7.2,1.11,14.02
2019-03-08,300671,16.66,16.74,18.23,16.15,133379,307473776.0,12.58,1.27,0.21,16.97
2019-03-11,300671,16.86,17.35,17.85,16.33,93068,211154324.0,9.08,3.64,0.61,11.84
2019-03-12,300671,17.23,17.33,17.47,16.86,81183,185935792.0,3.52,-0.12,-0.02,10.33
2019-03-13,300671,17.23,16.2,17.23,15.61,68976,151974609.0,9.35,-6.52,-1.13,8.77
2019-03-14,300671,15.75,15.36,16.08,15.09,42286,87447009.0,6.11,-5.19,-0.84,5.38
2019-03-15,300671,15.46,15.49,15.62,15.24,25586,52953710.0,2.47,0.85,0.13,3.25
2019-03-18,300671,15.49,15.78,15.86,15.32,26535,55331730.0,3.49,1.87,0.29,3.38
2019-03-19,300671,15.69,15.71,16.14,15.56,28543,60428442.0,3.68,-0.44,-0.07,3.63
2019-03-20,300671,15.78,15.44,15.83,14.98,27013,55595985.0,5.41,-1.72,-0.27,3.44
2019-03-21,300671,15.39,15.53,15.77,15.39,28716,59995137.0,2.46,0.58,0.09,3.65
2019-03-22,300671,15.66,15.86,16.06,15.53,41951,88720305.0,3.41,2.12,0.33,5.34
2019-03-25,300671,15.56,15.69,15.86,15.36,27043,56762718.0,3.15,-1.07,-0.17,3.44
2019-03-26,300671,15.69,15.46,16.09,15.32,36157,76127350.0,4.91,-1.47,-0.23,4.6
2019-03-27,300671,15.58,15.31,15.62,14.96,24510,50162113.0,4.27,-0.97,-0.15,3.12
2019-03-28,300671,15.28,15.32,15.86,15.06,30890,64156359.0,5.23,0.07,0.01,3.93
2019-03-29,300671,15.27,15.62,15.7,14.82,35795,73240477.0,5.74,1.96,0.3,4.55
2019-04-01,300671,15.55,16.35,16.36,15.55,49752,106691042.0,5.19,4.67,0.73,6.33
2019-04-02,300671,16.29,16.47,16.72,16.18,50471,111055599.0,3.3,0.73,0.12,6.42
2019-04-03,300671,16.25,16.37,16.39,16.11,28953,62963057.0,1.7,-0.61,-0.1,3.68
2019-04-04,300671,16.36,16.23,16.37,15.89,46669,100542854.0,2.93,-0.86,-0.14,5.94
2019-04-08,300671,16.23,15.55,16.38,15.26,38008,79881653.0,6.9,-4.19,-0.68,4.83
2019-04-09,300671,15.32,15.63,15.82,15.32,21512,44950191.0,3.22,0.51,0.08,2.74
2019-04-10,300671,15.15,15.56,15.68,14.95,23981,49156230.0,4.67,-0.45,-0.07,3.05
2019-04-11,300671,15.59,15.62,15.79,15.43,22224,46344690.0,2.31,0.39,0.06,2.83
2019-04-12,300671,15.55,15.22,15.69,15.11,12617,25867554.0,3.71,-2.56,-0.4,1.6
2019-04-15,300671,15.34,15.07,15.65,15.07,9185,18851360.0,3.81,-0.99,-0.15,1.17
2019-04-16,300671,15.02,15.44,15.55,14.97,14240,29125887.0,3.85,2.46,0.37,1.81
2019-04-17,300671,15.59,15.79,15.93,15.32,27733,58265000.0,3.95,2.27,0.35,3.53
2019-04-18,300671,15.52,15.45,16.04,15.32,18160,38116110.0,4.56,-2.15,-0.34,2.31
2019-04-19,300671,15.45,15.42,15.55,15.09,12860,26284336.0,2.98,-0.19,-0.03,1.64
2019-04-22,300671,15.45,15.1,15.45,15.06,12750,25924066.0,2.53,-2.08,-0.32,1.62
2019-04-23,300671,15.09,14.67,15.09,14.65,15326,30457946.0,2.91,-2.85,-0.43,1.95
2019-04-24,300671,14.56,15.4,15.44,14.28,24586,48826768.0,7.91,4.98,0.73,3.13
2019-04-25,300671,15.23,14.93,16.16,14.84,48773,102099904.0,8.57,-3.05,-0.47,6.2
2019-04-26,300671,15.01,14.89,15.23,14.3,29696,58889940.0,6.23,-0.27,-0.04,3.78
2019-04-29,300671,14.73,14.64,15.28,14.61,24226,48453338.0,4.5,-1.68,-0.25,3.08
2019-04-30,300671,14.42,14.58,15.01,14.3,12371,24429747.0,4.85,-0.41,-0.06,1.57
2019-05-06,300671,14.3,13.08,14.32,13.08,17353,31381288.0,8.5,-10.29,-1.5,2.21
2019-05-07,300671,13.09,13.13,13.39,12.94,15170,26741631.0,3.44,0.38,0.05,1.93
2019-05-08,300671,13.09,13.75,14.06,12.65,40567,74371113.0,10.74,4.72,0.62,5.16
2019-05-09,300671,13.78,13.69,14.3,13.66,14336,26836309.0,4.65,-0.44,-0.06,1.82
2019-05-10,300671,13.73,14.36,14.47,13.18,24437,46094659.0,9.42,4.89,0.67,3.11
2019-05-13,300671,14.32,14.3,14.56,13.86,14995,28745699.0,4.87,-0.42,-0.06,1.91
2019-05-14,300671,14.14,13.96,14.38,13.87,11084,21002986.0,3.57,-2.38,-0.34,1.41
2019-05-15,300671,14.01,14.37,14.44,14.01,16862,32320589.0,3.08,2.94,0.41,2.14
2019-05-16,300671,14.51,14.69,14.82,14.32,16891,32982488.0,3.48,2.23,0.32,2.15
2019-05-17,300671,14.69,14.52,15.1,14.52,17057,33846679.0,3.95,-1.16,-0.17,2.17
2019-05-20,300671,14.87,14.91,15.23,14.63,21771,43536088.0,4.13,2.69,0.39,2.77
2019-05-21,300671,15.08,14.54,15.08,14.33,18309,35827533.0,5.03,-2.48,-0.37,2.33
2019-05-22,300671,14.27,14.15,14.76,13.95,21307,41115284.0,5.57,-2.68,-0.39,2.71
2019-05-23,300671,14.85,15.61,15.61,14.62,135060,279629760.0,7.0,10.32,1.46,17.18
2019-05-24,300671,15.59,17.22,17.22,15.07,169576,364889120.0,13.77,10.31,1.61,21.57
2019-05-27,300671,17.52,18.99,18.99,17.32,53771,131903213.0,9.7,10.28,1.77,6.84
2019-05-28,300671,20.93,20.93,20.93,20.93,12039,33468976.0,0.0,10.22,1.94,1.53
2019-05-29,300671,23.07,23.07,23.07,22.61,135649,414349712.0,2.2,10.22,2.14,17.25
2019-05-30,300671,24.32,22.11,24.93,20.92,341112,1035318944.0,17.38,-4.16,-0.96,43.39
2019-05-31,300671,21.21,22.51,24.36,21.21,334802,1022149520.0,14.25,1.81,0.4,42.59
2019-06-03,300671,20.93,20.22,21.24,20.22,119878,326146096.0,4.53,-10.17,-2.29,15.25
2019-06-04,300671,18.16,18.15,18.54,18.15,44320,107417684.0,1.93,-10.24,-2.07,5.64
2019-06-05,300671,17.47,16.93,17.92,16.89,206265,477315840.0,5.67,-6.72,-1.22,26.24
2019-06-06,300671,16.96,15.54,16.97,15.22,178239,380139216.0,10.34,-8.21,-1.39,22.67
2019-06-10,300671,15.63,15.76,15.97,15.3,115369,241728034.0,4.31,1.42,0.22,14.67
2019-06-11,300671,15.61,16.09,16.29,15.19,146908,310548016.0,6.98,2.09,0.33,18.69
2019-06-12,300671,15.86,16.72,17.39,15.85,201796,447252320.0,9.57,3.92,0.63,25.67
2019-06-13,300671,16.53,16.28,16.73,16.09,117418,256942488.0,3.83,-2.63,-0.44,14.94
2019-06-14,300671,16.32,15.12,16.61,14.96,119208,250720375.0,10.14,-7.13,-1.16,15.16
2019-06-17,300671,15.45,15.56,15.85,15.13,75711,156956023.0,4.76,2.91,0.44,9.63
2019-06-18,300671,15.62,15.18,15.77,15.09,60497,124056499.0,4.37,-2.44,-0.38,7.7
2019-06-19,300671,15.66,15.56,16.02,15.47,99493,209485696.0,3.62,2.5,0.38,12.66
2019-06-20,300671,15.62,15.76,15.85,15.39,75945,158924467.0,2.96,1.29,0.2,9.66
2019-06-21,300671,15.98,16.11,16.59,15.98,125169,272137008.0,3.87,2.22,0.35,15.92
2019-06-24,300671,15.89,16.84,16.96,15.86,133241,291908928.0,6.83,4.53,0.73,16.95
2019-06-25,300671,16.59,16.19,16.7,15.97,92477,200480423.0,4.33,-3.86,-0.65,11.76
2019-06-26,300671,15.84,16.0,16.53,15.7,70053,151380201.0,5.13,-1.17,-0.19,8.91
2019-06-27,300671,16.17,16.42,16.53,16.11,91624,199879797.0,2.63,2.63,0.42,11.65
2019-06-28,300671,16.43,15.56,16.43,15.34,86577,181980143.0,6.64,-5.24,-0.86,11.01
2019-07-01,300671,16.04,16.12,16.29,15.86,82236,176454045.0,2.76,3.6,0.56,10.46
2019-07-02,300671,16.46,15.96,16.6,15.86,82192,178105116.0,4.59,-0.99,-0.16,10.45
2019-07-03,300671,15.93,15.34,15.96,15.26,57625,119571812.0,4.39,-3.88,-0.62,7.33
2019-07-04,300671,15.53,14.8,15.56,14.7,60480,121781525.0,5.61,-3.52,-0.54,7.69
2019-07-05,300671,14.81,15.23,15.42,14.81,63703,130052661.0,4.12,2.91,0.43,8.1
2019-07-08,300671,15.36,14.09,15.36,13.96,71444,138257355.0,9.19,-7.49,-1.14,9.09
2019-07-09,300671,14.26,14.21,14.31,13.8,47803,90340351.0,3.62,0.85,0.12,6.08
2019-07-10,300671,14.22,14.13,14.49,14.02,37588,71761558.0,3.31,-0.56,-0.08,4.78
2019-07-11,300671,14.24,13.83,14.36,13.71,43569,81840223.0,4.6,-2.12,-0.3,5.54
2019-07-12,300671,13.99,14.37,14.52,13.69,64739,123547207.0,6.0,3.9,0.54,8.23
2019-07-15,300671,14.06,14.01,14.31,13.32,69180,127943183.0,6.89,-2.51,-0.36,8.8
2019-07-16,300671,14.16,14.16,14.34,13.97,51038,97032784.0,2.64,1.07,0.15,6.49
2019-07-17,300671,14.31,15.62,15.62,14.26,49937,101834020.0,9.6,10.31,1.46,6.35
2019-07-18,300671,15.72,15.9,16.22,15.2,171153,359946576.0,6.53,1.79,0.28,21.77
2019-07-19,300671,15.58,16.59,17.22,15.42,171109,373307600.0,11.32,4.34,0.69,21.76
2019-07-22,300671,16.28,15.26,16.46,14.89,105513,219490980.0,9.46,-8.02,-1.33,13.42
2019-07-23,300671,15.39,16.08,16.32,15.25,108793,231809650.0,7.01,5.37,0.82,13.84
2019-07-24,300671,15.86,16.69,16.87,15.85,146692,324583008.0,6.34,3.79,0.61,18.66
2019-07-25,300671,16.47,16.38,17.02,16.32,121651,270919344.0,4.19,-1.86,-0.31,15.47
2019-07-26,300671,16.29,16.16,16.68,15.96,75887,164567581.0,4.4,-1.34,-0.22,9.65
2019-07-29,300671,16.16,16.66,16.78,16.16,98137,216977359.0,3.84,3.09,0.5,12.48
2019-07-30,300671,16.57,16.69,16.99,16.39,94846,210883182.0,3.6,0.18,0.03,12.06
2019-07-31,300671,16.47,17.72,18.2,16.33,188025,432028608.0,11.2,6.17,1.03,23.92
2019-08-01,300671,17.25,17.89,18.39,17.01,198325,467596032.0,7.79,0.96,0.17,25.23
2019-08-02,300671,17.28,17.02,18.12,16.86,131335,305118704.0,7.04,-4.86,-0.87,16.71
2019-08-05,300671,17.07,16.23,17.17,16.17,96683,214171420.0,5.88,-4.64,-0.79,12.3
2019-08-06,300671,15.62,15.29,15.62,14.58,104606,212117916.0,6.41,-5.79,-0.94,13.31
2019-08-07,300671,15.56,15.28,16.08,15.26,72840,152346841.0,5.36,-0.07,-0.01,9.27
2019-08-08,300671,15.46,15.56,15.7,14.93,76349,156699579.0,5.04,1.83,0.28,9.71
2019-08-09,300671,15.44,14.79,15.62,14.78,70190,142693565.0,5.4,-4.95,-0.77,8.93
2019-08-12,300671,14.97,15.49,15.5,14.59,68946,139610935.0,6.15,4.73,0.7,8.77
2019-08-13,300671,15.23,15.06,15.48,15.02,45654,92819438.0,2.97,-2.78,-0.43,5.81
2019-08-14,300671,15.4,14.91,15.46,14.86,47731,97101462.0,3.98,-1.0,-0.15,6.07
2019-08-15,300671,14.16,14.88,15.07,14.07,51419,100655226.0,6.71,-0.2,-0.03,6.54
2019-08-16,300671,14.96,14.83,15.36,14.69,43975,88178646.0,4.5,-0.34,-0.05,5.59
2019-08-19,300671,15.31,16.36,16.36,14.95,80958,172244257.0,9.51,10.32,1.53,10.3
2019-08-20,300671,16.87,16.62,17.85,16.47,192562,441885712.0,8.44,1.59,0.26,24.49
2019-08-21,300671,16.78,17.06,17.19,16.48,111880,252592749.0,4.27,2.65,0.44,14.23
2019-08-22,300671,16.88,16.86,17.05,16.51,77709,174195461.0,3.17,-1.17,-0.2,9.88
2019-08-23,300671,16.95,16.74,16.95,16.22,69480,153794757.0,4.33,-0.71,-0.12,8.84
2019-08-26,300671,16.24,16.63,16.92,16.12,60698,134615674.0,4.78,-0.66,-0.11,7.72
2019-08-27,300671,16.72,17.05,17.16,16.57,97525,220221788.0,3.55,2.53,0.42,12.4
2019-08-28,300671,16.86,16.76,17.05,16.7,59300,133287256.0,2.05,-1.7,-0.29,7.54
2019-08-29,300671,16.74,16.42,16.93,16.25,58274,129781627.0,4.06,-2.03,-0.34,7.41
2019-08-30,300671,16.43,16.44,17.22,16.43,82315,185084401.0,4.81,0.12,0.02,10.47
2019-09-02,300671,16.27,16.95,16.95,15.78,79710,176449581.0,7.12,3.1,0.51,10.14
2019-09-03,300671,16.95,17.32,17.39,16.71,125824,287835056.0,4.01,2.18,0.37,16.0
2019-09-04,300671,17.12,17.22,17.59,16.93,85622,196390701.0,3.81,-0.58,-0.1,10.89
2019-09-05,300671,17.22,17.55,18.41,17.22,155912,368936336.0,6.91,1.92,0.33,19.83
2019-09-06,300671,17.56,17.56,17.96,17.16,93738,219799589.0,4.56,0.06,0.01,11.92
2019-09-09,300671,17.69,18.56,19.18,17.56,137516,333988272.0,9.23,5.69,1.0,17.49
2019-09-10,300671,18.39,18.34,18.51,17.88,96758,234656813.0,3.39,-1.19,-0.22,12.31
2019-09-11,300671,18.34,18.01,18.49,17.93,74584,180868554.0,3.05,-1.8,-0.33,9.49
2019-09-12,300671,18.16,18.38,18.59,17.71,75462,183873899.0,4.89,2.05,0.37,9.6
2019-09-16,300671,18.19,19.12,19.16,18.05,109198,272135984.0,6.04,4.03,0.74,13.89
2019-09-17,300671,18.94,18.12,18.94,17.89,81212,198475152.0,5.49,-5.23,-1.0,10.33
2019-09-18,300671,18.11,17.76,18.24,17.59,53920,128184328.0,3.59,-1.99,-0.36,6.86
2019-09-19,300671,17.73,18.43,18.77,17.71,79553,194227395.0,5.97,3.77,0.67,10.12
2019-09-20,300671,18.18,18.16,18.75,18.06,61262,150145829.0,3.74,-1.47,-0.27,7.79
2019-09-23,300671,18.16,18.83,18.93,17.71,83367,204712552.0,6.72,3.69,0.67,10.6
2019-09-24,300671,18.99,18.47,18.99,18.43,85211,211420347.0,2.97,-1.91,-0.36,10.84
2019-09-25,300671,18.21,16.99,18.21,16.9,81102,188821990.0,7.09,-8.01,-1.48,10.32
2019-09-26,300671,16.99,16.19,17.16,16.13,47962,105847903.0,6.06,-4.71,-0.8,6.1
2019-09-27,300671,16.09,16.34,16.58,16.02,30546,66813092.0,3.46,0.93,0.15,3.89
2019-09-30,300671,16.36,16.06,16.5,16.06,20653,44878443.0,2.69,-1.71,-0.28,2.63
2019-10-08,300671,15.96,15.89,16.37,15.84,19486,42007192.0,3.3,-1.06,-0.17,2.48
2019-10-09,300671,15.93,16.31,16.32,15.53,24705,53117811.0,4.97,2.64,0.42,3.14
2019-10-10,300671,16.42,16.63,16.76,16.21,34257,75505610.0,3.37,1.96,0.32,4.36
2019-10-11,300671,16.72,16.43,16.75,16.35,25573,56420415.0,2.41,-1.2,-0.2,3.25
2019-10-14,300671,16.66,16.79,16.9,16.55,25763,57632164.0,2.13,2.19,0.36,3.28
2019-10-15,300671,16.52,16.52,16.65,16.09,28706,62764908.0,3.34,-1.61,-0.27,3.65
2019-10-16,300671,16.51,16.07,16.6,16.07,19718,42970587.0,3.21,-2.72,-0.45,2.51
2019-10-17,300671,16.05,15.86,16.39,15.76,18013,38617945.0,3.92,-1.31,-0.21,2.29
2019-10-18,300671,16.08,15.77,16.32,15.6,23084,49206080.0,4.54,-0.57,-0.09,2.94
2019-10-21,300671,15.62,15.46,15.85,15.06,24274,49700635.0,5.01,-1.97,-0.31,3.09
2019-10-22,300671,15.7,15.7,15.94,15.46,24085,50630030.0,3.1,1.55,0.24,3.06
2019-10-23,300671,15.7,15.65,16.04,15.57,25144,53222146.0,2.99,-0.32,-0.05,3.2
2019-10-24,300671,15.65,15.49,15.66,15.24,13548,28081214.0,2.68,-1.02,-0.16,1.72
2019-10-25,300671,15.47,15.59,15.69,15.26,14125,29274196.0,2.78,0.65,0.1,1.8
2019-10-28,300671,15.58,16.06,16.08,15.58,24319,51717015.0,3.21,3.01,0.47,3.09
2019-10-29,300671,15.97,15.57,16.08,15.53,22610,47723012.0,3.42,-3.05,-0.49,2.88
2019-10-30,300671,15.7,15.81,16.21,15.64,34023,72277705.0,3.66,1.54,0.24,4.33
2019-10-31,300671,15.65,15.13,15.76,15.07,31209,63944857.0,4.36,-4.3,-0.68,3.97
2019-11-01,300671,15.13,15.19,15.31,14.93,16377,33254035.0,2.51,0.4,0.06,2.08
2019-11-04,300671,15.22,15.24,15.53,15.22,18205,37484884.0,2.04,0.33,0.05,2.32
2019-11-05,300671,15.37,15.1,15.37,14.96,17841,36212480.0,2.69,-0.92,-0.14,2.27
2019-11-06,300671,15.29,14.9,15.38,14.82,21522,43269172.0,3.71,-1.32,-0.2,2.74
2019-11-07,300671,15.08,14.97,15.09,14.82,15135,30337368.0,1.81,0.47,0.07,1.93
2019-11-08,300671,15.12,14.92,15.16,14.89,13185,26506321.0,1.8,-0.33,-0.05,1.68
2019-11-11,300671,14.7,14.37,14.77,14.26,21010,40916681.0,3.42,-3.69,-0.55,2.67
2019-11-12,300671,14.49,14.67,14.8,14.4,17969,35153681.0,2.78,2.09,0.3,2.29
2019-11-13,300671,14.55,14.88,15.02,14.55,21050,41692971.0,3.2,1.43,0.21,2.68
2019-11-14,300671,14.93,15.51,15.84,14.81,46596,96331430.0,6.92,4.23,0.63,5.93
2019-11-15,300671,15.38,14.98,15.39,14.93,31600,63981489.0,2.97,-3.42,-0.53,4.02
2019-11-18,300671,14.77,14.79,14.92,14.62,20020,39520482.0,2.0,-1.27,-0.19,2.55
2019-11-19,300671,14.7,15.15,15.18,14.68,21444,43073430.0,3.38,2.43,0.36,2.73
2019-11-20,300671,15.13,15.01,15.37,14.95,20125,40796251.0,2.77,-0.92,-0.14,2.56
2019-11-21,300671,14.93,15.16,15.23,14.78,16489,33308583.0,3.0,1.0,0.15,2.1
2019-11-22,300671,15.17,14.75,15.26,14.69,25141,50229770.0,3.76,-2.7,-0.41,3.2
2019-11-25,300671,14.75,14.38,14.78,14.16,21238,40930950.0,4.2,-2.51,-0.37,2.7
2019-11-26,300671,14.39,14.15,14.57,14.01,17986,34193078.0,3.89,-1.6,-0.23,2.29
2019-11-27,300671,14.15,14.34,14.43,13.85,20780,39603655.0,4.1,1.34,0.19,2.64
2019-11-28,300671,14.17,14.22,14.57,14.11,14227,27273758.0,3.21,-0.84,-0.12,1.81
2019-11-29,300671,14.32,14.47,14.76,14.12,24533,47735906.0,4.5,1.76,0.25,3.12
2019-12-02,300671,14.59,14.89,15.12,14.44,29045,57807809.0,4.7,2.9,0.42,3.69
2019-12-03,300671,14.66,15.19,15.22,14.62,28655,57314536.0,4.03,2.01,0.3,3.64
2019-12-04,300671,15.09,15.2,15.29,14.96,22434,45459381.0,2.17,0.07,0.01,2.85
2019-12-05,300671,15.15,15.54,15.69,15.15,39307,81388550.0,3.55,2.24,0.34,5.0
2019-12-06,300671,15.55,15.73,15.86,15.43,38728,81368869.0,2.77,1.22,0.19,4.93
2019-12-09,300671,15.94,15.78,16.12,15.66,31928,67651194.0,2.92,0.32,0.05,4.06
2019-12-10,300671,15.66,16.16,16.37,15.58,53237,114029743.0,5.01,2.41,0.38,6.77
2019-12-11,300671,16.24,16.08,16.32,15.86,37708,81110294.0,2.85,-0.5,-0.08,4.8
2019-12-12,300671,16.16,16.3,16.86,16.02,60583,132843823.0,5.22,1.37,0.22,7.71
2019-12-13,300671,16.37,16.37,16.53,16.16,34537,75321476.0,2.27,0.43,0.07,4.39
2019-12-16,300671,16.46,16.87,17.06,16.32,50007,111359693.0,4.52,3.05,0.5,6.36
2019-12-17,300671,16.86,17.12,17.47,16.78,42482,97369301.0,4.09,1.48,0.25,5.4
2019-12-18,300671,17.01,18.13,18.62,16.94,88880,212836349.0,9.81,5.9,1.01,11.31
2019-12-19,300671,18.01,17.51,18.32,17.32,49212,115597910.0,5.52,-3.42,-0.62,6.26
2019-12-20,300671,17.28,16.86,17.56,16.86,44681,101983844.0,4.0,-3.71,-0.65,5.68
2019-12-23,300671,16.79,16.09,17.13,16.08,43149,95178984.0,6.23,-4.57,-0.77,5.49
2019-12-24,300671,16.32,16.52,16.56,16.16,42261,92282292.0,2.49,2.67,0.43,5.38
2019-12-25,300671,16.56,17.01,17.23,16.41,65880,148611161.0,4.96,2.97,0.49,8.38
2019-12-26,300671,16.88,17.2,17.31,16.57,55757,126210621.0,4.35,1.12,0.19,7.09
2019-12-27,300671,17.25,16.91,17.39,16.78,37637,85526963.0,3.55,-1.69,-0.29,4.79
2019-12-30,300671,16.76,16.69,16.84,16.12,33501,73820830.0,4.26,-1.3,-0.22,4.26
2019-12-31,300671,16.71,16.59,16.93,16.47,25280,56251418.0,2.76,-0.6,-0.1,3.22
2020-01-02,300671,16.69,17.36,17.39,16.63,46359,105837424.0,4.58,4.64,0.77,5.9
2020-01-03,300671,17.49,17.33,17.49,17.09,41131,94884092.0,2.3,-0.17,-0.03,5.23
2020-01-06,300671,17.2,17.62,17.66,17.09,54730,126776318.0,3.29,1.67,0.29,6.96
2020-01-07,300671,17.98,18.18,19.05,17.78,126785,307799104.0,7.21,3.18,0.56,16.13
2020-01-08,300671,18.01,17.6,18.18,17.33,69932,165637877.0,4.68,-3.19,-0.58,8.89
2020-01-09,300671,17.86,17.59,17.98,17.51,60614,142841672.0,2.67,-0.06,-0.01,7.71
2020-01-10,300671,17.59,17.49,17.86,17.4,43748,102707172.0,2.62,-0.57,-0.1,5.56
2020-01-13,300671,16.93,16.92,17.16,15.79,86891,194481000.0,7.83,-3.26,-0.57,11.05
2020-01-14,300671,17.19,16.32,17.38,16.21,81761,182655165.0,6.91,-3.55,-0.6,10.4
2020-01-15,300671,14.77,14.97,15.32,14.65,144613,289341984.0,4.11,-8.27,-1.35,18.39
2020-01-16,300671,14.62,16.02,16.51,14.62,142314,295969568.0,12.63,7.01,1.05,18.1
2020-01-17,300671,16.26,16.36,16.82,15.92,112305,247151995.0,5.62,2.12,0.34,14.28
2020-01-20,300671,16.47,18.04,18.04,16.23,114366,266754924.0,11.06,10.27,1.68,14.55
2020-01-21,300671,17.92,17.72,18.69,17.39,104038,248253096.0,7.21,-1.77,-0.32,13.23
2020-01-22,300671,17.93,19.54,19.54,17.73,126462,317082176.0,10.21,10.27,1.82,16.08
2020-01-23,300671,19.69,20.49,21.32,17.54,201446,537713840.0,19.34,4.86,0.95,25.62
2020-02-03,300671,18.39,18.39,18.39,18.39,9821,24061450.0,0.0,-10.25,-2.1,1.25
2020-02-04,300671,17.24,18.07,19.46,17.24,143558,354337984.0,12.07,-1.74,-0.32,18.26
2020-02-05,300671,18.2,19.32,19.92,18.2,125042,323228080.0,9.52,6.92,1.25,15.9
2020-02-06,300671,19.16,21.29,21.29,18.81,177509,482272128.0,12.84,10.2,1.97,22.58
2020-02-07,300671,20.99,23.23,23.47,20.71,201626,587274416.0,12.96,9.11,1.94,25.64
2020-02-10,300671,22.98,21.93,23.11,20.86,160132,464174736.0,9.69,-5.6,-1.3,20.37
2020-02-11,300671,21.6,22.4,22.72,21.01,122293,355108768.0,7.8,2.14,0.47,15.55
2020-02-12,300671,22.07,24.69,24.69,21.55,182179,572410784.0,14.02,10.22,2.29,23.17
2020-02-13,300671,24.3,23.78,26.01,23.78,147593,484691088.0,9.03,-3.69,-0.91,18.77
2020-02-14,300671,25.32,26.2,26.2,25.32,71315,245874035.0,3.7,10.18,2.42,9.07
2020-02-17,300671,28.87,28.87,28.87,28.87,11297,43066031.0,0.0,10.19,2.67,1.44
2020-02-18,300671,31.7,31.8,31.8,29.16,297628,1202452912.0,9.14,10.15,2.93,37.85
2020-02-19,300671,30.59,29.16,31.32,28.58,234373,931327904.0,8.62,-8.3,-2.64,29.81
2020-02-20,300671,28.29,28.41,29.39,26.32,206965,759573504.0,10.53,-2.57,-0.75,26.32
2020-02-21,300671,28.01,28.84,29.32,27.65,160934,607413952.0,5.88,1.51,0.43,20.47
2020-02-24,300671,27.62,28.52,29.15,27.32,146977,549152672.0,6.35,-1.11,-0.32,18.69
2020-02-25,300671,27.09,26.92,28.16,25.62,186896,661191472.0,8.91,-5.61,-1.6,23.77
2020-02-26,300671,25.72,25.94,26.47,25.24,112614,385380384.0,4.57,-3.64,-0.98,14.32
2020-02-27,300671,26.7,26.32,26.98,25.38,115527,401916896.0,6.17,1.46,0.38,14.69
2020-02-28,300671,24.98,23.65,25.47,23.65,95321,303149984.0,6.91,-10.14,-2.67,12.12
2020-03-02,300671,23.78,23.9,24.34,22.79,85332,268027123.0,6.55,1.06,0.25,10.85
2020-03-03,300671,24.17,24.6,25.59,23.93,123267,402914704.0,6.95,2.93,0.7,15.68
2020-03-04,300671,24.0,23.96,24.46,23.09,71710,226475999.0,5.57,-2.6,-0.64,9.12
2020-03-05,300671,24.49,25.16,25.67,23.67,89221,289212912.0,8.35,5.01,1.2,11.35
2020-03-06,300671,24.66,24.51,25.12,24.44,58494,191225062.0,2.7,-2.58,-0.65,7.44
2020-03-09,300671,23.39,22.02,23.85,22.02,79163,238215504.0,7.47,-10.16,-2.49,10.07
2020-03-10,300671,21.76,23.36,23.36,21.76,75999,229799473.0,7.27,6.09,1.34,9.67
2020-03-11,300671,23.41,22.54,23.66,22.39,59243,180462970.0,5.44,-3.51,-0.82,7.53
2020-03-12,300671,22.35,22.35,23.04,21.9,38894,115818422.0,5.06,-0.84,-0.19,4.95
2020-03-13,300671,21.09,22.62,23.16,20.7,72243,213326040.0,11.01,1.21,0.27,9.19
2020-03-16,300671,22.86,20.32,22.86,20.32,80782,228763587.0,11.23,-10.17,-2.3,10.27
2020-03-17,300671,20.7,20.13,21.08,19.73,63810,172293417.0,6.64,-0.94,-0.19,8.12
2020-03-18,300671,20.53,20.49,21.58,20.22,77472,213591733.0,6.76,1.79,0.36,9.85
2020-03-19,300671,20.22,21.08,21.12,20.22,66457,183686801.0,4.39,2.88,0.59,8.45
2020-03-20,300671,21.4,20.86,21.75,20.59,67660,189700578.0,5.5,-1.04,-0.22,8.61
2020-03-23,300671,20.07,19.38,20.47,19.23,57837,152419700.0,5.94,-7.09,-1.48,7.36
2020-03-24,300671,19.9,19.56,20.12,18.69,57548,148852619.0,7.38,0.93,0.18,7.32
2020-03-25,300671,20.01,19.76,20.26,19.48,60365,159449563.0,3.99,1.02,0.2,7.68
2020-03-26,300671,19.6,19.36,20.14,19.3,47055,122874002.0,4.25,-2.02,-0.4,5.98
2020-03-27,300671,19.82,19.01,19.85,18.96,40580,104438449.0,4.6,-1.81,-0.35,5.16
2020-03-30,300671,18.55,18.2,18.69,17.56,51689,124914128.0,5.94,-4.26,-0.81,6.57
2020-03-31,300671,18.58,17.86,18.93,17.78,47929,116392704.0,6.32,-1.87,-0.34,6.1
2020-04-01,300671,17.96,18.28,19.27,17.86,68936,169620136.0,7.89,2.35,0.42,8.77
2020-04-02,300671,18.27,19.42,19.43,18.05,83572,209996046.0,7.55,6.24,1.14,10.63
2020-04-03,300671,19.13,18.77,19.27,18.58,63955,160556311.0,3.55,-3.35,-0.65,8.13
2020-04-07,300671,19.27,19.33,19.49,19.01,61952,158715758.0,2.56,2.98,0.56,7.88
2020-04-08,300671,19.36,21.31,21.31,19.24,68591,188418579.0,10.71,10.24,1.98,8.72
2020-04-09,300671,21.7,21.96,22.53,20.99,190335,550656592.0,7.23,3.05,0.65,24.21
2020-04-10,300671,21.32,20.43,21.32,20.02,102678,282588576.0,5.92,-6.97,-1.53,13.06
2020-04-13,300671,20.01,20.93,21.04,19.71,72046,196175713.0,6.51,2.45,0.5,9.16
2020-04-14,300671,20.82,21.24,21.53,20.76,77476,217388035.0,3.68,1.48,0.31,9.85
2020-04-15,300671,21.11,20.61,21.37,20.55,68866,190905743.0,3.86,-2.97,-0.63,8.76
2020-04-16,300671,20.47,20.69,20.87,19.96,53576,145625261.0,4.42,0.39,0.08,6.81
2020-04-17,300671,20.69,21.16,21.76,20.69,94749,267523247.0,5.17,2.27,0.47,12.05
2020-04-20,300671,21.0,21.34,21.34,20.82,57353,160263510.0,2.46,0.85,0.18,7.29
2020-04-21,300671,21.06,20.67,21.19,20.23,58080,158922348.0,4.5,-3.14,-0.67,7.39
2020-04-22,300671,20.26,20.67,20.96,20.15,43594,119487362.0,3.92,0.0,0.0,5.54
2020-04-23,300671,20.67,20.17,20.82,20.16,43598,118335238.0,3.19,-2.42,-0.5,5.54
2020-04-24,300671,19.82,19.02,20.14,19.02,58581,151379464.0,5.55,-5.7,-1.15,7.45
2020-04-27,300671,19.02,18.58,19.24,18.52,37623,94181508.0,3.79,-2.31,-0.44,4.79
2020-04-28,300671,18.59,18.8,19.16,16.68,56468,138378766.0,13.35,1.18,0.22,7.18
2020-04-29,300671,18.46,18.59,18.89,18.39,30235,75069588.0,2.66,-1.12,-0.21,3.85
2020-04-30,300671,18.85,19.87,20.04,18.84,64669,168924567.0,6.46,6.89,1.28,8.22
2020-05-06,300671,19.62,20.85,21.02,19.51,84498,229518745.0,7.6,4.93,0.98,10.75
2020-05-07,300671,20.9,20.95,21.35,20.71,82407,230031613.0,3.07,0.48,0.1,10.48
2020-05-08,300671,21.18,21.29,21.94,20.99,88133,249979979.0,4.53,1.62,0.34,11.21
2020-05-11,300671,21.55,21.06,21.78,20.8,61292,172913565.0,4.6,-1.08,-0.23,7.8
2020-05-12,300671,21.12,21.32,21.41,20.62,56317,157914232.0,3.75,1.23,0.26,7.16
2020-05-13,300671,21.14,21.42,21.69,21.02,66138,187600177.0,3.14,0.47,0.1,8.41
2020-05-14,300671,21.36,21.27,21.66,21.16,46952,133444560.0,2.33,-0.7,-0.15,5.97
2020-05-15,300671,21.46,21.43,21.89,21.15,79679,228376152.0,3.48,0.75,0.16,10.13
2020-05-18,300671,21.86,20.86,22.07,20.83,75011,213643998.0,5.79,-2.66,-0.57,9.54
2020-05-19,300671,21.19,21.8,22.31,21.14,105137,304145808.0,5.61,4.51,0.94,13.37
2020-05-20,300671,21.59,22.29,22.96,21.41,133513,393150768.0,7.11,2.25,0.49,16.98
2020-05-21,300671,22.2,20.28,22.28,20.15,123848,344958832.0,9.56,-9.02,-2.01,15.75
2020-05-22,300671,20.36,21.36,22.36,20.02,165392,473009488.0,11.54,5.33,1.08,21.04
2020-05-25,300671,21.4,19.66,21.49,19.51,126393,340495680.0,9.27,-7.96,-1.7,16.08
2020-05-26,300671,19.87,20.35,20.4,19.46,72757,194283261.0,4.78,3.51,0.69,9.25
2020-05-27,300671,20.34,19.9,20.7,19.56,64149,169558134.0,5.6,-2.21,-0.45,8.16
2020-05-28,300671,19.78,19.2,19.86,18.72,70797,180360495.0,5.73,-3.52,-0.7,9.0
2020-05-29,300671,19.09,18.62,19.26,18.59,59039,148229112.0,3.49,-3.02,-0.58,7.51
2020-06-01,300671,18.76,20.01,20.12,18.72,89039,231978247.0,7.52,7.47,1.39,11.32
2020-06-02,300671,20.03,21.46,21.46,19.93,111164,308272304.0,7.65,7.25,1.45,14.14
2020-06-03,300671,21.31,21.71,22.62,20.92,147320,426800000.0,7.92,1.16,0.25,18.74
2020-06-04,300671,21.72,21.49,22.11,21.16,103980,297801728.0,4.38,-1.01,-0.22,13.22
2020-06-05,300671,21.49,21.69,22.33,21.42,93283,270789376.0,4.23,0.93,0.2,11.86
2020-06-08,300671,21.82,21.55,22.15,21.14,68404,196892359.0,4.66,-0.65,-0.14,8.7
2020-06-09,300671,21.39,21.07,21.49,20.92,50357,141298635.0,2.65,-2.23,-0.48,6.4
2020-06-10,300671,21.01,20.39,21.01,20.12,53258,144634852.0,4.22,-3.23,-0.68,6.77
2020-06-11,300671,20.3,20.04,20.62,19.92,60891,163685304.0,3.43,-1.72,-0.35,7.85
2020-06-12,300671,19.49,19.89,20.02,19.26,46975,123295716.0,3.79,-0.75,-0.15,6.05
2020-06-15,300671,19.55,19.59,20.61,19.54,61623,162704478.0,5.38,-1.51,-0.3,7.94
2020-06-16,300671,19.76,20.87,20.88,19.75,82550,223113418.0,5.77,6.53,1.28,10.64
2020-06-17,300671,20.87,20.49,20.96,19.88,73381,197711829.0,5.17,-1.82,-0.38,9.45
2020-06-18,300671,20.28,20.39,20.65,20.18,46688,126782945.0,2.29,-0.49,-0.1,6.02
2020-06-19,300671,20.36,20.24,20.46,19.93,46864,125654260.0,2.6,-0.74,-0.15,6.04
2020-06-22,300671,20.3,21.22,21.38,20.3,99123,275801424.0,5.34,4.84,0.98,12.77
2020-06-23,300671,20.53,20.73,20.76,19.97,92914,252468915.0,3.72,-2.31,-0.49,11.97
2020-06-24,300671,20.72,21.31,21.72,20.61,101567,284733440.0,5.35,2.8,0.58,13.09
2020-06-29,300671,21.17,21.72,22.08,20.7,104989,299036336.0,6.48,1.92,0.41,13.53
2020-06-30,300671,21.71,21.92,22.06,21.59,97645,282086416.0,2.16,0.92,0.2,12.42
2020-07-01,300671,22.6,23.1,24.01,22.17,196819,600162896.0,8.39,5.38,1.18,25.03
2020-07-02,300671,22.69,22.97,23.51,22.66,130596,398491488.0,3.68,-0.56,-0.13,16.61
2020-07-03,300671,22.79,22.22,22.79,21.7,113455,333925552.0,4.75,-3.27,-0.75,14.43
2020-07-06,300671,22.02,23.7,23.7,22.02,137657,422172448.0,7.56,6.66,1.48,17.51
2020-07-07,300671,24.09,24.32,25.43,23.62,144478,468536224.0,7.64,2.62,0.62,18.38
2020-07-08,300671,23.98,24.59,24.73,23.85,97754,315107200.0,3.62,1.11,0.27,12.6
2020-07-09,300671,24.16,25.09,25.38,24.02,127971,419742896.0,5.53,2.03,0.5,16.49
2020-07-10,300671,24.69,26.16,26.55,24.55,149131,503266640.0,7.97,4.26,1.07,10.59
2020-07-13,300671,26.43,26.79,27.01,25.47,120491,420364656.0,5.89,2.41,0.63,8.55
2020-07-14,300671,28.01,27.18,29.0,26.96,140530,518452720.0,7.61,1.46,0.39,9.98
2020-07-15,300671,26.66,27.47,28.76,26.66,110331,403775616.0,7.73,1.07,0.29,7.83
2020-07-16,300671,27.69,25.82,28.55,25.22,127527,460716560.0,12.12,-6.01,-1.65,9.05
2020-07-17,300671,26.98,25.98,27.09,25.7,80973,281563728.0,5.38,0.62,0.16,5.75
2020-07-20,300671,26.23,24.97,26.59,23.33,122407,395464832.0,12.55,-3.89,-1.01,8.69
2020-07-21,300671,24.93,24.78,25.54,24.07,69409,229087399.0,5.89,-0.76,-0.19,4.93
2020-07-22,300671,24.93,25.15,25.32,24.63,61555,203965558.0,2.78,1.49,0.37,4.37
2020-07-23,300671,24.86,25.44,25.93,24.38,72328,241500851.0,6.16,1.15,0.29,5.13
2020-07-24,300671,25.29,23.74,25.46,23.47,60873,197869798.0,7.82,-6.68,-1.7,4.32
2020-07-27,300671,23.88,24.12,24.22,23.16,37298,117677175.0,4.47,1.6,0.38,2.65
2020-07-28,300671,24.2,24.75,25.3,23.78,53286,173105108.0,6.3,2.61,0.63,3.78
2020-07-29,300671,24.56,26.09,26.32,24.56,94482,323488320.0,7.11,5.41,1.34,6.71
2020-07-30,300671,26.84,26.1,26.84,25.55,69133,237608401.0,4.94,0.04,0.01,4.91
2020-07-31,300671,25.91,27.23,27.33,25.91,81651,287087520.0,5.44,4.33,1.13,5.8
2020-08-03,300671,27.36,28.3,28.44,27.29,80745,298800880.0,4.22,3.93,1.07,5.73
2020-08-04,300671,28.45,28.79,29.07,27.78,77197,291927920.0,4.56,1.73,0.49,5.48
2020-08-05,300671,29.55,28.93,30.59,27.85,85044,325248992.0,9.52,0.49,0.14,6.04
2020-08-06,300671,28.78,28.72,29.53,28.38,62032,235256087.0,3.98,-0.73,-0.21,4.4
2020-08-07,300671,29.01,29.32,29.77,28.01,76717,293658464.0,6.13,2.09,0.6,5.45
2020-08-10,300671,30.7,32.29,32.29,30.7,42270,178130791.0,5.42,10.13,2.97,3.0
2020-08-11,300671,35.56,35.36,35.57,34.47,133399,621675216.0,3.41,9.51,3.07,9.47
2020-08-12,300671,34.16,36.46,37.07,33.78,154758,721871648.0,9.3,3.11,1.1,10.99
2020-08-13,300671,38.01,35.78,38.39,34.33,104323,495540736.0,11.14,-1.87,-0.68,7.41
2020-08-14,300671,35.96,37.32,37.39,35.02,99319,478332976.0,6.62,4.3,1.54,7.05
2020-08-17,300671,37.24,41.09,41.09,37.24,114825,600470560.0,10.32,10.1,3.77,8.15
2020-08-18,300671,41.1,41.86,43.78,40.33,116214,644153664.0,8.4,1.87,0.77,8.25
2020-08-19,300671,41.92,40.55,42.6,39.39,96760,518558624.0,7.67,-3.13,-1.31,6.87
2020-08-20,300671,39.56,38.64,39.72,37.69,69806,354798336.0,5.01,-4.71,-1.91,4.96
2020-08-21,300671,39.62,36.55,39.96,36.04,77624,381285616.0,10.14,-5.41,-2.09,5.51
2020-08-24,300671,37.5,38.92,40.24,35.61,107099,535645520.0,12.67,6.48,2.37,7.6
2020-08-25,300671,38.94,38.69,39.98,38.16,77151,396886464.0,4.68,-0.59,-0.23,5.48
2020-08-26,300671,38.78,38.7,40.93,38.01,87345,452595506.0,7.55,0.03,0.01,6.2
2020-08-27,300671,38.01,38.72,39.98,37.33,74919,381368496.0,6.85,0.05,0.02,5.32
2020-08-28,300671,39.12,41.48,41.51,37.9,89886,469486308.0,9.32,7.13,2.76,6.38
2020-08-31,300671,42.78,47.13,48.39,41.97,135415,811893104.0,15.48,13.62,5.65,9.61
2020-09-01,300671,46.47,45.99,47.93,44.82,97814,588753094.0,6.6,-2.42,-1.14,6.94
2020-09-02,300671,45.32,46.02,47.15,44.0,78363,465550712.0,6.85,0.07,0.03,5.56
2020-09-03,300671,45.7,44.86,46.09,44.01,59409,351839702.0,4.52,-2.52,-1.16,4.22
2020-09-04,300671,44.17,44.66,45.78,43.04,66539,388124168.0,6.11,-0.45,-0.2,4.72
2020-09-07,300671,44.93,43.39,46.97,41.86,84103,496543616.0,11.44,-2.84,-1.27,5.97
2020-09-08,300671,43.09,43.42,50.32,38.9,112261,621030336.0,26.32,0.07,0.03,7.97
2020-09-09,300671,42.47,39.14,42.47,37.92,86051,450274276.0,10.48,-9.86,-4.28,6.11
2020-09-10,300671,39.16,37.24,40.31,36.47,52656,265155377.0,9.81,-4.85,-1.9,3.74
2020-09-11,300671,35.92,39.66,39.66,35.71,64930,320625435.0,10.61,6.5,2.42,4.61
2020-09-14,300671,39.73,40.55,40.55,38.16,65579,341266038.0,6.03,2.24,0.89,4.66
2020-09-15,300671,39.55,38.66,39.9,38.01,45293,232187473.0,4.66,-4.66,-1.89,3.22
2020-09-16,300671,38.85,37.03,39.03,36.93,37068,184493956.0,5.43,-4.22,-1.63,2.63
2020-09-17,300671,37.09,38.19,38.35,36.62,34482,170700058.0,4.67,3.13,1.16,2.45
2020-09-18,300671,38.9,39.16,39.72,38.25,41890,215401832.0,3.85,2.54,0.97,2.97
2020-09-21,300671,39.16,39.08,39.86,38.32,28998,149870054.0,3.93,-0.2,-0.08,2.06
2020-09-22,300671,38.87,39.38,40.59,38.39,36983,191531392.0,5.63,0.77,0.3,2.63
2020-09-23,300671,39.45,40.19,40.45,38.95,35309,184302128.0,3.81,2.06,0.81,2.51
2020-09-24,300671,40.64,40.79,41.62,40.29,51199,275024634.0,3.31,1.49,0.6,3.63
2020-09-25,300671,40.79,39.42,41.26,38.13,42053,219036011.0,7.67,-3.36,-1.37,2.99
2020-09-28,300671,39.46,37.46,40.16,36.61,47511,236803224.0,9.01,-4.97,-1.96,3.37
2020-09-29,300671,38.69,37.47,38.69,37.39,17781,88455345.0,3.47,0.03,0.01,1.26
2020-09-30,300671,38.59,37.57,38.59,36.95,26402,130730241.0,4.38,0.27,0.1,1.87
2020-10-09,300671,38.32,39.22,40.09,37.96,34279,175933750.0,5.67,4.39,1.65,2.43
2020-10-12,300671,40.03,40.13,40.22,38.86,49904,260379430.0,3.47,2.32,0.91,3.54
2020-10-13,300671,40.07,42.93,44.05,39.11,74658,408921824.0,12.31,6.98,2.8,5.3
2020-10-14,300671,43.02,43.47,44.12,42.62,55927,317301594.0,3.49,1.26,0.54,3.97
2020-10-15,300671,43.19,38.61,43.19,37.24,82764,432674560.0,13.69,-11.18,-4.86,5.88
2020-10-16,300671,38.66,37.31,39.4,36.86,53907,267797229.0,6.58,-3.37,-1.3,3.83
2020-10-19,300671,37.62,37.33,38.05,37.24,26571,131432569.0,2.17,0.05,0.02,1.89
2020-10-20,300671,37.33,35.7,37.67,34.4,72804,340315616.0,8.76,-4.37,-1.63,5.17
2020-10-21,300671,35.72,31.83,36.47,31.8,86355,376471488.0,13.08,-10.84,-3.87,6.13
2020-10-22,300671,31.86,31.86,32.46,30.94,66868,281234896.0,4.78,0.09,0.03,4.75
2020-10-23,300671,31.9,30.92,32.2,30.47,57955,239268924.0,5.43,-2.95,-0.94,4.11
2020-10-26,300671,30.76,31.16,31.61,30.42,36783,151145432.0,3.85,0.78,0.24,2.61
2020-10-27,300671,31.17,31.26,32.23,31.0,62511,260780810.0,3.95,0.32,0.1,4.44
2020-10-28,300671,31.42,31.94,32.06,31.09,56303,234853217.0,3.1,2.18,0.68,4.0
2020-10-29,300671,31.48,30.93,32.09,30.87,72982,302840736.0,3.82,-3.16,-1.01,5.18
2020-10-30,300671,31.05,31.07,31.98,30.74,62066,255750119.0,4.01,0.45,0.14,4.41
2020-11-02,300671,30.62,31.39,31.56,30.01,56191,228721296.0,4.99,1.03,0.32,3.99
2020-11-03,300671,31.86,32.99,34.15,31.72,96460,418063504.0,7.74,5.1,1.6,6.85
2020-11-04,300671,32.86,32.33,32.99,32.18,60138,257269343.0,2.46,-2.0,-0.66,4.27
2020-11-05,300671,32.89,33.74,34.07,32.4,93458,409558176.0,5.17,4.36,1.41,6.63
2020-11-06,300671,35.16,35.4,37.11,34.2,153279,716139296.0,8.62,4.92,1.66,10.88
2020-11-09,300671,35.66,40.29,41.78,35.66,185261,954096208.0,17.29,13.81,4.89,13.15
2020-11-10,300671,39.38,40.5,45.59,38.16,209839,1145405792.0,18.44,0.52,0.21,14.9
2020-11-11,300671,41.04,40.69,42.24,39.22,139347,743105088.0,7.46,0.47,0.19,9.89
2020-11-12,300671,40.7,39.63,41.42,38.97,103543,542256624.0,6.02,-2.61,-1.06,7.35
2020-11-13,300671,39.06,39.56,40.76,37.24,101651,525419264.0,8.88,-0.18,-0.07,7.22
2020-11-16,300671,39.62,39.04,39.92,38.39,73111,377455296.0,3.87,-1.31,-0.52,5.19
2020-11-17,300671,39.57,37.52,39.92,35.7,127110,624632992.0,10.81,-3.89,-1.52,9.02
2020-11-18,300671,37.62,37.76,38.82,36.67,87150,433054016.0,5.73,0.64,0.24,6.19
2020-11-19,300671,37.69,39.71,41.51,37.15,136565,712397664.0,11.55,5.16,1.95,9.7
2020-11-20,300671,38.86,38.42,39.52,37.69,96620,488391712.0,4.61,-3.25,-1.29,6.86
2020-11-23,300671,38.22,37.78,38.49,37.26,72425,360879296.0,3.2,-1.67,-0.64,5.14
2020-11-24,300671,38.06,38.53,39.23,37.52,91389,463440448.0,4.53,1.99,0.75,6.49
2020-11-25,300671,38.56,38.16,39.6,37.63,85351,435495920.0,5.11,-0.96,-0.37,6.06
2020-11-26,300671,38.01,37.72,38.78,37.56,67426,337843104.0,3.2,-1.15,-0.44,4.79
2020-11-27,300671,37.32,36.32,38.13,36.05,91691,443313504.0,5.51,-3.71,-1.4,6.51
2020-11-30,300671,36.48,34.26,36.78,34.16,113436,522641504.0,7.21,-5.67,-2.06,8.05
2020-12-01,300671,34.07,34.32,34.59,33.87,64782,292473152.0,2.1,0.18,0.06,4.6
2020-12-02,300671,34.56,35.58,36.19,34.32,95282,441174688.0,5.45,3.67,1.26,6.76
2020-12-03,300671,35.86,35.31,36.86,35.25,81845,388426736.0,4.53,-0.76,-0.27,5.81
2020-12-04,300671,34.93,35.09,35.89,34.66,52680,244361501.0,3.48,-0.62,-0.22,3.74
2020-12-07,300671,35.61,34.41,35.89,34.41,55885,257298466.0,4.22,-1.94,-0.68,3.97
2020-12-08,300671,34.22,34.6,34.86,34.22,38548,175626293.0,1.86,0.55,0.19,2.74
2020-12-09,300671,35.33,33.99,35.63,33.93,59730,274794400.0,4.91,-1.76,-0.61,4.24
2020-12-10,300671,33.31,33.33,34.15,33.09,53903,239124421.0,3.12,-1.94,-0.66,3.83
2020-12-11,300671,33.62,32.37,33.7,31.95,68213,292717344.0,5.25,-2.88,-0.96,4.84
2020-12-14,300671,32.51,32.65,33.2,32.16,36909,158859414.0,3.21,0.86,0.28,2.62
2020-12-15,300671,32.52,32.62,32.92,31.95,40656,174014162.0,2.97,-0.09,-0.03,2.89
2020-12-16,300671,32.62,31.71,32.62,31.71,42615,180349961.0,2.79,-2.79,-0.91,3.03
2020-12-17,300671,31.74,32.12,32.24,31.1,37724,158277308.0,3.6,1.29,0.41,2.68
2020-12-18,300671,33.27,32.13,34.05,32.03,69165,301268080.0,6.29,0.03,0.01,4.91
2020-12-21,300671,31.77,32.4,33.12,31.56,54597,234183448.0,4.86,0.84,0.27,3.88
2020-12-22,300671,32.16,31.32,32.69,31.31,54321,228946495.0,4.26,-3.33,-1.08,3.86
2020-12-23,300671,31.24,31.7,31.99,30.6,47635,197209168.0,4.44,1.21,0.38,3.38
2020-12-24,300671,31.86,32.8,33.61,31.84,84245,365262592.0,5.58,3.47,1.1,5.98
2020-12-25,300671,32.55,32.19,32.62,31.89,51487,218577209.0,2.23,-1.86,-0.61,3.66
2020-12-28,300671,32.52,29.32,32.52,29.01,86855,350058624.0,10.9,-8.92,-2.87,6.17
2020-12-29,300671,29.07,31.02,31.93,29.07,74976,306520960.0,9.75,5.8,1.7,5.32
2020-12-30,300671,30.85,31.79,31.93,29.99,58422,238400202.0,6.25,2.48,0.77,4.15
2020-12-31,300671,32.18,32.98,33.2,31.7,56336,242158329.0,4.72,3.74,1.19,3.97
2021-01-04,300671,32.69,33.32,33.59,32.35,58684,255614039.0,3.76,1.03,0.34,4.14
2021-01-05,300671,33.18,32.68,33.18,31.72,101776,433047280.0,4.38,-1.92,-0.64,6.5
2021-01-06,300671,33.19,31.87,33.76,31.87,71645,308959184.0,5.78,-2.48,-0.81,4.57
2021-01-07,300671,31.59,30.33,31.85,30.11,63037,255714176.0,5.46,-4.83,-1.54,4.02
2021-01-08,300671,30.0,31.52,32.36,29.94,69125,287270128.0,7.98,3.92,1.19,4.41
2021-01-11,300671,31.95,31.69,33.15,31.68,70947,302255408.0,4.66,0.54,0.17,4.53
2021-01-12,300671,31.7,30.8,31.72,30.26,57200,231818050.0,4.61,-2.81,-0.89,3.65
2021-01-13,300671,30.59,30.8,31.47,29.99,55259,224216171.0,4.81,0.0,0.0,3.53
2021-01-14,300671,30.66,32.39,32.92,30.49,100738,425699056.0,7.89,5.16,1.59,6.43
2021-01-15,300671,31.95,31.36,32.55,30.67,84100,350357232.0,5.8,-3.18,-1.03,5.37
2021-01-18,300671,31.09,32.94,33.54,30.83,106814,460371312.0,8.64,5.04,1.58,6.82
2021-01-19,300671,33.11,33.26,34.06,32.86,98843,435287488.0,3.64,0.97,0.32,6.31
2021-01-20,300671,33.37,34.66,34.81,32.68,122924,552497088.0,6.4,4.21,1.4,7.85
2021-01-21,300671,34.84,34.45,34.85,33.8,91796,414631552.0,3.03,-0.61,-0.21,5.86
2021-01-22,300671,35.37,34.53,35.86,33.4,134854,614132128.0,7.14,0.23,0.08,8.61
2021-01-25,300671,34.37,33.28,34.37,33.02,87611,388062576.0,3.91,-3.62,-1.25,5.59
2021-01-26,300671,33.32,32.62,34.36,32.52,64894,284675744.0,5.53,-1.98,-0.66,4.14
2021-01-27,300671,32.82,31.02,33.01,30.72,76888,319056400.0,7.02,-4.9,-1.6,4.91
2021-01-28,300671,30.78,30.62,31.69,30.39,48650,198460728.0,4.19,-1.29,-0.4,3.11
2021-01-29,300671,28.7,25.66,28.7,25.09,136130,475084016.0,11.79,-16.2,-4.96,8.69
2021-02-01,300671,25.47,25.15,25.92,24.7,71959,239636569.0,4.75,-1.99,-0.51,4.59
2021-02-02,300671,25.16,24.49,25.24,24.24,60560,197313968.0,3.98,-2.62,-0.66,3.87
2021-02-03,300671,24.7,23.75,24.9,23.54,58274,186723697.0,5.55,-3.02,-0.74,3.72
2021-02-04,300671,23.56,23.81,24.12,22.84,57965,180191524.0,5.39,0.25,0.06,3.7
2021-02-05,300671,23.76,22.75,24.01,22.59,41254,127519346.0,5.96,-4.45,-1.06,2.63
2021-02-08,300671,22.9,23.09,23.55,22.63,37642,115798864.0,4.04,1.49,0.34,2.4
2021-02-09,300671,23.09,24.25,24.38,22.86,41694,131315397.0,6.58,5.02,1.16,2.66
2021-02-10,300671,24.22,24.35,24.53,23.93,30773,98881022.0,2.47,0.41,0.1,1.96
2021-02-18,300671,24.86,25.89,26.36,24.62,56313,191890142.0,7.15,6.32,1.54,3.6
2021-02-19,300671,25.71,26.29,26.46,25.45,41513,142991170.0,3.9,1.54,0.4,2.65
2021-02-22,300671,26.32,25.99,27.09,25.99,43368,152144046.0,4.18,-1.14,-0.3,2.77
2021-02-23,300671,25.59,26.16,26.66,25.36,34992,120991329.0,5.0,0.65,0.17,2.23
2021-02-24,300671,25.94,26.76,27.38,25.94,47539,168987597.0,5.5,2.29,0.6,3.04
2021-02-25,300671,27.03,26.36,27.18,26.07,34275,119817298.0,4.15,-1.49,-0.4,2.19
2021-02-26,300671,26.16,26.22,26.97,25.96,26577,93073863.0,3.83,-0.53,-0.14,1.7
2021-03-01,300671,26.28,27.58,27.75,26.28,40282,145165684.0,5.61,5.19,1.36,2.57
2021-03-02,300671,27.82,27.45,27.92,26.97,33487,121037478.0,3.44,-0.47,-0.13,2.14
2021-03-03,300671,27.25,27.23,27.53,26.83,27507,98438679.0,2.55,-0.8,-0.22,1.76
2021-03-04,300671,26.96,26.28,27.47,25.98,37173,130528357.0,5.47,-3.49,-0.95,2.37
2021-03-05,300671,25.86,26.97,27.16,25.86,30575,108106572.0,4.95,2.63,0.69,1.95
2021-03-08,300671,27.09,26.56,28.0,26.4,35333,127078413.0,5.93,-1.52,-0.41,2.26
2021-03-09,300671,26.48,25.27,26.82,24.93,33484,114205046.0,7.12,-4.86,-1.29,2.14
2021-03-10,300671,25.54,24.59,25.86,24.56,26828,88539560.0,5.14,-2.69,-0.68,1.71
2021-03-11,300671,24.96,26.49,26.78,24.69,44427,152005553.0,8.5,7.73,1.9,2.84
2021-03-12,300671,26.36,25.98,27.09,25.76,36418,126862238.0,5.02,-1.93,-0.51,2.33
2021-03-15,300671,25.72,24.65,25.9,24.46,35490,117386681.0,5.54,-5.12,-1.33,2.27
2021-03-16,300671,25.86,25.77,27.53,25.77,60410,211469400.0,7.14,4.54,1.12,3.86
2021-03-17,300671,26.1,25.66,26.38,25.26,41575,141228942.0,4.35,-0.43,-0.11,2.65
2021-03-18,300671,25.7,25.22,25.86,25.0,37052,124417846.0,3.35,-1.71,-0.44,2.37
2021-03-19,300671,25.07,24.98,25.42,24.8,22495,74763576.0,2.46,-0.95,-0.24,1.44
2021-03-22,300671,25.08,25.18,25.38,24.9,20872,69437026.0,1.92,0.8,0.2,1.33
2021-03-23,300671,25.42,25.56,26.27,25.26,36885,125460297.0,4.01,1.51,0.38,2.36
2021-03-24,300671,25.29,24.64,25.31,24.51,26562,87319037.0,3.13,-3.6,-0.92,1.7
2021-03-25,300671,24.63,24.66,24.91,24.29,17155,56059731.0,2.52,0.08,0.02,1.1
2021-03-26,300671,24.69,25.29,25.42,24.48,25896,85552495.0,3.81,2.55,0.63,1.65
2021-03-29,300671,25.73,25.7,26.38,25.25,42036,143800303.0,4.47,1.62,0.41,2.68
2021-03-30,300671,25.56,25.92,26.15,25.49,30304,103417004.0,2.57,0.86,0.22,1.93
2021-03-31,300671,25.86,26.9,27.01,25.72,52117,183249844.0,4.98,3.78,0.98,3.33
2021-04-01,300671,26.94,27.89,28.02,26.76,63838,233278370.0,4.68,3.68,0.99,4.08
2021-04-02,300671,28.09,30.2,30.69,28.07,107236,419220448.0,9.39,8.28,2.31,6.85
2021-04-06,300671,30.51,31.13,31.45,29.7,87710,354113520.0,5.79,3.08,0.93,5.6
2021-04-07,300671,30.93,33.02,33.52,30.32,103731,439382272.0,10.28,6.07,1.89,6.62
2021-04-08,300671,32.63,32.82,33.39,32.34,65994,285929824.0,3.18,-0.61,-0.2,4.21
2021-04-09,300671,34.47,35.07,35.9,33.08,173018,793021536.0,8.59,6.86,2.25,11.05
2021-04-12,300671,34.79,35.7,37.09,34.79,132591,631444720.0,6.56,1.8,0.63,8.47
2021-04-13,300671,36.28,34.93,36.44,34.4,105536,490967872.0,5.71,-2.16,-0.77,6.74
2021-04-14,300671,34.93,35.78,36.28,34.91,67081,315733136.0,3.92,2.43,0.85,4.28
2021-04-15,300671,35.39,36.71,37.03,35.32,65340,313163920.0,4.78,2.6,0.93,4.17
2021-04-16,300671,36.9,36.45,37.69,36.24,54376,262650275.0,3.95,-0.71,-0.26,3.47
2021-04-19,300671,36.16,36.19,36.41,35.61,66578,315623792.0,2.19,-0.71,-0.26,4.25
2021-04-20,300671,35.86,36.32,37.46,35.47,59757,287603952.0,5.5,0.36,0.13,3.82
2021-04-21,300671,36.29,37.76,38.31,36.13,57909,285546096.0,6.0,3.96,1.44,3.7
2021-04-22,300671,37.92,38.72,39.5,37.26,71322,363629376.0,5.93,2.54,0.96,4.55
2021-04-23,300671,38.76,43.42,43.51,38.76,104086,571119344.0,12.27,12.14,4.7,6.65
2021-04-26,300671,43.82,44.96,46.2,42.62,113682,667691584.0,8.25,3.55,1.54,7.26
2021-04-27,300671,44.63,42.32,45.31,41.46,109900,617600256.0,8.56,-5.87,-2.64,7.02
2021-04-28,300671,42.25,42.72,43.55,41.71,62576,350905280.0,4.35,0.95,0.4,4.0
2021-04-29,300671,42.96,42.47,44.83,42.3,76711,435135168.0,5.92,-0.59,-0.25,4.9
2021-04-30,300671,42.78,42.32,43.16,42.05,52607,294404032.0,2.61,-0.35,-0.15,3.36
2021-05-06,300671,42.04,42.24,42.78,41.34,65879,365024000.0,3.4,-0.19,-0.08,4.21
2021-05-07,300671,42.4,37.93,42.52,37.24,128987,665290064.0,12.5,-10.2,-4.31,8.24
2021-05-10,300671,38.36,36.69,38.36,36.32,66726,326745920.0,5.38,-3.27,-1.24,4.26
2021-05-11,300671,36.68,37.05,37.37,36.31,54392,264028682.0,2.89,0.98,0.36,3.47
2021-05-12,300671,36.97,44.55,44.55,36.72,112567,606290544.0,21.13,20.24,7.5,7.19
2021-05-13,300671,45.7,47.63,50.7,45.54,162749,1026486496.0,11.58,6.91,3.08,10.39
2021-05-14,300671,48.5,47.75,49.13,46.72,88431,555234608.0,5.06,0.25,0.12,5.65
2021-05-17,300671,48.19,49.07,50.99,48.19,110756,722389232.0,5.86,2.76,1.32,7.07
2021-05-18,300671,49.0,49.47,50.69,48.2,66053,428397488.0,5.07,0.82,0.4,4.22
2021-05-19,300671,50.12,49.74,50.24,48.82,49906,324215152.0,2.87,0.55,0.27,3.19
2021-05-20,300671,49.47,49.96,51.31,48.78,65976,433959456.0,5.09,0.44,0.22,4.18
2021-05-21,300671,50.76,51.99,53.07,50.46,85974,584325536.0,5.22,4.06,2.03,5.45
2021-05-24,300671,52.94,50.09,53.4,48.78,77199,510873520.0,8.89,-3.65,-1.9,4.9
2021-05-25,300671,50.74,49.69,51.32,49.29,56308,370312640.0,4.05,-0.8,-0.4,3.57
2021-05-26,300671,50.22,49.46,50.22,47.91,51341,329949664.0,4.65,-0.46,-0.23,3.26
2021-05-27,300671,49.5,54.49,56.28,49.45,156626,840546384.0,13.81,10.17,5.03,7.64
2021-05-28,300671,53.76,56.85,58.18,52.78,136219,761921792.0,9.91,4.33,2.36,6.65
2021-05-31,300671,56.84,56.45,57.49,55.86,78855,448873728.0,2.87,-0.7,-0.4,3.85
2021-06-01,300671,56.51,55.6,58.85,54.78,96746,548610272.0,7.21,-1.51,-0.85,4.72
2021-06-02,300671,54.69,55.69,56.2,52.75,99030,543687952.0,6.21,0.16,0.09,4.83
2021-06-03,300671,55.68,57.87,59.6,54.05,114198,661597648.0,9.97,3.91,2.18,5.57
2021-06-04,300671,57.98,66.75,67.6,57.82,163175,1035823760.0,16.9,15.34,8.88,7.96
2021-06-07,300671,69.7,69.05,72.5,67.86,166266,1166416688.0,6.95,3.45,2.3,8.11
2021-06-08,300671,69.09,69.53,70.72,66.8,118913,820724560.0,5.68,0.7,0.48,5.8
2021-06-09,300671,69.48,67.65,70.26,66.4,104244,710430352.0,5.55,-2.7,-1.88,5.09
2021-06-10,300671,67.71,68.11,68.87,66.59,91545,622517104.0,3.37,0.68,0.46,4.47
2021-06-11,300671,68.77,70.13,72.38,67.18,114435,803127616.0,7.63,2.97,2.02,5.58
2021-06-15,300671,71.5,69.62,73.58,68.7,92104,656379648.0,6.96,-0.73,-0.51,4.49
2021-06-16,300671,69.04,67.66,71.42,66.78,80727,558327728.0,6.66,-2.82,-1.96,3.94
2021-06-17,300671,66.37,72.09,73.97,66.37,139255,988216640.0,11.23,6.55,4.43,6.79
2021-06-18,300671,71.64,72.15,72.18,68.47,115789,817532752.0,5.15,0.08,0.06,5.65
2021-06-21,300671,70.61,78.71,81.53,70.61,125839,968826208.0,15.14,9.09,6.56,6.14
2021-06-22,300671,78.91,76.02,79.73,75.25,94687,727737872.0,5.69,-3.42,-2.69,4.62
2021-06-23,300671,76.3,83.65,85.2,75.3,135608,1089892000.0,13.02,10.04,7.63,6.62
2021-06-24,300671,82.2,85.1,85.7,80.11,100234,826989328.0,6.68,1.73,1.45,4.89
2021-06-25,300671,85.1,86.4,89.58,82.71,95203,823600576.0,8.07,1.53,1.3,4.65
2021-06-28,300671,85.7,99.45,103.68,85.3,126842,1235104544.0,21.27,15.1,13.05,6.19
2021-06-29,300671,99.7,109.4,111.14,98.21,141600,1478652016.0,13.0,10.01,9.95,6.91
2021-06-30,300671,122.7,131.34,131.34,118.2,81320,1035790336.0,12.01,20.05,21.94,3.99
2021-07-01,300671,137.7,128.3,145.61,114.7,193168,2539540000.0,23.53,-2.31,-3.04,9.47
2021-07-02,300671,130.28,139.19,145.6,125.2,193730,2612365600.0,15.9,8.49,10.89,9.5
2021-07-05,300671,145.11,143.73,152.5,127.66,293312,4011093872.0,17.85,3.26,4.54,14.38
2021-07-06,300671,140.44,142.0,149.12,136.25,203439,2898787152.0,8.95,-1.2,-1.73,9.98
2021-07-07,300671,138.03,162.38,166.0,134.7,215231,3278527936.0,22.04,14.35,20.38,10.55
2021-07-08,300671,160.21,158.95,167.7,157.3,190932,3109643152.0,6.4,-2.11,-3.43,9.36
2021-07-09,300671,158.99,148.12,160.7,143.65,193002,2886304400.0,10.73,-6.81,-10.83,9.46
2021-07-12,300671,150.3,151.35,154.7,142.71,172583,2587140368.0,8.09,2.18,3.23,8.46
2021-07-13,300671,147.7,134.96,149.54,132.82,231921,3263839216.0,11.05,-10.83,-16.39,11.37
2021-07-14,300671,137.6,141.35,147.7,135.2,209031,2968883200.0,9.26,4.73,6.39,10.25
2021-07-15,300671,137.71,143.98,146.3,136.36,123288,1763519808.0,7.03,1.86,2.63,6.05
2021-07-16,300671,142.16,141.78,149.67,139.7,137539,1994045568.0,6.92,-1.53,-2.2,6.74
2021-07-19,300671,136.76,142.94,146.2,136.14,96238,1373105216.0,7.1,0.82,1.16,4.72
2021-07-20,300671,142.36,148.08,149.38,139.2,135352,1974702064.0,7.12,3.6,5.14,6.64
2021-07-21,300671,147.7,150.48,159.82,146.03,189319,2890205440.0,9.31,1.62,2.4,9.28
2021-07-22,300671,148.7,157.3,159.7,143.69,186888,2866782464.0,10.64,4.53,6.82,9.16
2021-07-23,300671,154.8,163.7,169.63,152.8,161466,2633484096.0,10.7,4.07,6.4,7.92
2021-07-26,300671,160.71,169.58,173.67,156.73,181307,3016468224.0,10.35,3.59,5.88,8.89
2021-07-27,300671,168.51,160.36,178.55,157.2,217729,3692224256.0,12.59,-5.44,-9.22,10.68
2021-07-28,300671,154.7,142.01,157.48,135.7,183276,2689888480.0,13.58,-11.44,-18.35,8.99
2021-07-29,300671,147.2,150.35,154.45,144.75,167452,2501754656.0,6.83,5.87,8.34,8.21
2021-07-30,300671,151.34,147.2,158.28,146.2,138888,2100495840.0,8.03,-2.1,-3.15,6.81
2021-08-02,300671,143.71,148.9,149.92,136.58,158640,2263217568.0,9.06,1.15,1.7,7.78
2021-08-03,300671,148.7,131.68,148.7,129.1,196794,2683086480.0,13.16,-11.56,-17.22,9.65
2021-08-04,300671,131.72,135.53,138.58,131.72,167783,2274087648.0,5.21,2.92,3.85,8.23
2021-08-05,300671,133.8,132.1,138.9,131.95,117912,1591607232.0,5.13,-2.53,-3.43,5.78
2021-08-06,300671,134.21,127.28,136.49,123.25,161854,2066411248.0,10.02,-3.65,-4.82,7.94
2021-08-09,300671,125.69,128.4,130.4,122.75,128956,1641384400.0,6.01,0.88,1.12,6.32
2021-08-10,300671,128.72,124.67,129.38,120.7,112784,1407223200.0,6.76,-2.9,-3.73,5.53
2021-08-11,300671,123.98,123.94,125.47,120.56,96961,1196138464.0,3.94,-0.59,-0.73,4.75
2021-08-12,300671,123.95,124.45,129.38,123.33,129555,1637887568.0,4.88,0.41,0.51,6.35
2021-08-13,300671,118.11,114.69,119.7,113.7,167721,1950852160.0,4.82,-7.84,-9.76,8.22
2021-08-16,300671,116.0,129.19,131.69,115.3,231979,2904848240.0,14.29,12.64,14.5,11.37
2021-08-17,300671,131.72,128.7,134.83,126.63,144391,1877896064.0,6.35,-0.38,-0.49,7.08
2021-08-18,300671,130.01,129.7,135.21,125.54,156775,2058444480.0,7.51,0.78,1.0,7.69
2021-08-19,300671,127.87,126.31,129.9,122.29,118420,1504450048.0,5.87,-2.61,-3.39,5.81
2021-08-20,300671,126.65,127.16,134.2,126.02,143128,1866004448.0,6.48,0.67,0.85,7.02
2021-08-23,300671,125.72,123.65,128.7,123.28,132136,1664982240.0,4.26,-2.76,-3.51,6.48
2021-08-24,300671,122.86,124.42,129.58,119.92,144312,1812645424.0,7.81,0.62,0.77,7.08
2021-08-25,300671,124.84,129.7,132.2,124.84,144355,1858430896.0,5.92,4.24,5.28,7.08
2021-08-26,300671,131.71,129.72,133.28,125.82,150798,1962400048.0,5.75,0.02,0.02,7.39
2021-08-27,300671,127.42,123.7,127.44,122.99,124752,1561678688.0,3.43,-4.64,-6.02,6.12
2021-08-30,300671,123.72,118.3,127.18,116.8,127890,1561369936.0,8.39,-4.37,-5.4,6.27
2021-08-31,300671,116.58,117.71,119.4,114.8,93924,1101746240.0,3.89,-0.5,-0.59,4.61
2021-09-01,300671,119.61,115.5,119.69,112.9,83190,967311712.0,5.77,-1.88,-2.21,4.08
2021-09-02,300671,115.7,111.7,116.24,111.11,97560,1107158032.0,4.44,-3.29,-3.8,4.78
2021-09-03,300671,110.74,111.47,114.43,108.3,98178,1098212640.0,5.49,-0.21,-0.23,4.81
2021-09-06,300671,110.7,117.35,117.8,108.71,112311,1287394000.0,8.15,5.27,5.88,5.51
2021-09-07,300671,116.7,119.64,120.46,114.58,100460,1184421040.0,5.01,1.95,2.29,4.93
2021-09-08,300671,120.7,116.5,120.7,116.38,69699,824297584.0,3.61,-2.62,-3.14,3.42
2021-09-09,300671,115.8,114.8,118.15,113.4,58964,681362992.0,4.08,-1.46,-1.7,2.89
2021-09-10,300671,114.72,121.3,122.3,113.31,108991,1298815376.0,7.83,5.66,6.5,5.34
2021-09-13,300671,120.35,111.05,120.5,109.46,136145,1542488544.0,9.1,-8.45,-10.25,6.68
2021-09-14,300671,111.04,113.5,116.67,110.71,104106,1193270288.0,5.37,2.21,2.45,5.1
2021-09-15,300671,112.71,113.6,116.5,111.44,67839,776321536.0,4.46,0.09,0.1,3.33
2021-09-16,300671,114.61,108.94,115.0,108.2,81693,904471312.0,5.99,-4.1,-4.66,4.01
2021-09-17,300671,109.7,109.87,112.22,105.88,69202,757850992.0,5.82,0.85,0.93,3.39
2021-09-22,300671,108.6,115.35,117.1,107.7,95442,1093552864.0,8.56,4.99,5.48,4.68
2021-09-23,300671,116.45,115.18,123.69,113.51,127263,1511474672.0,8.83,-0.15,-0.17,6.24
2021-09-24,300671,115.25,115.0,117.03,111.2,79466,911844560.0,5.06,-0.16,-0.18,3.9
2021-09-27,300671,115.93,108.69,116.7,108.55,86245,962174304.0,7.09,-5.49,-6.31,4.23
2021-09-28,300671,108.98,113.04,116.4,108.7,106076,1211091152.0,7.08,4.0,4.35,5.2
2021-09-29,300671,111.7,108.83,112.7,108.28,78130,859254016.0,3.91,-3.72,-4.21,3.83
2021-09-30,300671,108.95,111.58,112.63,107.76,63368,704804448.0,4.47,2.53,2.75,3.11
2021-10-08,300671,113.58,111.0,115.55,109.73,76521,859474432.0,5.22,-0.52,-0.58,3.75
2021-10-11,300671,110.7,107.29,112.17,105.21,75124,810284416.0,6.27,-3.34,-3.71,3.68
2021-10-12,300671,105.92,95.8,108.18,94.04,147361,1456084352.0,13.18,-10.71,-11.49,7.23
2021-10-13,300671,95.2,99.06,99.44,93.39,83787,808510784.0,6.32,3.4,3.26,4.11
2021-10-14,300671,87.58,90.5,91.68,84.38,207643,1819923744.0,7.37,-8.64,-8.56,10.18
2021-10-15,300671,89.21,88.62,92.13,88.2,147539,1326682480.0,4.34,-2.08,-1.88,7.23
2021-10-18,300671,87.71,89.39,89.53,86.3,104546,924313872.0,3.64,0.87,0.77,5.13
2021-10-19,300671,90.68,89.8,91.7,87.58,91046,820183136.0,4.61,0.46,0.41,4.46
2021-10-20,300671,90.3,88.75,91.17,88.65,75660,679278800.0,2.81,-1.17,-1.05,3.71
2021-10-21,300671,89.9,88.05,90.5,87.82,70419,627303472.0,3.02,-0.79,-0.7,3.45
2021-10-22,300671,89.96,88.2,90.58,88.05,107757,966831792.0,2.87,0.17,0.15,5.28
2021-10-25,300671,89.51,90.19,91.17,87.2,98743,882495840.0,4.5,2.26,1.99,4.84
2021-10-26,300671,89.7,88.4,90.5,88.2,88402,790596288.0,2.55,-1.98,-1.79,4.33
2021-10-27,300671,84.89,84.9,87.13,83.7,104728,893227616.0,3.88,-3.96,-3.5,5.14
2021-10-28,300671,84.89,81.69,86.03,81.2,90068,750894384.0,5.69,-3.78,-3.21,4.42
2021-10-29,300671,82.32,81.29,84.09,80.8,86323,711540624.0,4.03,-0.49,-0.4,4.23
2021-11-01,300671,81.31,80.2,81.95,79.14,82926,672216928.0,3.46,-1.34,-1.09,4.07
2021-11-02,300671,80.7,79.75,83.93,78.6,114206,930148496.0,6.65,-0.56,-0.45,5.6
2021-11-03,300671,80.77,81.6,83.19,79.95,104292,851567504.0,4.06,2.32,1.85,5.11
2021-11-04,300671,82.95,82.65,83.59,81.72,90722,751032144.0,2.29,1.29,1.05,4.45
2021-11-05,300671,84.08,79.61,84.5,79.55,102541,840751104.0,5.99,-3.68,-3.04,5.03
2021-11-08,300671,77.63,78.22,78.61,76.4,83896,652528800.0,2.78,-1.75,-1.39,4.11
2021-11-09,300671,78.07,80.9,82.11,77.22,103866,834478032.0,6.25,3.43,2.68,5.09
2021-11-10,300671,80.38,83.45,85.32,80.19,145430,1209860512.0,6.34,3.15,2.55,7.13
2021-11-11,300671,82.97,85.65,87.31,81.61,179968,1528079056.0,6.83,2.64,2.2,8.82
2021-11-12,300671,84.7,84.58,86.47,83.99,110754,943372624.0,2.9,-1.25,-1.07,5.43
2021-11-15,300671,84.54,81.6,85.29,81.58,103084,858585968.0,4.39,-3.52,-2.98,5.05
2021-11-16,300671,81.69,78.85,82.5,78.72,100404,810954032.0,4.63,-3.37,-2.75,4.92
2021-11-17,300671,79.51,79.52,80.0,78.48,64615,513562512.0,1.93,0.85,0.67,3.17
2021-11-18,300671,79.51,78.55,80.26,77.78,64915,513255088.0,3.12,-1.22,-0.97,3.18
2021-11-19,300671,79.06,78.65,79.36,77.21,67750,531043808.0,2.74,0.13,0.1,3.32
2021-11-22,300671,78.68,86.34,86.69,78.3,221237,1860331984.0,10.67,9.78,7.69,10.85
2021-11-23,300671,85.7,87.2,90.69,85.0,201891,1774571552.0,6.59,1.0,0.86,9.9
2021-11-24,300671,86.91,85.66,89.49,85.35,132093,1153083184.0,4.75,-1.77,-1.54,6.48
2021-11-25,300671,85.65,93.3,94.65,84.95,233283,2141947248.0,11.32,8.92,7.64,11.44
2021-11-26,300671,91.28,89.12,92.92,88.28,206839,1866739168.0,4.97,-4.48,-4.18,10.14
2021-11-29,300671,86.5,90.2,91.4,86.27,120357,1078655136.0,5.76,1.21,1.08,5.9
2021-11-30,300671,91.13,88.43,91.69,87.89,119997,1077881360.0,4.21,-1.96,-1.77,5.88
2021-12-01,300671,87.46,91.07,93.06,87.21,137397,1251698000.0,6.62,2.99,2.64,6.74
2021-12-02,300671,90.4,89.69,93.18,89.38,119488,1089729248.0,4.17,-1.52,-1.38,5.86
2021-12-03,300671,90.0,90.7,91.58,88.81,106177,964223904.0,3.09,1.13,1.01,5.21
2021-12-06,300671,91.0,86.2,91.18,85.73,118950,1041704128.0,6.01,-4.96,-4.5,5.83
2021-12-07,300671,86.2,82.75,87.02,81.61,100239,839389248.0,6.28,-4.0,-3.45,4.91
2021-12-08,300671,83.25,89.9,90.05,83.25,169649,1497382368.0,8.22,8.64,7.15,8.32
2021-12-09,300671,89.7,90.59,91.54,88.92,106204,962617312.0,2.91,0.77,0.69,5.21
2021-12-10,300671,90.45,89.88,90.89,87.5,92903,830717264.0,3.74,-0.78,-0.71,4.56
2021-12-13,300671,89.88,89.1,90.18,88.4,65430,585339984.0,1.98,-0.87,-0.78,3.21
2021-12-14,300671,89.2,88.95,90.39,87.28,84095,748454416.0,3.49,-0.17,-0.15,4.12
2021-12-15,300671,90.28,90.97,96.56,90.22,193108,1797188656.0,7.13,2.27,2.02,9.47
2021-12-16,300671,90.7,92.35,95.1,90.59,148940,1394868480.0,4.96,1.52,1.38,7.27
2021-12-17,300671,91.7,87.42,92.14,87.11,122222,1088432768.0,5.45,-5.34,-4.93,5.96
2021-12-20,300671,86.52,85.04,87.51,83.53,78894,674289184.0,4.55,-2.72,-2.38,3.85
2021-12-21,300671,84.72,85.84,86.11,83.91,51127,437147680.0,2.59,0.94,0.8,2.49
2021-12-22,300671,86.58,84.56,87.2,84.51,57793,495501600.0,3.13,-1.49,-1.28,2.82
2021-12-23,300671,84.7,85.04,85.42,82.81,53222,450252912.0,3.09,0.57,0.48,2.6
2021-12-24,300671,85.04,81.13,86.18,80.9,80994,674150400.0,6.21,-4.6,-3.91,3.95
2021-12-27,300671,79.79,80.07,81.9,79.6,46140,373280928.0,2.83,-1.31,-1.06,2.25
2021-12-28,300671,81.08,82.03,82.25,80.1,46473,378928480.0,2.69,2.45,1.96,2.27
2021-12-29,300671,81.81,80.39,81.99,80.21,43429,351978016.0,2.17,-2.0,-1.64,2.12
2021-12-30,300671,80.5,81.86,83.14,80.5,57600,474036272.0,3.28,1.83,1.47,2.81
2021-12-31,300671,82.52,80.75,82.52,80.48,51275,416642384.0,2.49,-1.36,-1.11,2.51
2022-01-04,300671,80.75,78.4,81.37,78.21,61861,491338896.0,3.91,-2.91,-2.35,3.03
2022-01-05,300671,78.0,79.08,79.7,76.88,48490,382427168.0,3.6,0.87,0.68,2.37
2022-01-06,300671,78.26,79.88,80.5,77.3,53053,421845824.0,4.05,1.01,0.8,2.6
2022-01-07,300671,79.51,77.82,80.3,77.5,48873,384668432.0,3.51,-2.58,-2.06,2.39
2022-01-10,300671,77.5,78.01,78.69,75.95,38438,298818272.0,3.52,0.24,0.19,1.88
2022-01-11,300671,77.76,76.62,78.4,76.52,30503,236092034.0,2.41,-1.78,-1.39,1.49
2022-01-12,300671,77.4,78.82,79.3,77.31,39451,310447968.0,2.6,2.87,2.2,1.93
2022-01-13,300671,79.12,78.53,80.7,77.66,44750,355443488.0,3.86,-0.37,-0.29,2.19
2022-01-14,300671,77.92,80.64,81.62,77.91,59510,480742880.0,4.72,2.69,2.11,2.91
2022-01-17,300671,79.88,80.96,81.5,79.18,56299,454322752.0,2.88,0.4,0.32,2.76
2022-01-18,300671,80.7,81.62,83.14,80.08,60537,497956032.0,3.78,0.82,0.66,2.96
2022-01-19,300671,80.82,79.59,80.85,79.2,39291,314574384.0,2.02,-2.49,-2.03,1.92
2022-01-20,300671,79.13,77.98,80.29,77.61,34628,273594800.0,3.37,-2.02,-1.61,1.7
2022-01-21,300671,77.61,77.79,79.09,76.71,34729,271600848.0,3.05,-0.24,-0.19,1.7
2022-01-24,300671,76.7,65.9,79.31,62.23,141062,982276432.0,21.96,-15.28,-11.89,6.91
2022-01-25,300671,66.16,65.21,67.23,65.2,74405,494091248.0,3.08,-1.05,-0.69,3.64
2022-01-26,300671,65.27,64.53,66.51,64.51,48024,315112240.0,3.07,-1.04,-0.68,2.35
2022-01-27,300671,64.7,62.36,65.19,62.36,49932,318698752.0,4.39,-3.36,-2.17,2.44
2022-01-28,300671,62.91,63.0,64.56,61.73,42225,268091289.0,4.54,1.03,0.64,2.07
2022-02-07,300671,64.2,63.51,65.7,63.08,33310,214029666.0,4.16,0.81,0.51,1.63
2022-02-08,300671,62.82,63.69,63.81,62.04,30398,191914625.0,2.79,0.28,0.18,1.49
2022-02-09,300671,63.69,64.15,64.25,62.28,40542,258134670.0,3.09,0.72,0.46,1.98
2022-02-10,300671,64.68,64.47,65.45,63.2,49324,318910624.0,3.51,0.5,0.32,2.41
2022-02-11,300671,63.69,63.29,64.3,63.22,32176,205712981.0,1.68,-1.83,-1.18,1.58
2022-02-14,300671,62.79,62.43,64.11,61.92,29765,188120240.0,3.46,-1.36,-0.86,1.46
2022-02-15,300671,63.0,64.1,64.16,62.59,44803,286470832.0,2.51,2.67,1.67,2.19
2022-02-16,300671,65.65,63.37,65.65,63.05,45414,290982064.0,4.06,-1.14,-0.73,2.22
2022-02-17,300671,63.02,64.83,67.36,62.81,74443,485477856.0,7.18,2.3,1.46,3.64
2022-02-18,300671,64.55,65.66,66.36,64.41,51362,337957040.0,3.01,1.28,0.83,2.51
2022-02-21,300671,65.21,65.09,65.82,64.57,35915,234518004.0,1.9,-0.87,-0.57,1.76
2022-02-22,300671,64.41,63.95,65.19,62.82,44434,285087168.0,3.64,-1.75,-1.14,2.18
2022-02-23,300671,64.34,67.8,68.41,64.1,100423,675217264.0,6.74,6.02,3.85,4.92
2022-02-24,300671,67.14,67.68,69.21,65.98,103783,707279552.0,4.76,-0.18,-0.12,5.08
2022-02-25,300671,68.88,67.67,69.5,67.48,59523,408395872.0,2.98,-0.01,-0.01,2.91
2022-02-28,300671,66.9,67.14,68.08,66.72,39099,263817677.0,2.01,-0.78,-0.53,1.91
2022-03-01,300671,67.5,66.65,67.75,66.1,42471,284571408.0,2.46,-0.73,-0.49,2.08
2022-03-02,300671,66.0,66.0,66.35,65.2,32214,212766737.0,1.73,-0.98,-0.65,1.58
2022-03-03,300671,66.48,64.86,67.18,64.86,43347,285810704.0,3.52,-1.73,-1.14,2.12
2022-03-04,300671,64.97,71.14,74.5,64.56,153710,1093814752.0,15.33,9.68,6.28,7.52
2022-03-07,300671,70.99,77.72,78.01,70.7,180314,1346365760.0,10.28,9.25,6.58,8.83
2022-03-08,300671,77.8,78.4,82.8,76.48,188034,1507148528.0,8.13,0.87,0.68,9.21
2022-03-09,300671,78.16,81.16,81.89,76.66,162206,1293234544.0,6.67,3.52,2.76,7.94
2022-03-10,300671,83.2,79.87,84.19,78.7,153944,1256278832.0,6.76,-1.59,-1.29,7.54
2022-03-11,300671,79.25,81.1,83.97,78.71,130249,1063949920.0,6.59,1.54,1.23,6.38
2022-03-14,300671,79.19,80.97,83.62,76.3,123496,993904752.0,9.03,-0.16,-0.13,6.05
2022-03-15,300671,80.2,83.4,86.58,77.81,186761,1566586800.0,10.83,3.0,2.43,9.14
2022-03-16,300671,85.56,94.15,95.76,82.66,234246,2065016320.0,15.71,12.89,10.75,11.47
2022-03-17,300671,93.73,92.21,97.7,91.18,217890,2054459888.0,6.93,-2.06,-1.94,10.67
2022-03-18,300671,90.7,97.1,98.36,90.3,187875,1794322320.0,8.74,5.3,4.89,9.2
2022-03-21,300671,97.51,101.5,103.58,94.27,161453,1585786576.0,9.59,4.53,4.4,7.9
2022-03-22,300671,100.51,95.3,105.27,95.3,173737,1748580896.0,9.82,-6.11,-6.2,8.51
2022-03-23,300671,94.7,97.31,97.73,90.82,204866,1934130496.0,7.25,2.11,2.01,10.03
2022-03-24,300671,95.82,89.25,97.24,88.88,157114,1464587712.0,8.59,-8.28,-8.06,7.69
2022-03-25,300671,89.57,87.78,91.18,87.5,119846,1075128880.0,4.12,-1.65,-1.47,5.87
2022-03-28,300671,86.57,90.0,90.38,85.9,102559,914909792.0,5.1,2.53,2.22,5.02
2022-03-29,300671,89.24,85.89,91.17,84.96,123463,1084473776.0,6.9,-4.57,-4.11,6.04
2022-03-30,300671,86.72,86.12,89.2,85.79,120980,1061249024.0,3.97,0.27,0.23,5.92
2022-03-31,300671,85.06,81.7,85.57,81.28,146389,1217492464.0,4.98,-5.13,-4.42,7.17
2022-04-01,300671,81.68,81.72,83.68,81.09,76158,628505680.0,3.17,0.02,0.02,3.73
2022-04-06,300671,81.72,79.09,82.36,78.15,86630,691314960.0,5.15,-3.22,-2.63,4.24
2022-04-07,300671,78.69,76.09,79.36,76.02,79059,613976672.0,4.22,-3.79,-3.0,3.87
2022-04-08,300671,76.7,77.9,79.85,75.71,99778,780076624.0,5.44,2.38,1.81,4.88
2022-04-11,300671,76.34,73.1,77.89,72.79,92335,693014048.0,6.55,-6.16,-4.8,4.52
2022-04-12,300671,72.99,71.96,73.62,70.2,82335,592054672.0,4.68,-1.56,-1.14,4.03
2022-04-13,300671,71.7,68.51,71.7,68.5,70968,496745568.0,4.45,-4.79,-3.45,3.47
2022-04-14,300671,69.3,73.93,75.23,68.3,122847,887207232.0,10.12,7.91,5.42,6.01
2022-04-15,300671,71.7,77.5,78.55,71.6,137473,1050528896.0,9.4,4.83,3.57,6.73
2022-04-18,300671,76.2,77.85,79.2,75.95,93151,728785776.0,4.19,0.45,0.35,4.56
2022-04-19,300671,75.7,76.21,77.3,74.39,90841,692274320.0,3.74,-2.11,-1.64,4.45
2022-04-20,300671,75.43,72.57,77.16,72.5,94909,705868752.0,6.11,-4.78,-3.64,4.65
2022-04-21,300671,72.02,71.38,75.3,70.82,70934,518683712.0,6.17,-1.64,-1.19,3.47
2022-04-22,300671,70.86,66.0,71.86,65.75,102926,702315536.0,8.56,-7.54,-5.38,5.04
2022-04-25,300671,63.4,57.98,64.57,57.82,101622,622111968.0,10.23,-12.15,-8.02,4.97
2022-04-26,300671,58.68,54.98,59.3,54.55,79659,455177664.0,8.19,-5.17,-3.0,3.9
2022-04-27,300671,52.86,60.08,60.53,52.86,103437,591838928.0,13.95,9.28,5.1,5.06
2022-04-28,300671,57.65,55.43,57.66,54.92,102699,581108336.0,4.56,-7.74,-4.65,5.03
2022-04-29,300671,57.11,57.35,57.85,55.36,82709,471900464.0,4.49,3.46,1.92,4.05
2022-05-05,300671,57.3,57.2,58.5,56.5,62859,362910544.0,3.49,-0.26,-0.15,3.08
2022-05-06,300671,54.95,56.51,58.08,54.95,54790,310860416.0,5.47,-1.21,-0.69,2.68
2022-05-09,300671,56.13,56.63,57.79,55.93,39578,225857676.0,3.29,0.21,0.12,1.94
2022-05-10,300671,55.21,58.38,59.27,55.21,82580,483070624.0,7.17,3.09,1.75,4.04
2022-05-11,300671,58.2,61.96,64.7,57.9,123184,770388816.0,11.65,6.13,3.58,6.03
2022-05-12,300671,60.71,61.51,62.9,60.71,79385,491486784.0,3.53,-0.73,-0.45,3.89
2022-05-13,300671,62.05,60.86,62.36,60.6,53184,327894384.0,2.86,-1.06,-0.65,2.6
2022-05-16,300671,61.7,59.7,61.96,59.3,48556,293845792.0,4.37,-1.91,-1.16,2.38
2022-05-17,300671,60.68,61.11,61.6,59.3,67120,409171168.0,3.85,2.36,1.41,3.29
2022-05-18,300671,60.71,60.3,62.06,60.2,55150,337681424.0,3.04,-1.33,-0.81,2.7
2022-05-19,300671,58.94,62.84,63.81,58.74,98909,612786304.0,8.41,4.21,2.54,4.84
2022-05-20,300671,62.85,62.46,63.18,61.4,66583,416777520.0,2.83,-0.6,-0.38,3.26
2022-05-23,300671,62.46,62.32,63.0,61.47,46878,292227712.0,2.45,-0.22,-0.14,2.28
2022-05-24,300671,62.01,58.46,62.78,58.4,79498,485494768.0,7.03,-6.19,-3.86,3.87
2022-05-25,300671,58.4,58.67,59.4,57.53,44669,262070261.0,3.2,0.36,0.21,2.18
2022-05-26,300671,58.7,57.43,58.7,55.7,53490,307171376.0,5.11,-2.11,-1.24,2.61
2022-05-27,300671,57.8,58.22,60.49,57.59,56842,336433104.0,5.05,1.38,0.79,2.77
2022-05-30,300671,58.32,59.88,60.67,57.44,59037,351931888.0,5.55,2.85,1.66,2.88
2022-05-31,300671,59.5,61.11,61.28,58.16,66816,400428512.0,5.21,2.05,1.23,3.25
2022-06-01,300671,60.81,60.5,61.96,60.26,51805,315812848.0,2.78,-1.0,-0.61,2.52
2022-06-02,300671,61.3,62.92,63.36,61.0,101094,632058896.0,3.9,4.0,2.42,4.92
2022-06-06,300671,62.74,64.56,64.75,62.38,95954,611645440.0,3.77,2.61,1.64,4.67
2022-06-07,300671,65.33,66.25,68.8,64.0,110331,735600832.0,7.43,2.62,1.69,5.37
2022-06-08,300671,65.99,64.64,66.69,63.68,81162,527778064.0,4.54,-2.43,-1.61,3.95
2022-06-09,300671,64.32,62.02,64.6,61.74,64767,406302176.0,4.42,-4.05,-2.62,3.15
2022-06-10,300671,62.02,63.38,63.67,61.86,49740,314354816.0,2.92,2.19,1.36,2.42
2022-06-13,300671,63.3,62.94,63.95,61.68,55493,346940464.0,3.58,-0.69,-0.44,2.7
2022-06-14,300671,62.15,62.38,62.58,60.02,53772,329215680.0,4.07,-0.89,-0.56,2.62
2022-06-15,300671,62.3,64.15,65.3,62.21,87494,564741952.0,4.95,2.84,1.77,4.26
2022-06-16,300671,64.1,64.83,66.24,64.09,70410,459914800.0,3.35,1.06,0.68,3.43
2022-06-17,300671,64.06,64.49,64.76,62.71,49169,314080336.0,3.16,-0.52,-0.34,2.39
2022-06-20,300671,64.49,64.71,65.99,64.11,57027,371449664.0,2.92,0.34,0.22,2.78
2022-06-21,300671,64.51,66.07,67.95,63.7,83357,549626752.0,6.57,2.1,1.36,4.06
2022-06-22,300671,65.75,64.59,66.36,64.5,56022,363113392.0,2.82,-2.24,-1.48,2.73
2022-06-23,300671,63.99,65.04,65.68,63.99,60638,393943296.0,2.62,0.7,0.45,2.95
2022-06-24,300671,65.11,65.26,65.79,64.31,71849,468248848.0,2.28,0.34,0.22,3.5
2022-06-27,300671,65.06,66.04,66.98,64.94,90467,597793824.0,3.13,1.2,0.78,4.17
2022-06-28,300671,65.9,72.2,72.88,63.57,167143,1138049712.0,14.1,9.33,6.16,7.7
2022-06-29,300671,71.0,71.15,74.83,70.5,157465,1150277520.0,6.0,-1.45,-1.05,7.26
2022-06-30,300671,71.87,72.06,73.09,71.03,98532,711149616.0,2.9,1.28,0.91,4.54
2022-07-01,300671,72.67,75.3,76.05,71.2,127198,940109520.0,6.73,4.5,3.24,5.86
2022-07-04,300671,73.8,71.35,73.86,69.8,103163,738983344.0,5.39,-5.25,-3.95,4.75
2022-07-05,300671,71.0,68.11,72.0,67.19,111902,776043088.0,6.74,-4.54,-3.24,5.16
2022-07-06,300671,68.11,67.87,69.98,67.33,78499,538928512.0,3.89,-0.35,-0.24,3.62
2022-07-07,300671,68.0,66.33,68.4,65.51,81263,539631040.0,4.26,-2.27,-1.54,3.74
2022-07-08,300671,66.61,66.17,67.8,65.85,67896,453562080.0,2.94,-0.24,-0.16,3.13
2022-07-11,300671,65.82,63.28,65.82,62.47,71543,455330656.0,5.06,-4.37,-2.89,3.3
2022-07-12,300671,63.31,60.64,63.51,60.56,58092,358178223.0,4.66,-4.17,-2.64,2.68
2022-07-13,300671,60.71,60.18,61.5,60.0,43262,262308022.0,2.47,-0.76,-0.46,1.99
2022-07-14,300671,60.0,60.88,61.34,59.9,44762,272397073.0,2.39,1.16,0.7,2.06
2022-07-15,300671,50.0,55.08,57.7,50.0,124072,680869153.0,12.65,-9.53,-5.8,5.72
2022-07-18,300671,55.38,54.72,55.68,53.5,61737,335238913.0,3.96,-0.65,-0.36,2.84
2022-07-19,300671,54.91,56.35,57.28,54.2,58728,327249863.0,5.63,2.98,1.63,2.71
2022-07-20,300671,56.79,57.62,58.84,56.61,63271,365886115.0,3.96,2.25,1.27,2.92
2022-07-21,300671,57.8,58.52,59.27,57.19,53105,312360435.0,3.61,1.56,0.9,2.45
2022-07-22,300671,58.0,57.0,58.9,56.5,43333,248261992.0,4.1,-2.6,-1.52,2.0
2022-07-25,300671,57.21,55.5,57.5,55.37,30523,171239694.0,3.74,-2.63,-1.5,1.41
2022-07-26,300671,55.9,55.99,56.29,54.88,24639,136976977.0,2.54,0.88,0.49,1.14
2022-07-27,300671,55.99,54.87,56.2,54.4,32084,176691315.0,3.21,-2.0,-1.12,1.48
2022-07-28,300671,55.0,55.3,56.45,55.0,36653,204860309.0,2.64,0.78,0.43,1.69
2022-07-29,300671,55.38,53.91,55.8,53.66,35602,193953296.0,3.87,-2.51,-1.39,1.64
2022-08-01,300671,53.6,54.18,54.9,52.55,30532,164908619.0,4.36,0.5,0.27,1.41
2022-08-02,300671,53.7,51.87,54.0,51.79,51866,272560636.0,4.08,-4.26,-2.31,2.39
2022-08-03,300671,51.86,52.88,54.8,51.86,54350,289247532.0,5.67,1.95,1.01,2.5
2022-08-04,300671,53.01,55.01,55.58,53.0,59089,323506740.0,4.88,4.03,2.13,2.72
2022-08-05,300671,55.3,60.16,60.21,55.1,123547,719731772.0,9.29,9.36,5.15,5.69
2022-08-08,300671,60.78,58.9,60.78,57.68,72212,424203359.0,5.15,-2.09,-1.26,3.33
2022-08-09,300671,58.8,59.27,59.28,57.35,57978,336158391.0,3.28,0.63,0.37,2.67
2022-08-10,300671,58.58,60.05,62.64,58.38,91963,561823477.0,7.19,1.32,0.78,4.24
2022-08-11,300671,60.09,60.24,61.56,59.76,64828,392675921.0,3.0,0.32,0.19,2.99
2022-08-12,300671,59.95,58.88,60.49,58.87,47288,281954303.0,2.69,-2.26,-1.36,2.18
2022-08-15,300671,58.88,58.97,60.2,58.5,34411,203829032.0,2.89,0.15,0.09,1.59
2022-08-16,300671,58.89,57.94,59.15,57.58,42237,246235195.0,2.66,-1.75,-1.03,1.95
2022-08-17,300671,57.93,58.04,58.55,57.3,35911,207929604.0,2.16,0.17,0.1,1.65
2022-08-18,300671,57.91,58.84,59.2,56.95,50567,294430881.0,3.88,1.38,0.8,2.33
2022-08-19,300671,58.75,57.33,61.08,57.31,57192,337093464.0,6.41,-2.57,-1.51,2.64
2022-08-22,300671,56.58,56.01,57.29,55.19,37295,209384192.0,3.66,-2.3,-1.32,1.72
2022-08-23,300671,56.02,55.61,56.68,55.11,27128,151202793.0,2.8,-0.71,-0.4,1.25
2022-08-24,300671,55.76,52.8,56.0,52.72,44246,238214757.0,5.9,-5.05,-2.81,2.04
2022-08-25,300671,52.8,53.03,53.45,52.06,29261,154045258.0,2.63,0.44,0.23,1.35
2022-08-26,300671,53.11,51.6,53.59,51.6,28080,147743303.0,3.75,-2.7,-1.43,1.29
2022-08-29,300671,50.38,51.86,52.6,50.3,26647,138129712.0,4.46,0.5,0.26,1.23
2022-08-30,300671,51.86,52.16,52.62,51.16,23313,120943129.0,2.82,0.58,0.3,1.07
2022-08-31,300671,51.84,51.12,52.55,50.81,21258,109286446.0,3.34,-1.99,-1.04,0.98
2022-09-01,300671,51.05,50.61,51.98,50.5,20076,103024961.0,2.9,-1.0,-0.51,0.93
2022-09-02,300671,50.89,52.02,52.29,50.68,26272,135650346.0,3.18,2.79,1.41,1.21
2022-09-05,300671,52.5,51.58,52.5,51.11,19535,101103615.0,2.67,-0.85,-0.44,0.9
2022-09-06,300671,51.65,52.15,52.33,51.26,19110,99193581.0,2.07,1.11,0.57,0.88
2022-09-07,300671,51.96,52.73,53.5,51.89,29783,157803987.0,3.09,1.11,0.58,1.37
2022-09-08,300671,53.0,51.36,53.0,51.36,22165,115104469.0,3.11,-2.6,-1.37,1.02
2022-09-09,300671,51.28,51.38,51.68,50.8,16389,83920792.0,1.71,0.04,0.02,0.76
2022-09-13,300671,51.78,51.45,52.49,51.32,13842,71707283.0,2.28,0.14,0.07,0.64
2022-09-14,300671,50.64,51.26,51.67,50.5,19087,97470956.0,2.27,-0.37,-0.19,0.88
2022-09-15,300671,51.42,50.23,51.73,50.02,24160,122496508.0,3.34,-2.01,-1.03,1.11
2022-09-16,300671,50.05,48.01,50.58,48.0,34444,168427532.0,5.14,-4.42,-2.22,1.59
2022-09-19,300671,47.55,45.68,48.48,45.0,39261,182199971.0,7.25,-4.85,-2.33,1.81
2022-09-20,300671,45.85,46.13,46.48,45.29,26283,120603875.0,2.61,0.99,0.45,1.21
2022-09-21,300671,46.14,46.13,46.43,45.03,19342,88570938.0,3.03,0.0,0.0,0.89
2022-09-22,300671,45.7,45.45,46.7,45.29,17783,81679045.0,3.06,-1.47,-0.68,0.82
2022-09-23,300671,45.79,42.95,45.8,42.8,43110,188507647.0,6.6,-5.5,-2.5,1.99
2022-09-26,300671,42.59,43.0,43.85,42.1,25964,112305949.0,4.07,0.12,0.05,1.2
2022-09-27,300671,43.85,44.18,44.26,43.04,23831,104375526.0,2.84,2.74,1.18,1.1
2022-09-28,300671,43.99,42.7,44.36,42.7,22121,96119363.0,3.76,-3.35,-1.48,1.02
2022-09-29,300671,43.28,42.54,43.36,42.32,20179,86538831.0,2.44,-0.37,-0.16,0.93
2022-09-30,300671,42.7,41.06,42.81,41.0,22506,94194642.0,4.25,-3.48,-1.48,1.04
2022-10-10,300671,41.59,38.6,41.92,38.58,38405,152049112.0,8.13,-5.99,-2.46,1.77
2022-10-11,300671,38.6,37.88,39.15,37.61,29507,112906544.0,3.99,-1.87,-0.72,1.36
2022-10-12,300671,37.9,40.61,40.76,37.7,46225,180921121.0,8.08,7.21,2.73,2.13
2022-10-13,300671,40.6,41.12,41.81,39.85,42454,174491913.0,4.83,1.26,0.51,1.96
2022-10-14,300671,41.68,42.39,42.55,41.13,32835,138010363.0,3.45,3.09,1.27,1.51
2022-10-17,300671,42.04,43.06,43.26,41.8,24972,107074168.0,3.44,1.58,0.67,1.15
2022-10-18,300671,43.19,42.4,43.4,42.1,32296,137230745.0,3.02,-1.53,-0.66,1.49
2022-10-19,300671,42.22,41.6,42.75,41.56,22820,95913935.0,2.81,-1.89,-0.8,1.05
2022-10-20,300671,41.5,42.53,43.98,40.98,66589,284234872.0,7.21,2.24,0.93,3.07
2022-10-21,300671,42.4,41.7,42.51,41.2,41468,172895726.0,3.08,-1.95,-0.83,1.91
2022-10-24,300671,42.15,41.14,43.39,40.7,37815,159748487.0,6.45,-1.34,-0.56,1.74
2022-10-25,300671,40.5,40.12,41.5,39.71,34162,138008600.0,4.35,-2.48,-1.02,1.57
2022-10-26,300671,39.62,41.72,42.13,39.16,49019,201432507.0,7.4,3.99,1.6,2.26
2022-10-27,300671,41.8,41.17,42.4,40.9,39630,164887378.0,3.6,-1.32,-0.55,1.83
2022-10-28,300671,40.81,39.36,42.32,39.21,50756,207668465.0,7.55,-4.4,-1.81,2.34
2022-10-31,300671,39.8,40.7,42.1,39.48,52387,215519424.0,6.66,3.4,1.34,2.41
2022-11-01,300671,40.35,41.81,41.86,40.21,44735,183965417.0,4.05,2.73,1.11,2.06
2022-11-02,300671,41.8,42.44,42.94,41.5,45659,193756815.0,3.44,1.51,0.63,2.1
2022-11-03,300671,41.9,44.36,45.05,41.79,97745,428014418.0,7.68,4.52,1.92,4.5
2022-11-04,300671,44.77,44.69,45.1,43.3,91273,403260217.0,4.06,0.74,0.33,4.21
2022-11-07,300671,44.33,44.68,45.45,44.07,63236,282398339.0,3.09,-0.02,-0.01,2.91
2022-11-08,300671,44.95,44.18,45.1,43.66,42207,186374249.0,3.22,-1.12,-0.5,1.94
2022-11-09,300671,44.33,44.24,44.95,43.4,41560,183848498.0,3.51,0.14,0.06,1.92
2022-11-10,300671,43.99,43.38,44.86,43.18,42068,184471994.0,3.8,-1.94,-0.86,1.94
2022-11-11,300671,44.5,43.75,45.45,43.68,65167,290096960.0,4.08,0.85,0.37,3.0
2022-11-14,300671,43.53,43.92,44.8,42.62,46887,206761251.0,4.98,0.39,0.17,2.16
2022-11-15,300671,43.7,46.66,47.22,43.5,129412,595265613.0,8.47,6.24,2.74,5.96
2022-11-16,300671,46.8,46.52,46.84,45.88,71184,330170669.0,2.06,-0.3,-0.14,3.28
2022-11-17,300671,46.47,47.9,48.0,45.37,87076,406512291.0,5.65,2.97,1.38,4.01
2022-11-18,300671,47.43,46.0,48.26,46.0,72040,338018182.0,4.72,-3.97,-1.9,3.32
2022-11-21,300671,45.4,45.74,46.45,45.25,32928,151101000.0,2.61,-0.57,-0.26,1.52
2022-11-22,300671,45.6,44.89,46.58,44.7,42900,196050345.0,4.11,-1.86,-0.85,1.98
2022-11-23,300671,44.99,44.19,45.33,43.27,39213,172886420.0,4.59,-1.56,-0.7,1.81
2022-11-24,300671,44.42,43.76,44.81,43.64,24291,107074818.0,2.65,-0.97,-0.43,1.12
2022-11-25,300671,43.8,42.82,44.94,42.82,33912,148193453.0,4.84,-2.15,-0.94,1.56
2022-11-28,300671,41.89,42.1,43.01,41.82,25090,106193960.0,2.78,-1.68,-0.72,1.16
2022-11-29,300671,42.5,43.21,43.79,42.3,35354,152505394.0,3.54,2.64,1.11,1.63
2022-11-30,300671,43.1,42.9,43.75,42.87,32394,139710691.0,2.04,-0.72,-0.31,1.49
2022-12-01,300671,43.52,42.5,44.02,42.4,56156,242805986.0,3.78,-0.93,-0.4,2.59
2022-12-02,300671,42.59,42.2,43.09,42.2,31106,132425508.0,2.09,-0.71,-0.3,1.43
2022-12-05,300671,42.68,42.36,42.89,41.88,36718,154980087.0,2.39,0.38,0.16,1.69
2022-12-06,300671,42.23,43.32,43.68,42.13,58443,252084614.0,3.66,2.27,0.96,2.69
2022-12-07,300671,43.06,43.65,43.85,42.71,39777,172590318.0,2.63,0.76,0.33,1.83
2022-12-08,300671,43.28,42.61,43.55,42.55,33320,143149848.0,2.29,-2.38,-1.04,1.54
2022-12-09,300671,42.53,42.9,43.3,42.53,24955,107095325.0,1.81,0.68,0.29,1.15
2022-12-12,300671,42.77,43.56,44.3,42.36,46514,202400805.0,4.52,1.54,0.66,2.14
2022-12-13,300671,43.41,42.36,43.5,42.2,35509,151793439.0,2.98,-2.75,-1.2,1.64
2022-12-14,300671,43.87,45.62,47.01,43.3,151267,686216974.0,8.76,7.7,3.26,6.97
2022-12-15,300671,45.07,48.38,49.23,44.69,156415,742596601.0,9.95,6.05,2.76,7.21
2022-12-16,300671,47.6,46.94,47.93,46.55,93475,439487915.0,2.85,-2.98,-1.44,4.31
2022-12-19,300671,46.52,46.39,47.28,45.8,60387,280610665.0,3.15,-1.17,-0.55,2.78
2022-12-20,300671,46.01,48.58,49.18,46.01,112909,539595041.0,6.83,4.72,2.19,5.2
2022-12-21,300671,48.0,46.81,49.99,46.64,101732,491529233.0,6.9,-3.64,-1.77,4.69
2022-12-22,300671,47.47,44.31,47.65,44.27,83337,380840457.0,7.22,-5.34,-2.5,3.84
2022-12-23,300671,43.94,41.94,43.94,41.21,80184,340824674.0,6.16,-5.35,-2.37,3.69
2022-12-26,300671,41.5,43.71,44.17,41.35,63570,275838985.0,6.72,4.22,1.77,2.93
2022-12-27,300671,43.79,43.4,43.95,42.71,42608,184557562.0,2.84,-0.71,-0.31,1.96
2022-12-28,300671,43.39,41.97,43.39,41.76,41729,176203985.0,3.76,-3.29,-1.43,1.92
2022-12-29,300671,41.8,41.44,42.35,41.41,34938,146150374.0,2.24,-1.26,-0.53,1.61
2022-12-30,300671,41.88,40.87,42.05,40.63,35862,147519921.0,3.43,-1.38,-0.57,1.65
2023-01-03,300671,40.87,41.65,41.78,40.72,29373,121555984.0,2.59,1.91,0.78,1.35
2023-01-04,300671,41.6,41.8,42.94,41.35,40787,171752302.0,3.82,0.36,0.15,1.88
2023-01-05,300671,41.6,42.23,42.26,41.31,35957,151037069.0,2.27,1.03,0.43,1.66
2023-01-06,300671,42.05,42.52,43.18,41.82,41734,177694872.0,3.22,0.69,0.29,1.92
2023-01-09,300671,42.52,42.75,43.49,42.35,37287,159852859.0,2.68,0.54,0.23,1.72
2023-01-10,300671,42.76,43.3,43.69,42.68,48460,209871080.0,2.36,1.29,0.55,2.23
2023-01-11,300671,43.0,41.84,44.14,41.8,50378,216489861.0,5.4,-3.37,-1.46,2.32
2023-01-12,300671,41.42,41.85,42.14,41.12,28562,119473374.0,2.44,0.02,0.01,1.32
2023-01-13,300671,41.85,41.7,42.11,41.22,23630,98287559.0,2.13,-0.36,-0.15,1.09
2023-01-16,300671,41.42,42.93,43.6,41.3,59089,252633479.0,5.52,2.95,1.23,2.72
2023-01-17,300671,43.35,43.88,44.25,42.84,53375,233920271.0,3.28,2.21,0.95,2.46
2023-01-18,300671,44.3,43.31,44.39,43.24,33634,147191737.0,2.62,-1.3,-0.57,1.55
2023-01-19,300671,43.11,44.83,44.97,43.1,56939,251960301.0,4.32,3.51,1.52,2.62
2023-01-20,300671,44.82,45.13,45.23,44.5,41362,185903210.0,1.63,0.67,0.3,1.91
2023-01-30,300671,45.94,46.0,46.16,44.8,61744,281954731.0,3.01,1.93,0.87,2.85
2023-01-31,300671,45.0,45.12,45.68,44.77,52666,237505158.0,1.98,-1.91,-0.88,2.43
2023-02-01,300671,45.01,46.45,47.38,44.98,67767,314494064.0,5.32,2.95,1.33,3.12
2023-02-02,300671,47.1,46.95,47.82,46.51,62281,293324357.0,2.82,1.08,0.5,2.87
2023-02-03,300671,46.71,47.24,47.69,46.3,48796,229345622.0,2.96,0.62,0.29,2.25
2023-02-06,300671,46.38,46.32,47.19,45.89,65169,302767045.0,2.75,-1.95,-0.92,3.0
2023-02-07,300671,46.6,46.56,46.83,46.14,37934,176517545.0,1.49,0.52,0.24,1.75
2023-02-08,300671,46.56,46.0,47.67,45.89,44874,209435651.0,3.82,-1.2,-0.56,2.07
2023-02-09,300671,45.72,49.48,49.83,45.01,140091,677778072.0,10.48,7.57,3.48,6.46
2023-02-10,300671,49.15,48.45,50.28,48.0,91364,448433356.0,4.61,-2.08,-1.03,4.21
2023-02-13,300671,48.48,48.85,49.42,47.8,62721,305139004.0,3.34,0.83,0.4,2.89
2023-02-14,300671,48.8,48.33,50.5,48.15,66096,324632843.0,4.81,-1.06,-0.52,3.05
2023-02-15,300671,48.19,48.48,48.83,47.65,48925,236284930.0,2.44,0.31,0.15,2.25
2023-02-16,300671,48.48,46.8,49.27,46.33,73892,352960176.0,6.06,-3.47,-1.68,3.4
2023-02-17,300671,47.21,45.33,47.29,45.3,52468,241071755.0,4.25,-3.14,-1.47,2.42
2023-02-20,300671,45.33,45.83,46.0,44.7,38540,174562292.0,2.87,1.1,0.5,1.78
2023-02-21,300671,45.95,45.52,46.39,45.02,36684,167417163.0,2.99,-0.68,-0.31,1.69
2023-02-22,300671,45.34,45.7,46.08,45.1,25416,115918289.0,2.15,0.4,0.18,1.17
2023-02-23,300671,45.79,48.36,49.97,45.73,130180,624828984.0,9.28,5.82,2.66,6.0
2023-02-24,300671,48.6,47.6,48.98,47.26,65914,315004973.0,3.56,-1.57,-0.76,3.04
2023-02-27,300671,47.36,46.55,47.68,46.0,46119,215572248.0,3.53,-2.21,-1.05,2.13
2023-02-28,300671,46.89,46.59,47.59,45.7,41706,193497012.0,4.06,0.09,0.04,1.92
2023-03-01,300671,46.28,46.79,47.08,46.12,46475,216849761.0,2.06,0.43,0.2,2.14
2023-03-02,300671,46.52,45.95,47.26,45.74,48591,225083874.0,3.25,-1.8,-0.84,2.24
2023-03-03,300671,48.2,48.58,50.5,48.0,162472,798277886.0,5.44,5.72,2.63,7.49
2023-03-06,300671,48.0,48.03,48.8,47.29,91027,436611640.0,3.11,-1.13,-0.55,4.19
2023-03-07,300671,48.09,46.32,48.8,46.32,76684,364393875.0,5.16,-3.56,-1.71,3.53
2023-03-08,300671,46.01,46.81,47.15,45.88,53591,249740662.0,2.74,1.06,0.49,2.47
2023-03-09,300671,47.0,48.96,49.5,46.75,117375,571777383.0,5.87,4.59,2.15,5.41
2023-03-10,300671,48.7,48.77,49.84,48.1,94388,461911475.0,3.55,-0.39,-0.19,4.35
2023-03-13,300671,49.0,50.46,50.5,48.31,113559,563387936.0,4.49,3.47,1.69,5.23
2023-03-14,300671,50.35,53.1,53.6,49.43,180319,937638487.0,8.26,5.23,2.64,8.31
2023-03-15,300671,53.6,51.82,53.6,51.81,112457,590548302.0,3.37,-2.41,-1.28,5.18
2023-03-16,300671,51.4,51.94,52.88,51.2,78417,406812570.0,3.24,0.23,0.12,3.61
2023-03-17,300671,52.72,50.21,53.0,50.13,120925,624591390.0,5.53,-3.33,-1.73,5.57
2023-03-20,300671,50.1,50.44,51.39,49.51,90739,459252298.0,3.74,0.46,0.23,4.18
2023-03-21,300671,50.44,50.18,50.67,49.38,72031,359292519.0,2.56,-0.52,-0.26,3.32
2023-03-22,300671,49.92,51.17,51.17,49.5,74391,375237065.0,3.33,1.97,0.99,3.43
2023-03-23,300671,50.7,52.78,52.97,50.43,109048,569618037.0,4.96,3.15,1.61,5.02
2023-03-24,300671,52.4,52.6,53.21,51.3,83331,434713420.0,3.62,-0.34,-0.18,3.84
2023-03-27,300671,52.95,54.0,54.3,52.07,101871,541601496.0,4.24,2.66,1.4,4.69
2023-03-28,300671,53.22,51.1,54.22,50.69,90790,475992898.0,6.54,-5.37,-2.9,4.18
2023-03-29,300671,50.56,51.89,53.05,50.5,78533,407474237.0,4.99,1.55,0.79,3.62
2023-03-30,300671,52.0,54.36,54.88,51.5,149597,801697243.0,6.51,4.76,2.47,6.89
2023-03-31,300671,54.55,54.95,57.0,53.8,153017,849782853.0,5.89,1.09,0.59,7.05
2023-04-03,300671,55.83,57.88,57.99,55.03,154304,879647178.0,5.39,5.33,2.93,7.11
2023-04-04,300671,57.1,58.81,62.4,57.01,212526,1270086293.0,9.31,1.61,0.93,9.79
2023-04-06,300671,57.79,60.4,62.52,57.5,198153,1199469883.0,8.54,2.7,1.59,9.13
2023-04-07,300671,60.4,59.25,61.7,58.45,124855,744743808.0,5.38,-1.9,-1.15,5.75
2023-04-10,300671,58.68,56.8,59.11,56.36,120541,694222211.0,4.64,-4.14,-2.45,5.55
2023-04-11,300671,57.1,57.49,58.12,56.08,86150,493328251.0,3.59,1.21,0.69,3.97
2023-04-12,300671,57.18,57.97,58.34,56.38,89814,517618995.0,3.41,0.83,0.48,4.14
2023-04-13,300671,56.9,55.1,57.36,55.02,112888,629603030.0,4.04,-4.95,-2.87,5.2
2023-04-14,300671,55.56,55.81,56.37,53.46,104911,578441525.0,5.28,1.29,0.71,4.83
2023-04-17,300671,55.75,54.03,56.18,53.88,70883,387426249.0,4.12,-3.19,-1.78,3.27
2023-04-18,300671,54.06,52.14,54.23,51.93,81740,429718539.0,4.26,-3.5,-1.89,3.77
2023-04-19,300671,52.27,51.63,52.95,51.43,60628,316502720.0,2.92,-0.98,-0.51,2.79
2023-04-20,300671,51.55,52.26,52.7,51.08,54678,285264768.0,3.14,1.22,0.63,2.52
2023-04-21,300671,51.84,47.85,52.08,47.85,93670,464339599.0,8.09,-8.44,-4.41,4.32
2023-04-24,300671,47.85,46.54,48.3,45.86,56460,263307254.0,5.1,-2.74,-1.31,2.6
2023-04-25,300671,46.49,44.28,46.49,43.45,65094,291708996.0,6.53,-4.86,-2.26,3.0
2023-04-26,300671,44.5,43.22,45.39,43.09,54155,238527261.0,5.19,-2.39,-1.06,2.5
2023-04-27,300671,42.84,43.24,44.26,42.65,44783,194712721.0,3.73,0.05,0.02,2.06
2023-04-28,300671,43.16,44.27,44.5,43.14,45710,200765835.0,3.15,2.38,1.03,2.11
2023-05-04,300671,43.95,43.1,44.5,42.6,38751,167676640.0,4.29,-2.64,-1.17,1.79
2023-05-05,300671,43.2,42.18,44.03,42.16,36081,155177779.0,4.34,-2.13,-0.92,1.66
2023-05-08,300671,42.19,42.86,42.92,42.07,31867,135149869.0,2.02,1.61,0.68,1.47
2023-05-09,300671,42.63,42.02,43.21,41.97,33582,142723069.0,2.89,-1.96,-0.84,1.55
2023-05-10,300671,42.44,41.93,42.69,41.38,31287,131324708.0,3.12,-0.21,-0.09,1.44
2023-05-11,300671,41.85,42.28,42.66,41.85,23437,99040201.0,1.93,0.83,0.35,1.08
2023-05-12,300671,42.01,42.64,43.09,42.01,34952,148918375.0,2.55,0.85,0.36,1.61
2023-05-15,300671,42.58,43.06,43.07,41.58,30193,127680597.0,3.49,0.98,0.42,1.39
2023-05-16,300671,43.1,44.08,44.8,42.69,51486,225502869.0,4.9,2.37,1.02,2.37
2023-05-17,300671,44.37,45.74,45.8,44.08,64512,292333330.0,3.9,3.77,1.66,2.97
2023-05-18,300671,45.38,44.75,45.83,44.5,41598,186689369.0,2.91,-2.16,-0.99,1.92
2023-05-19,300671,45.19,45.55,46.0,45.01,44838,204302822.0,2.21,1.79,0.8,2.07
2023-05-22,300671,45.62,44.52,45.79,44.33,27803,124308463.0,3.21,-2.26,-1.03,1.28
2023-05-23,300671,44.33,43.28,44.34,43.28,29639,129550074.0,2.38,-2.79,-1.24,1.37
2023-05-24,300671,43.26,43.56,44.35,42.93,26390,115440814.0,3.28,0.65,0.28,1.22
2023-05-25,300671,43.76,43.7,44.84,42.81,32100,140642446.0,4.66,0.32,0.14,1.48
2023-05-26,300671,43.61,43.33,43.93,43.01,25968,112858248.0,2.11,-0.85,-0.37,1.2
2023-05-29,300671,43.57,42.87,44.07,42.86,27765,120806107.0,2.79,-1.06,-0.46,1.28
2023-05-30,300671,42.4,42.77,42.84,41.4,35354,148516836.0,3.36,-0.23,-0.1,1.63
2023-05-31,300671,42.77,43.13,43.28,41.88,34116,145336184.0,3.27,0.84,0.36,1.57
2023-06-01,300671,42.84,44.22,44.4,42.51,43449,189455284.0,4.38,2.53,1.09,2.0
2023-06-02,300671,44.7,45.0,45.3,43.64,49033,218584412.0,3.75,1.76,0.78,2.26
2023-06-05,300671,45.03,44.38,46.3,44.34,50721,230186136.0,4.36,-1.38,-0.62,2.34
2023-06-06,300671,43.7,42.68,44.01,42.51,33744,145968495.0,3.38,-3.83,-1.7,1.55
2023-06-07,300671,42.8,45.28,45.8,42.7,78408,351704864.0,7.26,6.09,2.6,3.61
2023-06-08,300671,44.78,44.37,44.99,43.89,37901,168350522.0,2.43,-2.01,-0.91,1.75
2023-06-09,300671,44.5,44.09,44.8,43.16,37516,164319478.0,3.7,-0.63,-0.28,1.73
2023-06-12,300671,43.9,43.51,44.4,43.51,29502,129237806.0,2.02,-1.32,-0.58,1.36
2023-06-13,300671,43.51,44.61,44.79,42.94,43491,191463120.0,4.25,2.53,1.1,2.0
2023-06-14,300671,44.33,43.92,44.58,43.9,31608,139520840.0,1.52,-1.55,-0.69,1.46
2023-06-15,300671,43.91,43.42,44.3,43.23,30775,134395665.0,2.44,-1.14,-0.5,1.42
2023-06-16,300671,43.24,43.66,44.0,43.23,26094,113748366.0,1.77,0.55,0.24,1.2
2023-06-19,300671,43.66,44.41,44.61,43.36,37470,165277946.0,2.86,1.72,0.75,1.73
2023-06-20,300671,44.86,44.0,45.45,44.0,44378,198067658.0,3.27,-0.92,-0.41,2.04
2023-06-21,300671,43.6,42.34,44.16,42.34,33281,143367097.0,4.14,-3.77,-1.66,1.53
2023-06-26,300671,42.0,41.83,42.59,41.42,27323,114437796.0,2.76,-1.2,-0.51,1.26
2023-06-27,300671,42.33,41.82,42.33,41.62,19090,79877157.0,1.7,-0.02,-0.01,0.88
2023-06-28,300671,41.87,40.51,42.14,39.88,33234,134990936.0,5.4,-3.13,-1.31,1.53
2023-06-29,300671,40.5,40.35,41.32,40.02,21393,87045320.0,3.21,-0.39,-0.16,0.99
2023-06-30,300671,40.45,40.86,41.15,40.06,20507,83665044.0,2.7,1.26,0.51,0.94
2023-07-03,300671,40.86,41.34,41.78,40.86,22939,94923379.0,2.25,1.17,0.48,1.06
2023-07-04,300671,41.85,42.48,42.96,41.35,35286,148976066.0,3.89,2.76,1.14,1.63
2023-07-05,300671,42.26,41.9,42.7,41.85,19383,81870352.0,2.0,-1.37,-0.58,0.89
2023-07-06,300671,42.02,42.01,42.45,41.84,16615,69957453.0,1.46,0.26,0.11,0.77
2023-07-07,300671,41.86,41.18,41.86,40.97,17645,72899400.0,2.12,-1.98,-0.83,0.81
2023-07-10,300671,41.62,41.0,41.85,40.96,15226,62925873.0,2.16,-0.44,-0.18,0.7
2023-07-11,300671,41.02,41.9,41.94,41.0,22780,94914917.0,2.29,2.2,0.9,1.05
2023-07-12,300671,41.8,40.83,42.38,40.8,22031,91230561.0,3.77,-2.55,-1.07,1.02
2023-07-13,300671,40.88,41.6,41.79,40.88,21718,90196367.0,2.23,1.89,0.77,1.0
2023-07-14,300671,41.98,41.11,41.99,41.08,21499,89036081.0,2.19,-1.18,-0.49,0.99
2023-07-17,300671,41.0,40.59,41.0,40.1,18581,75299201.0,2.19,-1.26,-0.52,0.86
2023-07-18,300671,40.7,40.77,41.68,40.65,25593,105474878.0,2.54,0.44,0.18,1.18
2023-07-19,300671,40.63,40.78,41.39,40.44,15537,63500247.0,2.33,0.02,0.01,0.72
2023-07-20,300671,40.78,39.93,40.99,39.91,23435,94385744.0,2.65,-2.08,-0.85,1.08
2023-07-21,300671,39.64,39.56,40.4,39.26,18815,74911479.0,2.85,-0.93,-0.37,0.87
2023-07-24,300671,39.95,38.57,39.95,38.51,28556,111464483.0,3.64,-2.5,-0.99,1.32
2023-07-25,300671,38.91,39.85,40.05,38.81,29676,117520517.0,3.21,3.32,1.28,1.37
2023-07-26,300671,40.02,39.34,40.07,39.17,17572,69323247.0,2.26,-1.28,-0.51,0.81
2023-07-27,300671,39.19,38.38,39.5,38.28,23487,91043121.0,3.1,-2.44,-0.96,1.08
2023-07-28,300671,38.13,38.42,38.7,37.9,19750,75679987.0,2.08,0.1,0.04,0.91
2023-07-31,300671,38.58,39.07,39.48,38.42,22863,89274738.0,2.76,1.69,0.65,1.05
2023-08-01,300671,39.19,39.39,39.47,38.85,17407,68330388.0,1.59,0.82,0.32,0.8
2023-08-02,300671,39.36,39.16,39.75,39.09,13679,53859230.0,1.68,-0.58,-0.23,0.63
2023-08-03,300671,38.99,39.41,39.48,38.9,13491,53032618.0,1.48,0.64,0.25,0.62
2023-08-04,300671,39.5,39.35,39.9,39.24,14833,58661262.0,1.67,-0.15,-0.06,0.68
2023-08-07,300671,39.31,39.26,39.59,38.91,14714,57635848.0,1.73,-0.23,-0.09,0.68
2023-08-08,300671,39.26,38.81,39.38,38.7,14303,55724839.0,1.73,-1.15,-0.45,0.66
2023-08-09,300671,38.71,38.41,39.0,38.35,11143,43002621.0,1.67,-1.03,-0.4,0.51
2023-08-10,300671,38.42,38.66,38.88,38.28,11367,43848236.0,1.56,0.65,0.25,0.52
2023-08-11,300671,38.88,37.33,38.88,37.3,21547,81482013.0,4.09,-3.44,-1.33,0.99
2023-08-14,300671,37.11,36.53,37.11,36.09,24831,90604400.0,2.73,-2.14,-0.8,1.14
2023-08-15,300671,36.64,35.44,36.8,34.86,31150,110657384.0,5.31,-2.98,-1.09,1.44
2023-08-16,300671,35.35,34.32,35.5,34.25,28715,99655511.0,3.53,-3.16,-1.12,1.32
2023-08-17,300671,34.12,34.9,35.1,34.1,23511,81580377.0,2.91,1.69,0.58,1.08
2023-08-18,300671,35.11,34.0,35.18,34.0,18061,62434851.0,3.38,-2.58,-0.9,0.83
2023-08-21,300671,34.0,33.06,34.18,33.0,31657,106169597.0,3.47,-2.76,-0.94,1.46
2023-08-22,300671,33.4,33.44,33.87,32.48,27353,90819334.0,4.2,1.15,0.38,1.26
2023-08-23,300671,33.44,32.41,33.44,32.33,19710,64557653.0,3.32,-3.08,-1.03,0.91
2023-08-24,300671,32.56,32.31,32.99,32.24,19437,63380968.0,2.31,-0.31,-0.1,0.9
2023-08-25,300671,32.01,31.24,32.2,30.98,29604,93221286.0,3.78,-3.31,-1.07,1.36
2023-08-28,300671,33.0,30.9,33.45,30.74,39594,126861197.0,8.67,-1.09,-0.34,1.82
2023-08-29,300671,30.9,32.85,33.08,30.78,51222,165669312.0,7.44,6.31,1.95,2.36
2023-08-30,300671,33.05,33.6,34.05,33.0,48419,162539693.0,3.2,2.28,0.75,2.23
2023-08-31,300671,33.26,34.18,34.68,33.25,43618,148839888.0,4.26,1.73,0.58,2.01
2023-09-01,300671,34.19,33.89,34.67,33.65,23064,78453203.0,2.98,-0.85,-0.29,1.06
2023-09-04,300671,34.03,34.89,34.89,33.67,31203,106895133.0,3.6,2.95,1.0,1.44
2023-09-05,300671,35.16,35.28,35.87,35.05,54596,193652207.0,2.35,1.12,0.39,2.52
2023-09-06,300671,35.0,36.64,36.97,34.89,71726,259881934.0,5.9,3.85,1.36,3.31
2023-09-07,300671,36.14,35.6,36.58,35.54,39534,142029815.0,2.84,-2.84,-1.04,1.82
2023-09-08,300671,35.57,36.31,36.65,35.11,36479,132715345.0,4.33,1.99,0.71,1.68
2023-09-11,300671,36.49,35.95,36.65,35.83,29537,106828576.0,2.26,-0.99,-0.36,1.36
2023-09-12,300671,35.75,35.92,36.26,35.75,18009,64827504.0,1.42,-0.08,-0.03,0.83
2023-09-13,300671,35.75,35.09,35.98,34.68,31969,112472929.0,3.62,-2.31,-0.83,1.47
2023-09-14,300671,35.36,34.55,35.4,34.34,23250,80587074.0,3.02,-1.54,-0.54,1.07
2023-09-15,300671,34.99,35.23,36.17,34.45,38406,135310288.0,4.98,1.97,0.68,1.77
2023-09-18,300671,35.3,34.6,35.5,34.5,25135,87421278.0,2.84,-1.79,-0.63,1.16
2023-09-19,300671,34.4,33.99,34.63,33.65,22327,75940637.0,2.83,-1.76,-0.61,1.03
2023-09-20,300671,33.92,33.67,34.49,33.58,16374,55643156.0,2.68,-0.94,-0.32,0.75
2023-09-21,300671,33.82,33.68,33.93,33.46,14785,49777116.0,1.4,0.03,0.01,0.68
2023-09-22,300671,33.74,34.31,34.33,33.31,26629,90207350.0,3.03,1.87,0.63,1.23
2023-09-25,300671,34.19,33.6,34.28,33.33,20597,69249143.0,2.77,-2.07,-0.71,0.95
2023-09-26,300671,33.6,33.13,33.68,33.05,14007,46647094.0,1.88,-1.4,-0.47,0.65
2023-09-27,300671,33.14,33.17,33.89,33.07,18845,62921854.0,2.48,0.12,0.04,0.87
2023-09-28,300671,33.55,33.38,33.86,32.86,22074,73591157.0,3.01,0.63,0.21,1.02
2023-10-09,300671,33.37,33.57,33.95,33.2,23091,77531053.0,2.25,0.57,0.19,1.06
2023-10-10,300671,33.88,34.97,35.4,33.61,46941,163123703.0,5.33,4.17,1.4,2.16
2023-10-11,300671,35.01,35.26,35.56,34.54,33420,117328457.0,2.92,0.83,0.29,1.54
2023-10-12,300671,35.63,35.68,35.84,35.01,29645,105058492.0,2.35,1.19,0.42,1.37
2023-10-13,300671,35.33,36.18,36.48,35.33,30994,111683573.0,3.22,1.4,0.5,1.43
2023-10-16,300671,36.3,34.7,36.3,34.46,30900,108384578.0,5.09,-4.09,-1.48,1.42
2023-10-17,300671,34.88,34.59,35.09,34.29,18097,62614854.0,2.31,-0.32,-0.11,0.83
2023-10-18,300671,34.5,33.64,34.85,33.63,19129,65126935.0,3.53,-2.75,-0.95,0.88
2023-10-19,300671,33.55,34.56,36.06,33.52,54103,190198699.0,7.55,2.73,0.92,2.49
2023-10-20,300671,34.43,33.15,35.12,33.12,30749,104175291.0,5.79,-4.08,-1.41,1.42
2023-10-23,300671,32.75,32.04,33.17,31.91,22745,73598322.0,3.8,-3.35,-1.11,1.05
2023-10-24,300671,32.22,33.2,33.56,31.7,31009,101553848.0,5.81,3.62,1.16,1.43
2023-10-25,300671,33.17,33.57,33.83,32.9,19601,65533647.0,2.8,1.11,0.37,0.9
2023-10-26,300671,33.6,33.4,33.8,32.75,25382,84212018.0,3.13,-0.51,-0.17,1.17
2023-10-27,300671,33.01,34.73,34.9,33.01,33934,115652469.0,5.66,3.98,1.33,1.56
2023-10-30,300671,34.23,35.68,35.93,34.23,34375,121897549.0,4.89,2.74,0.95,1.58
2023-10-31,300671,35.68,35.79,36.28,35.32,29523,105328440.0,2.69,0.31,0.11,1.36
2023-11-01,300671,35.51,35.55,36.1,35.34,21215,75802966.0,2.12,-0.67,-0.24,0.98
2023-11-02,300671,35.63,34.68,35.88,34.55,20608,72325887.0,3.74,-2.45,-0.87,0.95
2023-11-03,300671,34.59,36.08,36.18,34.58,31690,112952965.0,4.61,4.04,1.4,1.46
2023-11-06,300671,36.08,36.96,37.03,35.88,42671,155803867.0,3.19,2.44,0.88,1.97
2023-11-07,300671,36.8,37.23,37.4,36.54,34701,128141777.0,2.33,0.73,0.27,1.6
2023-11-08,300671,37.74,36.67,37.74,36.37,41443,152551846.0,3.68,-1.5,-0.56,1.91
2023-11-09,300671,36.72,36.19,36.95,36.06,24788,90289811.0,2.43,-1.31,-0.48,1.14
2023-11-10,300671,36.02,36.2,36.81,36.01,23078,83839979.0,2.21,0.03,0.01,1.06
2023-11-13,300671,36.65,36.14,36.94,35.89,29834,108412310.0,2.9,-0.17,-0.06,1.37
2023-11-14,300671,36.05,36.82,37.0,35.95,28121,103216601.0,2.91,1.88,0.68,1.3
2023-11-15,300671,37.0,36.58,37.4,36.43,24615,90679229.0,2.63,-0.65,-0.24,1.13
2023-11-16,300671,36.36,35.95,36.8,35.95,19904,72198773.0,2.32,-1.72,-0.63,0.92
2023-11-17,300671,36.01,36.11,36.46,35.83,17612,63567625.0,1.75,0.45,0.16,0.81
2023-11-20,300671,36.11,36.4,36.68,35.94,26220,95367120.0,2.05,0.8,0.29,1.21
2023-11-21,300671,36.34,35.5,36.65,35.43,24740,88736678.0,3.35,-2.47,-0.9,1.14
2023-11-22,300671,35.35,34.7,35.68,34.7,21815,76576226.0,2.76,-2.25,-0.8,1.01
2023-11-23,300671,34.88,35.04,35.2,34.54,19647,68584842.0,1.9,0.98,0.34,0.91
2023-11-24,300671,35.05,34.1,35.24,34.01,19026,65481168.0,3.51,-2.68,-0.94,0.88
2023-11-27,300671,34.0,34.44,34.63,33.97,18321,62924170.0,1.94,1.0,0.34,0.84
2023-11-28,300671,34.35,34.75,35.11,34.28,17544,60849515.0,2.41,0.9,0.31,0.81
2023-11-29,300671,34.66,34.8,35.77,34.65,27290,96241763.0,3.22,0.14,0.05,1.26
2023-11-30,300671,35.0,34.07,35.19,33.83,27654,94643808.0,3.91,-2.1,-0.73,1.27
2023-12-01,300671,34.02,34.28,34.37,33.66,15916,54160395.0,2.08,0.62,0.21,0.73
2023-12-04,300671,34.27,34.1,34.45,34.01,19321,66146018.0,1.28,-0.53,-0.18,0.89
2023-12-05,300671,34.08,32.85,34.08,32.85,21238,70762363.0,3.61,-3.67,-1.25,0.98
2023-12-06,300671,32.68,32.78,33.28,32.66,17689,58277712.0,1.89,-0.21,-0.07,0.82
2023-12-07,300671,32.79,32.78,32.95,32.38,17645,57575632.0,1.74,0.0,0.0,0.81
2023-12-08,300671,32.7,33.14,33.45,32.66,20309,67374413.0,2.41,1.1,0.36,0.94
2023-12-11,300671,32.89,33.46,33.52,32.38,21784,71711767.0,3.44,0.97,0.32,1.0
2023-12-12,300671,33.48,33.5,33.75,33.15,15389,51554602.0,1.79,0.12,0.04,0.71
2023-12-13,300671,33.48,33.08,33.82,33.08,13269,44343544.0,2.21,-1.25,-0.42,0.61
2023-12-14,300671,33.08,32.92,33.55,32.92,17195,57099033.0,1.9,-0.48,-0.16,0.79
2023-12-15,300671,32.91,32.52,33.22,32.43,14794,48477382.0,2.4,-1.22,-0.4,0.68
2023-12-18,300671,32.44,31.8,32.47,31.73,19320,61788347.0,2.28,-2.21,-0.72,0.89
2023-12-19,300671,31.76,31.99,32.3,31.59,15888,50835854.0,2.23,0.6,0.19,0.73
2023-12-20,300671,32.0,31.53,32.28,31.53,12767,40721251.0,2.34,-1.44,-0.46,0.59
2023-12-21,300671,31.52,31.67,31.93,30.84,19747,61968589.0,3.46,0.44,0.14,0.91
2023-12-22,300671,31.77,30.82,31.86,30.77,21528,66973619.0,3.44,-2.68,-0.85,0.99
2023-12-25,300671,30.8,30.81,31.25,30.6,12842,39655321.0,2.11,-0.03,-0.01,0.59
2023-12-26,300671,30.68,30.05,30.87,29.8,21015,63372009.0,3.47,-2.47,-0.76,0.97
2023-12-27,300671,30.3,30.22,30.55,29.94,15200,46047501.0,2.03,0.57,0.17,0.7
2023-12-28,300671,30.45,31.6,31.77,29.85,28669,88919433.0,6.35,4.57,1.38,1.32
2023-12-29,300671,31.66,32.33,32.45,31.55,23584,75996705.0,2.85,2.31,0.73,1.09
2024-01-02,300671,32.31,31.72,32.32,31.68,20482,65325025.0,1.98,-1.89,-0.61,0.94
2024-01-03,300671,31.23,31.1,31.68,30.9,18792,58642895.0,2.46,-1.95,-0.62,0.87
2024-01-04,300671,30.97,30.59,31.09,30.5,15338,47070183.0,1.9,-1.64,-0.51,0.71
2024-01-05,300671,30.57,29.75,30.88,29.58,17891,53902223.0,4.25,-2.75,-0.84,0.82
2024-01-08,300671,29.68,28.69,29.72,28.66,21866,63255177.0,3.56,-3.56,-1.06,1.01
2024-01-09,300671,28.9,28.88,29.43,28.74,18703,54375485.0,2.41,0.66,0.19,0.86
2024-01-10,300671,28.85,28.69,29.23,28.22,14360,41270980.0,3.5,-0.66,-0.19,0.66
2024-01-11,300671,28.61,29.42,29.5,28.56,18234,53128777.0,3.28,2.54,0.73,0.84
2024-01-12,300671,29.35,29.0,29.58,29.0,13749,40269227.0,1.97,-1.43,-0.42,0.63
2024-01-15,300671,28.78,29.16,29.78,28.5,22218,64951272.0,4.41,0.55,0.16,1.02
2024-01-16,300671,29.01,28.87,29.28,28.32,19663,56568909.0,3.29,-0.99,-0.29,0.91
2024-01-17,300671,28.83,27.91,29.01,27.91,15684,44581214.0,3.81,-3.33,-0.96,0.72
2024-01-18,300671,27.9,27.88,28.18,27.0,27330,75191937.0,4.23,-0.11,-0.03,1.26
2024-01-19,300671,27.89,27.51,28.44,27.51,17881,49755270.0,3.34,-1.33,-0.37,0.82
2024-01-22,300671,27.54,25.55,27.87,25.45,29368,77968181.0,8.8,-7.12,-1.96,1.35
2024-01-23,300671,25.43,25.79,26.04,25.22,23841,61298341.0,3.21,0.94,0.24,1.1
2024-01-24,300671,26.19,25.72,26.25,24.65,29651,75306199.0,6.2,-0.27,-0.07,1.37
2024-01-25,300671,26.11,26.61,26.66,25.34,23475,61581844.0,5.13,3.46,0.89,1.08
2024-01-26,300671,26.59,25.65,26.63,25.59,24027,62505324.0,3.91,-3.61,-0.96,1.11
2024-01-29,300671,25.75,24.76,26.09,24.76,21920,55152630.0,5.19,-3.47,-0.89,1.01
2024-01-30,300671,24.5,23.7,24.95,23.62,25058,60819571.0,5.37,-4.28,-1.06,1.15
2024-01-31,300671,23.45,22.22,23.8,22.0,38484,87867516.0,7.59,-6.24,-1.48,1.77
2024-02-01,300671,22.0,21.96,22.55,21.51,38364,84530874.0,4.68,-1.17,-0.26,1.77
2024-02-02,300671,21.98,20.41,22.38,19.55,49281,102678137.0,12.89,-7.06,-1.55,2.27
2024-02-05,300671,20.06,17.62,20.37,17.19,72327,133083258.0,15.58,-13.67,-2.79,3.33
2024-02-06,300671,17.11,18.51,18.93,16.67,67551,119790599.0,12.83,5.05,0.89,3.11
2024-02-07,300671,18.64,18.99,19.68,18.41,64680,123531976.0,6.86,2.59,0.48,2.98
2024-02-08,300671,18.97,22.79,22.79,18.97,52119,111749571.0,20.12,20.01,3.8,2.4
2024-02-19,300671,24.55,23.61,25.73,22.94,128197,305006167.0,12.24,3.6,0.82,5.91
2024-02-20,300671,23.0,23.15,23.31,22.18,85138,193117067.0,4.79,-1.95,-0.46,3.92
2024-02-21,300671,22.77,23.23,23.93,22.51,80028,188190908.0,6.13,0.35,0.08,3.69
2024-02-22,300671,23.0,23.73,23.95,23.0,62450,146992541.0,4.09,2.15,0.5,2.88
2024-02-23,300671,23.98,24.42,24.46,23.47,62540,149765047.0,4.17,2.91,0.69,2.88
2024-02-26,300671,24.8,24.67,25.11,24.02,63765,156640069.0,4.46,1.02,0.25,2.94
2024-02-27,300671,24.42,25.74,25.77,24.31,61083,153400811.0,5.92,4.34,1.07,2.81
2024-02-28,300671,25.97,23.47,26.3,23.47,83527,209657807.0,10.99,-8.82,-2.27,3.85
2024-02-29,300671,23.08,25.12,25.12,23.08,65860,161876135.0,8.69,7.03,1.65,3.03
2024-03-01,300671,25.33,26.01,26.17,25.12,66770,172066858.0,4.18,3.54,0.89,3.08
2024-03-04,300671,26.22,26.09,26.4,25.33,57164,148262135.0,4.11,0.31,0.08,2.63
2024-03-05,300671,25.56,25.57,26.25,25.31,44358,114455671.0,3.6,-1.99,-0.52,2.04
2024-03-06,300671,25.16,25.3,25.84,24.84,35571,89973062.0,3.91,-1.06,-0.27,1.64
2024-03-07,300671,25.28,24.66,25.98,24.61,37910,95405936.0,5.42,-2.53,-0.64,1.75
2024-03-08,300671,24.82,25.28,25.3,24.43,35527,88933786.0,3.53,2.51,0.62,1.64
2024-03-11,300671,25.03,25.45,25.45,24.74,34646,87087062.0,2.81,0.67,0.17,1.6
2024-03-12,300671,25.59,25.96,26.27,25.3,47112,121982835.0,3.81,2.0,0.51,2.17
2024-03-13,300671,26.09,26.05,26.34,25.8,43249,113025268.0,2.08,0.35,0.09,1.99
2024-03-14,300671,25.79,25.48,25.91,25.08,35707,91251929.0,3.19,-2.19,-0.57,1.65
2024-03-15,300671,25.44,25.64,25.69,25.03,28528,72282073.0,2.59,0.63,0.16,1.31
2024-03-18,300671,26.18,26.44,26.45,25.77,47823,125069266.0,2.65,3.12,0.8,2.2
2024-03-19,300671,26.35,26.68,28.12,26.16,88481,239780032.0,7.41,0.91,0.24,4.08
2024-03-20,300671,26.63,26.81,26.98,26.29,50611,134933606.0,2.59,0.49,0.13,2.33
2024-03-21,300671,26.82,28.19,28.6,26.82,101555,282847381.0,6.64,5.15,1.38,4.68
2024-03-22,300671,27.88,28.52,29.5,27.7,123212,353146118.0,6.39,1.17,0.33,5.68
2024-03-25,300671,28.2,26.27,28.25,26.21,81774,221167367.0,7.15,-7.89,-2.25,3.77
2024-03-26,300671,26.18,26.73,28.09,26.08,58041,155964142.0,7.65,1.75,0.46,2.67
2024-03-27,300671,26.69,24.4,26.76,24.38,68653,172813606.0,8.9,-8.72,-2.33,3.16
2024-03-28,300671,24.4,24.51,25.25,24.2,47921,118098283.0,4.3,0.45,0.11,2.21
2024-03-29,300671,24.29,24.45,24.77,23.65,43335,104629006.0,4.57,-0.24,-0.06,2.0
2024-04-01,300671,24.67,25.74,25.8,24.66,49508,125384241.0,4.66,5.28,1.29,2.28
2024-04-02,300671,25.83,25.1,25.95,24.92,36369,91641590.0,4.0,-2.49,-0.64,1.68
2024-04-03,300671,24.9,24.41,25.35,24.01,34155,84191156.0,5.34,-2.75,-0.69,1.57
2024-04-08,300671,24.4,23.51,24.41,23.51,26293,62572515.0,3.69,-3.69,-0.9,1.21
2024-04-09,300671,23.55,24.15,24.21,23.45,23470,56079629.0,3.23,2.72,0.64,1.08
2024-04-10,300671,24.02,23.15,24.11,23.01,27021,63167528.0,4.55,-4.14,-1.0,1.25
2024-04-11,300671,22.99,22.85,23.68,22.85,24601,57164271.0,3.59,-1.3,-0.3,1.13
2024-04-12,300671,22.89,22.5,23.3,22.5,27111,61811337.0,3.5,-1.53,-0.35,1.25
2024-04-15,300671,22.18,21.26,22.87,20.85,45086,97310438.0,8.98,-5.51,-1.24,2.08
2024-04-16,300671,21.0,19.19,21.24,19.19,52396,103888544.0,9.64,-9.74,-2.07,2.41
2024-04-17,300671,19.57,21.22,21.27,19.51,46479,95541720.0,9.17,10.58,2.03,2.14
2024-04-18,300671,21.38,20.79,21.39,20.42,33074,69183616.0,4.57,-2.03,-0.43,1.52
2024-04-19,300671,20.64,19.95,20.64,19.9,29755,59865597.0,3.56,-4.04,-0.84,1.37
2024-04-22,300671,19.8,20.2,20.42,19.17,30590,60780963.0,6.27,1.25,0.25,1.41
2024-04-23,300671,20.21,20.58,20.8,20.21,27337,56150800.0,2.92,1.88,0.38,1.26
2024-04-24,300671,20.54,21.28,21.3,20.39,29400,61841680.0,4.42,3.4,0.7,1.35
2024-04-25,300671,21.27,21.55,22.12,21.08,31252,67663322.0,4.89,1.27,0.27,1.44
2024-04-26,300671,21.86,22.69,23.06,21.54,42514,95679593.0,7.05,5.29,1.14,1.96
2024-04-29,300671,22.79,23.55,23.74,22.78,32435,75774642.0,4.23,3.79,0.86,1.49
2024-04-30,300671,23.61,23.43,23.76,23.15,28692,67353864.0,2.59,-0.51,-0.12,1.32
2024-05-06,300671,23.84,23.55,24.23,23.52,26419,62835112.0,3.03,0.51,0.12,1.22
2024-05-07,300671,23.55,23.66,23.87,23.41,21768,51456320.0,1.95,0.47,0.11,1.0
2024-05-08,300671,23.67,23.04,23.68,22.96,26646,61928055.0,3.04,-2.62,-0.62,1.23
2024-05-09,300671,22.91,23.47,23.69,22.91,26540,62190420.0,3.39,1.87,0.43,1.22
2024-05-10,300671,23.47,22.8,23.84,22.75,25948,59772280.0,4.64,-2.85,-0.67,1.2
2024-05-13,300671,22.87,22.0,22.87,21.9,29652,65739429.0,4.25,-3.51,-0.8,1.37
2024-05-14,300671,22.01,22.18,22.75,22.01,20495,45676409.0,3.36,0.82,0.18,0.94
2024-05-15,300671,22.15,22.18,22.88,21.75,20934,46871538.0,5.09,0.0,0.0,0.96
2024-05-16,300671,22.35,22.42,22.98,22.33,24826,56216855.0,2.93,1.08,0.24,1.14
2024-05-17,300671,22.42,23.08,23.08,22.1,28661,65390782.0,4.37,2.94,0.66,1.32
2024-05-20,300671,23.15,22.96,23.68,22.91,25152,58394661.0,3.34,-0.52,-0.12,1.16
2024-05-21,300671,22.85,22.57,23.12,22.43,25471,57692388.0,3.01,-1.7,-0.39,1.17
2024-05-22,300671,22.56,23.15,23.25,22.42,25498,58415209.0,3.68,2.57,0.58,1.17
2024-05-23,300671,23.15,22.6,23.34,22.52,26040,59546225.0,3.54,-2.38,-0.55,1.2
2024-05-24,300671,22.6,21.64,22.69,21.63,30609,67311635.0,4.69,-4.25,-0.96,1.41
2024-05-27,300671,21.78,22.14,22.15,20.94,33070,71102974.0,5.59,2.31,0.5,1.52
2024-05-28,300671,22.21,25.49,26.57,22.09,198190,503292716.0,20.23,15.13,3.35,9.13
2024-05-29,300671,24.3,24.26,25.14,24.03,147900,361002488.0,4.35,-4.83,-1.23,6.82
2024-05-30,300671,24.11,27.48,28.12,23.88,230918,599089691.0,17.48,13.27,3.22,10.64
2024-05-31,300671,26.49,26.47,27.45,26.46,157966,424134906.0,3.6,-3.68,-1.01,7.28
2024-06-03,300671,26.6,26.56,27.3,25.95,125823,335104104.0,5.1,0.34,0.09,5.8
2024-06-04,300671,26.0,25.2,26.01,24.87,114435,288906519.0,4.29,-5.12,-1.36,5.27
2024-06-05,300671,24.96,25.7,27.17,24.88,137263,362871017.0,9.09,1.98,0.5,6.32
2024-06-06,300671,26.33,25.45,27.68,25.26,145993,387231568.0,9.42,-0.97,-0.25,6.73
2024-06-07,300671,25.57,24.68,26.2,24.52,110156,277750032.0,6.6,-3.03,-0.77,5.08
2024-06-11,300671,24.61,26.15,26.55,24.3,128181,327727914.0,9.12,5.96,1.47,5.91
2024-06-12,300671,25.7,26.31,26.35,25.68,99486,258912774.0,2.56,0.61,0.16,4.58
2024-06-13,300671,26.3,27.18,28.12,25.91,152061,410045748.0,8.4,3.31,0.87,7.01
2024-06-14,300671,27.0,26.27,27.0,26.0,94638,249497014.0,3.68,-3.35,-0.91,4.36
2024-06-17,300671,26.0,26.23,26.85,25.68,75830,199350965.0,4.45,-0.15,-0.04,3.49
2024-06-18,300671,26.14,25.92,26.46,25.72,69147,179781987.0,2.82,-1.18,-0.31,3.19
2024-06-19,300671,26.13,26.93,27.17,25.57,113023,298776469.0,6.17,3.9,1.01,5.21
2024-06-20,300671,26.66,28.52,29.39,26.42,212055,602284793.0,11.03,5.9,1.59,9.77
2024-06-21,300671,27.58,28.17,28.3,26.8,124249,341586079.0,5.26,-1.23,-0.35,5.73
2024-06-24,300671,27.68,28.55,30.65,27.66,190898,557469447.0,10.61,1.35,0.38,8.8
2024-06-25,300671,27.99,26.97,28.53,26.5,137600,377146871.0,7.11,-5.53,-1.58,6.34
2024-06-26,300671,26.57,27.56,27.64,25.15,122149,322567100.0,9.23,2.19,0.59,5.63
2024-06-27,300671,27.03,25.65,27.3,25.6,99085,261276736.0,6.17,-6.93,-1.91,4.57
2024-06-28,300671,25.79,25.42,26.38,25.31,75116,194186757.0,4.17,-0.9,-0.23,3.46
2024-07-01,300671,25.52,24.69,25.75,24.0,77004,188923213.0,6.88,-2.87,-0.73,3.55
2024-07-02,300671,24.8,24.2,24.8,24.05,44042,107190645.0,3.04,-1.98,-0.49,2.03
2024-07-03,300671,24.2,25.03,25.35,23.51,86087,211693773.0,7.6,3.43,0.83,3.97
2024-07-04,300671,24.88,24.03,25.12,23.93,55891,137131478.0,4.75,-4.0,-1.0,2.58
2024-07-05,300671,23.88,23.45,23.92,23.1,47337,111285377.0,3.41,-2.41,-0.58,2.18
2024-07-08,300671,23.48,28.14,28.14,23.48,219659,603275562.0,19.87,20.0,4.69,10.12
2024-07-09,300671,28.75,30.11,30.5,28.38,327279,968213560.0,7.53,7.0,1.97,15.08
2024-07-10,300671,29.8,28.96,30.1,28.75,210449,615757149.0,4.48,-3.82,-1.15,9.7
2024-07-11,300671,29.4,29.16,29.69,28.51,155566,453046768.0,4.07,0.69,0.2,7.17
2024-07-12,300671,29.0,29.75,30.37,28.39,196551,577755342.0,6.79,2.02,0.59,9.06
2024-07-15,300671,29.8,29.85,32.2,29.6,239293,737705712.0,8.74,0.34,0.1,11.03
2024-07-16,300671,29.2,30.78,30.95,28.79,197497,588084773.0,7.24,3.12,0.93,9.1
2024-07-17,300671,30.0,29.33,30.79,29.21,135383,405432530.0,5.13,-4.71,-1.45,6.24
2024-07-18,300671,28.8,31.18,31.82,27.84,216771,646617536.0,13.57,6.31,1.85,9.99
2024-07-19,300671,31.2,34.28,36.08,31.2,287384,963563066.0,15.65,9.94,3.1,13.25
2024-07-22,300671,33.67,33.48,34.26,33.04,198307,665143883.0,3.56,-2.33,-0.8,9.14
2024-07-23,300671,33.48,32.61,33.98,32.48,131749,438504276.0,4.48,-2.6,-0.87,6.07
2024-07-24,300671,32.9,32.45,34.23,32.2,169750,564500162.0,6.23,-0.49,-0.16,7.82
2024-07-25,300671,31.5,31.6,33.1,31.35,130643,416566260.0,5.39,-2.62,-0.85,6.02
2024-07-26,300671,31.13,30.91,31.53,30.37,123852,382738644.0,3.67,-2.18,-0.69,5.71
2024-07-29,300671,31.06,30.65,32.0,30.4,98428,305885971.0,5.18,-0.84,-0.26,4.54
2024-07-30,300671,30.21,33.4,33.4,29.91,174054,551682256.0,11.39,8.97,2.75,8.02
2024-07-31,300671,32.4,32.98,34.0,32.12,179848,597571734.0,5.63,-1.26,-0.42,8.29
2024-08-01,300671,32.93,33.17,35.33,32.85,185346,628460409.0,7.52,0.58,0.19,8.54
2024-08-02,300671,32.86,32.05,33.55,31.91,120806,393369147.0,4.94,-3.38,-1.12,5.57
2024-08-05,300671,31.9,29.9,32.15,29.84,107510,331329918.0,7.21,-6.71,-2.15,4.95
2024-08-06,300671,30.6,30.04,30.86,29.35,68927,205419681.0,5.05,0.47,0.14,3.18
2024-08-07,300671,30.05,29.67,30.8,29.55,70269,211904599.0,4.16,-1.23,-0.37,3.24
2024-08-08,300671,29.58,29.71,30.59,28.7,97004,288616322.0,6.37,0.13,0.04,4.47
2024-08-09,300671,30.61,29.34,30.96,29.34,79391,239035439.0,5.45,-1.25,-0.37,3.66
2024-08-12,300671,28.76,28.59,29.3,28.25,61882,177124185.0,3.58,-2.56,-0.75,2.85
2024-08-13,300671,28.61,29.1,29.3,28.45,45707,131782869.0,2.97,1.78,0.51,2.11
2024-08-14,300671,29.12,28.88,29.8,28.83,62707,183902036.0,3.33,-0.76,-0.22,2.89
2024-08-15,300671,28.5,29.8,30.19,28.26,89904,266520977.0,6.68,3.19,0.92,4.14
2024-08-16,300671,29.66,28.0,29.9,27.8,102134,294432565.0,7.05,-6.04,-1.8,4.71
2024-08-19,300671,27.52,27.55,28.2,27.27,55985,155095807.0,3.32,-1.61,-0.45,2.58
2024-08-20,300671,27.64,27.35,27.86,27.21,38569,106289648.0,2.36,-0.73,-0.2,1.78
2024-08-21,300671,27.3,27.07,27.67,26.96,38508,104916653.0,2.6,-1.02,-0.28,1.77
2024-08-22,300671,27.07,26.86,27.48,26.81,37232,100723695.0,2.48,-0.78,-0.21,1.72
2024-08-23,300671,26.85,26.61,27.11,26.4,39614,105979634.0,2.64,-0.93,-0.25,1.83
2024-08-26,300671,26.75,26.85,27.14,26.52,36500,98037489.0,2.33,0.9,0.24,1.68
2024-08-27,300671,26.76,26.25,26.98,26.14,34775,92010736.0,3.13,-2.23,-0.6,1.6
2024-08-28,300671,26.14,26.29,26.59,25.9,28684,75482318.0,2.63,0.15,0.04,1.32
2024-08-29,300671,25.98,26.34,26.77,25.7,43779,115919449.0,4.07,0.19,0.05,2.02
2024-08-30,300671,26.41,27.33,27.73,26.41,63531,173257905.0,5.01,3.76,0.99,2.93
2024-09-02,300671,27.16,26.11,27.68,26.1,46362,124085048.0,5.78,-4.46,-1.22,2.14
2024-09-03,300671,26.11,26.36,26.83,26.07,34872,92134571.0,2.91,0.96,0.25,1.61
2024-09-04,300671,26.0,26.31,26.63,25.82,30099,79060608.0,3.07,-0.19,-0.05,1.39
2024-09-05,300671,26.36,26.67,26.82,26.15,31265,83005218.0,2.55,1.37,0.36,1.44
2024-09-06,300671,26.8,26.13,27.17,26.13,40370,107100389.0,3.9,-2.02,-0.54,1.86
2024-09-09,300671,26.0,25.98,26.49,25.81,35724,93249359.0,2.6,-0.57,-0.15,1.65
2024-09-10,300671,26.0,26.21,26.35,25.4,39336,101544267.0,3.66,0.89,0.23,1.81
2024-09-11,300671,26.29,26.01,26.29,25.8,23574,61275532.0,1.87,-0.76,-0.2,1.09
2024-09-12,300671,26.2,25.58,26.43,25.56,23853,61852341.0,3.34,-1.65,-0.43,1.1
2024-09-13,300671,25.5,25.04,25.75,25.03,26411,66934090.0,2.81,-2.11,-0.54,1.22
2024-09-18,300671,25.16,24.84,25.48,24.46,26312,65285810.0,4.07,-0.8,-0.2,1.21
2024-09-19,300671,25.12,25.4,25.64,24.63,30917,78116740.0,4.07,2.25,0.56,1.42
2024-09-20,300671,25.36,25.27,25.55,24.96,25406,64035986.0,2.32,-0.51,-0.13,1.17
2024-09-23,300671,25.24,25.18,25.53,25.01,21324,53903978.0,2.06,-0.36,-0.09,0.98
2024-09-24,300671,25.32,25.94,26.05,25.06,44541,114414921.0,3.93,3.02,0.76,2.05
2024-09-25,300671,26.28,26.08,27.01,26.0,58313,154642543.0,3.89,0.54,0.14,2.69
2024-09-26,300671,26.08,27.63,27.64,26.01,75474,202880413.0,6.25,5.94,1.55,3.48
2024-09-27,300671,28.08,30.03,30.3,27.8,114184,332196757.0,9.05,8.69,2.4,5.26
2024-09-30,300671,32.19,36.04,36.04,31.0,177647,602181462.0,16.78,20.01,6.01,8.19
2024-10-08,300671,43.25,43.25,43.25,40.58,133668,573752954.0,7.41,20.01,7.21,6.16
2024-10-09,300671,43.3,47.07,51.8,42.83,398803,1930886410.0,20.74,8.83,3.82,18.38
2024-10-10,300671,46.62,44.0,49.79,38.62,277806,1268199572.0,23.73,-6.52,-3.07,12.8
2024-10-11,300671,43.91,42.7,45.87,41.61,169703,733700977.0,9.68,-2.95,-1.3,7.82
2024-10-14,300671,42.06,44.55,44.89,41.0,206455,889378259.0,9.11,4.33,1.85,9.52
2024-10-15,300671,44.02,42.15,46.28,42.11,206403,916066741.0,9.36,-5.39,-2.4,9.51
2024-10-16,300671,40.04,41.07,42.37,40.01,127465,527806436.0,5.6,-2.56,-1.08,5.87
2024-10-17,300671,42.02,41.39,43.38,41.31,131554,555826870.0,5.04,0.78,0.32,6.06
2024-10-18,300671,40.81,47.73,49.61,40.81,312289,1418403519.0,21.26,15.32,6.34,14.39
2024-10-21,300671,48.3,46.41,51.77,46.26,354817,1729860040.0,11.54,-2.77,-1.32,16.35
2024-10-22,300671,46.4,46.29,48.86,45.51,230849,1084475987.0,7.22,-0.26,-0.12,10.64
2024-10-23,300671,45.0,45.36,46.85,44.61,155675,713302622.0,4.84,-2.01,-0.93,7.17
2024-10-24,300671,45.02,44.86,46.28,44.5,118123,533636052.0,3.92,-1.1,-0.5,5.44
2024-10-25,300671,45.6,44.55,45.77,44.2,114727,513686420.0,3.5,-0.69,-0.31,5.29
2024-10-28,300671,44.49,44.54,44.68,43.7,95567,421790075.0,2.2,-0.02,-0.01,4.4
2024-10-29,300671,44.43,42.91,45.18,42.91,125865,555369403.0,5.1,-3.66,-1.63,5.8
2024-10-30,300671,42.6,42.69,43.4,41.79,96226,409678624.0,3.75,-0.51,-0.22,4.43
2024-10-31,300671,42.26,43.67,44.6,41.86,140410,609659239.0,6.42,2.3,0.98,6.47
2024-11-01,300671,43.0,39.94,43.66,39.83,155843,642270161.0,8.77,-8.54,-3.73,7.18
2024-11-04,300671,39.53,40.88,41.01,39.53,78327,317370028.0,3.71,2.35,0.94,3.61
2024-11-05,300671,40.88,43.11,43.33,40.74,114523,485455601.0,6.34,5.45,2.23,5.28
2024-11-06,300671,43.2,42.74,44.18,42.18,119887,516873727.0,4.64,-0.86,-0.37,5.53
2024-11-07,300671,42.78,43.55,43.8,42.22,91690,394567743.0,3.7,1.9,0.81,4.23
2024-11-08,300671,44.45,43.5,45.5,43.36,135441,603380820.0,4.91,-0.11,-0.05,6.24
2024-11-11,300671,43.96,45.26,45.81,43.78,152482,686792847.0,4.67,4.05,1.76,7.03
2024-11-12,300671,45.0,44.24,45.27,43.7,111942,496239507.0,3.47,-2.25,-1.02,5.16
2024-11-13,300671,43.81,43.89,44.1,42.71,74263,322643931.0,3.14,-0.79,-0.35,3.42
2024-11-14,300671,43.71,42.1,43.95,42.02,66394,285247369.0,4.4,-4.08,-1.79,3.06
2024-11-15,300671,41.7,39.61,42.49,39.58,80409,329410381.0,6.91,-5.91,-2.49,3.71
2024-11-18,300671,39.96,37.47,40.08,37.13,83478,317621158.0,7.45,-5.4,-2.14,3.85
2024-11-19,300671,38.01,39.37,39.45,37.69,67909,261254134.0,4.7,5.07,1.9,3.13
2024-11-20,300671,39.37,39.37,39.75,38.67,62133,243211708.0,2.74,0.0,0.0,2.86
2024-11-21,300671,39.2,38.97,39.58,38.29,57638,225136175.0,3.28,-1.02,-0.4,2.66
2024-11-22,300671,38.76,36.84,39.46,36.74,66740,254327107.0,6.98,-5.47,-2.13,3.08
2024-11-25,300671,37.11,37.36,37.45,36.26,47667,176006340.0,3.23,1.41,0.52,2.2
2024-11-26,300671,37.59,37.4,38.68,37.0,62047,235579908.0,4.5,0.11,0.04,2.86
2024-11-27,300671,37.1,38.28,38.3,35.91,65871,244307719.0,6.39,2.35,0.88,3.04
2024-11-28,300671,38.28,37.87,38.87,37.78,57117,218608261.0,2.85,-1.07,-0.41,2.63
2024-11-29,300671,37.66,38.35,38.95,37.13,64089,244284134.0,4.81,1.27,0.48,2.95
2024-12-02,300671,38.1,38.47,38.61,37.9,57794,221588865.0,1.85,0.31,0.12,2.66
2024-12-03,300671,38.61,38.07,38.9,37.62,55061,210089439.0,3.33,-1.04,-0.4,2.54
2024-12-04,300671,39.88,38.11,40.35,38.04,125972,495002370.0,6.07,0.11,0.04,5.81
2024-12-05,300671,37.64,37.86,38.5,37.35,72698,276322709.0,3.02,-0.66,-0.25,3.35
2024-12-06,300671,37.87,38.61,38.68,37.2,79281,302046376.0,3.91,1.98,0.75,3.65
2024-12-09,300671,38.24,37.6,38.69,37.25,59902,226607218.0,3.73,-2.62,-1.01,2.76
2024-12-10,300671,39.26,38.22,39.5,38.21,80601,312404586.0,3.43,1.65,0.62,3.71
2024-12-11,300671,38.06,38.9,39.38,38.06,71788,278431540.0,3.45,1.78,0.68,3.31
2024-12-12,300671,38.8,38.55,39.04,37.83,63293,242747415.0,3.11,-0.9,-0.35,2.92
2024-12-13,300671,38.17,36.96,38.49,36.96,80044,301168427.0,3.97,-4.12,-1.59,3.69
2024-12-16,300671,38.36,40.0,41.0,38.09,243988,977256342.0,7.87,8.23,3.04,11.25
2024-12-17,300671,40.01,40.41,42.42,39.23,217333,889685738.0,7.98,1.03,0.41,10.02
2024-12-18,300671,41.0,43.97,46.0,38.0,307891,1303910642.0,19.8,8.81,3.56,14.19
2024-12-19,300671,42.25,42.82,43.8,42.01,206288,881814114.0,4.07,-2.62,-1.15,9.51
2024-12-20,300671,42.35,43.28,45.53,42.35,220392,971506586.0,7.43,1.07,0.46,10.16
2024-12-23,300671,42.99,44.55,45.51,42.51,234849,1048589283.0,6.93,2.93,1.27,10.82
2024-12-24,300671,45.4,43.73,45.6,41.4,182096,784307582.0,9.43,-1.84,-0.82,8.39
2024-12-25,300671,42.82,40.01,42.99,40.0,155767,642899778.0,6.84,-8.51,-3.72,7.18
2024-12-26,300671,39.2,40.79,41.43,39.2,119859,486913373.0,5.57,1.95,0.78,5.52
2024-12-27,300671,40.57,39.76,41.49,39.76,113383,460140579.0,4.24,-2.53,-1.03,5.23
2024-12-30,300671,39.3,38.96,39.93,38.14,83925,328154127.0,4.5,-2.01,-0.8,3.87
2024-12-31,300671,39.28,35.54,39.59,35.54,126513,466576946.0,10.4,-8.78,-3.42,5.83
2025-01-02,300671,35.66,33.8,35.84,33.3,101233,348966082.0,7.15,-4.9,-1.74,4.66
2025-01-03,300671,34.34,32.2,34.86,32.15,82679,274096102.0,8.02,-4.73,-1.6,3.81
2025-01-06,300671,32.5,31.67,32.78,31.2,57934,184083839.0,4.91,-1.65,-0.53,2.67
2025-01-07,300671,32.32,33.32,33.33,32.01,81894,268103687.0,4.17,5.21,1.65,3.77
2025-01-08,300671,32.91,33.34,33.88,31.72,88288,290746138.0,6.48,0.06,0.02,4.07
2025-01-09,300671,33.17,33.28,34.16,33.02,66995,225641964.0,3.42,-0.18,-0.06,3.09
2025-01-10,300671,32.9,32.0,34.18,31.95,76613,254107621.0,6.7,-3.85,-1.28,3.53
2025-01-13,300671,31.28,32.06,32.2,30.65,56609,178501108.0,4.84,0.19,0.06,2.61
2025-01-14,300671,32.3,33.75,33.77,32.0,72640,240498895.0,5.52,5.27,1.69,3.35
2025-01-15,300671,33.59,33.52,34.3,33.3,62205,209767036.0,2.96,-0.68,-0.23,2.86
2025-01-16,300671,34.0,33.37,34.38,32.93,63785,214094501.0,4.33,-0.45,-0.15,2.94
2025-01-17,300671,33.55,34.33,34.97,33.28,100995,345032031.0,5.06,2.88,0.96,4.65
2025-01-20,300671,34.28,33.43,34.31,33.14,82420,276267541.0,3.41,-2.62,-0.9,3.8
2025-01-21,300671,33.47,33.98,34.0,32.9,71430,239436633.0,3.29,1.65,0.55,3.29
2025-01-22,300671,33.65,33.09,33.95,32.87,48487,161613065.0,3.18,-2.62,-0.89,2.23
2025-01-23,300671,33.5,32.52,34.16,32.52,67951,227150462.0,4.96,-1.72,-0.57,3.13
2025-01-24,300671,32.61,32.77,32.87,32.26,47835,155963336.0,1.88,0.77,0.25,2.2
2025-01-27,300671,33.05,31.8,33.29,31.8,39607,128761309.0,4.55,-2.96,-0.97,1.82
2025-02-05,300671,32.66,32.99,33.56,32.22,58620,193332572.0,4.21,3.74,1.19,2.7
2025-02-06,300671,32.72,34.72,34.78,32.6,89377,306017730.0,6.61,5.24,1.73,4.12
2025-02-07,300671,34.74,34.71,35.5,34.1,96469,336991975.0,4.03,-0.03,-0.01,4.44
2025-02-10,300671,34.72,35.78,35.92,34.58,86215,305470559.0,3.86,3.08,1.07,3.97
2025-02-11,300671,35.7,34.7,35.7,34.6,64886,226237619.0,3.07,-3.02,-1.08,2.99
2025-02-12,300671,34.51,36.8,37.01,34.22,148848,535022030.0,8.04,6.05,2.1,6.86
2025-02-13,300671,36.28,35.62,36.44,35.55,86939,311985243.0,2.42,-3.21,-1.18,4.0
2025-02-14,300671,35.43,35.37,35.7,34.68,61153,215101413.0,2.86,-0.7,-0.25,2.82
2025-02-17,300671,35.35,35.41,35.87,34.85,63644,224316616.0,2.88,0.11,0.04,2.93
2025-02-18,300671,35.27,33.38,35.67,33.27,82360,283761025.0,6.78,-5.73,-2.03,3.79
2025-02-19,300671,33.43,34.9,34.97,33.42,77663,267658913.0,4.64,4.55,1.52,3.58
2025-02-20,300671,35.1,34.69,35.35,34.4,55172,192125456.0,2.72,-0.6,-0.21,2.54
2025-02-21,300671,34.7,36.1,36.25,34.31,113812,405173895.0,5.59,4.06,1.41,5.24
2025-02-24,300671,36.31,36.49,37.16,35.68,105624,383548289.0,4.1,1.08,0.39,4.86
2025-02-25,300671,35.8,36.84,37.73,35.62,117638,435104724.0,5.78,0.96,0.35,5.42
2025-02-26,300671,36.84,37.7,37.9,36.21,107557,398461760.0,4.59,2.33,0.86,4.95
2025-02-27,300671,37.5,36.98,37.92,35.95,96563,355745941.0,5.23,-1.91,-0.72,4.45
2025-02-28,300671,36.55,34.95,36.81,34.75,74864,267429607.0,5.57,-5.49,-2.03,3.45
2025-03-03,300671,35.23,34.91,36.13,34.54,68883,243736444.0,4.55,-0.11,-0.04,3.17
2025-03-04,300671,34.78,37.39,38.48,34.4,134826,493568982.0,11.69,7.1,2.48,6.21
2025-03-05,300671,37.5,37.13,37.87,36.5,84221,312444965.0,3.66,-0.7,-0.26,3.88
2025-03-06,300671,37.49,37.15,37.51,36.91,89175,331828115.0,1.62,0.05,0.02,4.11
2025-03-07,300671,37.0,36.28,37.08,36.0,70465,257254437.0,2.91,-2.34,-0.87,3.25
2025-03-10,300671,36.28,36.74,36.93,36.05,49845,182379665.0,2.43,1.27,0.46,2.3
2025-03-11,300671,36.01,36.34,36.8,35.87,53355,193214462.0,2.53,-1.09,-0.4,2.46
2025-03-12,300671,36.55,35.97,36.75,35.94,57498,208891891.0,2.23,-1.02,-0.37,2.65
2025-03-13,300671,35.72,34.27,35.85,34.01,74335,258325753.0,5.12,-4.73,-1.7,3.42
2025-03-14,300671,34.21,35.01,35.21,34.18,52596,182582939.0,3.01,2.16,0.74,2.42
2025-03-17,300671,35.02,34.96,35.25,34.7,32652,114383445.0,1.57,-0.14,-0.05,1.5
2025-03-18,300671,35.17,34.86,35.79,34.81,37291,131276414.0,2.8,-0.29,-0.1,1.72
2025-03-19,300671,34.81,34.21,35.08,34.05,37629,129555493.0,2.95,-1.86,-0.65,1.73
2025-03-20,300671,34.38,33.43,34.48,33.42,46779,158714483.0,3.1,-2.28,-0.78,2.15
2025-03-21,300671,33.3,32.57,33.55,32.48,42775,140746653.0,3.2,-2.57,-0.86,1.97
2025-03-24,300671,32.58,32.23,32.8,31.2,42067,134633829.0,4.91,-1.04,-0.34,1.94
2025-03-25,300671,32.24,32.55,33.15,31.65,45110,146162132.0,4.65,0.99,0.32,2.08
2025-03-26,300671,32.43,32.29,32.88,32.28,28506,92902250.0,1.84,-0.8,-0.26,1.31
2025-03-27,300671,32.01,32.26,32.85,31.83,27624,89458251.0,3.16,-0.09,-0.03,1.27
2025-03-28,300671,32.4,31.58,32.77,31.58,27685,88908267.0,3.69,-2.11,-0.68,1.28
2025-03-31,300671,30.0,27.0,30.46,26.5,159483,443126379.0,12.54,-14.5,-4.58,7.34
2025-04-01,300671,27.0,27.77,28.2,26.93,81978,226048658.0,4.7,2.85,0.77,3.78
2025-04-02,300671,27.59,27.78,28.14,27.51,44475,123784308.0,2.27,0.04,0.01,2.05
2025-04-03,300671,27.77,27.64,28.33,27.43,44068,122575304.0,3.24,-0.5,-0.14,2.03
2025-04-07,300671,25.79,23.1,26.4,22.12,90636,217654633.0,15.48,-16.43,-4.54,4.17
2025-04-08,300671,23.18,24.3,25.06,23.18,70409,171815342.0,8.14,5.19,1.2,3.24
2025-04-09,300671,23.6,25.42,25.6,22.82,77095,191123086.0,11.44,4.61,1.12,3.55
2025-04-10,300671,26.06,25.95,26.84,25.8,58794,154444635.0,4.09,2.08,0.53,2.71
2025-04-11,300671,26.61,31.14,31.14,26.57,79283,237833254.0,17.61,20.0,5.19,3.65
2025-04-14,300671,36.08,33.21,36.08,32.14,268706,897295071.0,12.65,6.65,2.07,12.37
2025-04-15,300671,33.3,32.22,33.59,31.69,160567,522079841.0,5.72,-2.98,-0.99,7.39
2025-04-16,300671,31.23,31.55,32.88,31.12,124353,396841252.0,5.46,-2.08,-0.67,5.73
2025-04-17,300671,30.99,33.57,35.87,30.99,248870,847776910.0,15.47,6.4,2.02,11.46
2025-04-18,300671,32.3,32.25,33.45,31.7,153522,496080842.0,5.21,-3.93,-1.32,7.07
2025-04-21,300671,31.8,31.65,32.1,31.43,95808,303289462.0,2.08,-1.86,-0.6,4.41
2025-04-22,300671,31.38,31.96,33.13,31.25,129777,418591815.0,5.94,0.98,0.31,5.98
2025-04-23,300671,31.42,31.23,32.08,30.81,105675,331397676.0,3.97,-2.28,-0.73,4.87
2025-04-24,300671,31.22,30.1,31.23,29.98,79538,241782665.0,4.0,-3.62,-1.13,3.66
2025-04-25,300671,30.02,29.87,30.28,29.6,60563,181150962.0,2.26,-0.76,-0.23,2.79
2025-04-28,300671,29.78,29.41,29.98,29.33,39325,116199295.0,2.18,-1.54,-0.46,1.81
2025-04-29,300671,29.03,29.7,29.85,29.03,38297,113483961.0,2.79,0.99,0.29,1.76
2025-04-30,300671,29.71,29.61,30.15,29.61,48512,144925801.0,1.82,-0.3,-0.09,2.23
2025-05-06,300671,29.91,30.81,30.81,29.91,60112,182379532.0,3.04,4.05,1.2,2.77
2025-05-07,300671,31.41,30.39,31.58,30.1,64473,197799369.0,4.8,-1.36,-0.42,2.97
2025-05-08,300671,30.37,30.91,30.95,30.26,49098,150577174.0,2.27,1.71,0.52,2.26
2025-05-09,300671,30.87,29.81,30.88,29.65,50192,150749941.0,3.98,-3.56,-1.1,2.31
2025-05-12,300671,30.28,30.93,31.09,30.1,59044,181162252.0,3.32,3.76,1.12,2.72
2025-05-13,300671,31.36,30.45,31.45,30.32,49932,153961398.0,3.65,-1.55,-0.48,2.3
2025-05-14,300671,30.49,30.67,30.79,30.06,42006,128065964.0,2.4,0.72,0.22,1.93
2025-05-15,300671,30.86,29.82,30.86,29.66,38865,116703600.0,3.91,-2.77,-0.85,1.79
2025-05-16,300671,29.8,29.9,30.22,29.7,28588,85892466.0,1.74,0.27,0.08,1.32
2025-05-19,300671,29.81,30.19,30.37,29.51,33467,100427626.0,2.88,0.97,0.29,1.54
2025-05-20,300671,30.02,30.61,30.75,29.89,41186,125245756.0,2.85,1.39,0.42,1.9
2025-05-21,300671,30.43,30.5,30.55,29.9,38706,117029841.0,2.12,-0.36,-0.11,1.78
2025-05-22,300671,30.27,30.82,32.25,30.25,116508,366984497.0,6.56,1.05,0.32,5.37
2025-05-23,300671,30.8,32.06,32.66,30.5,154920,493479444.0,7.01,4.02,1.24,7.13
2025-05-26,300671,32.11,31.6,33.2,31.2,99166,315307643.0,6.24,-1.43,-0.46,4.57
2025-05-27,300671,31.35,30.56,31.54,30.5,73132,225193565.0,3.29,-3.29,-1.04,3.37
2025-05-28,300671,30.6,32.59,34.51,30.13,162666,525494179.0,14.33,6.64,2.03,7.49
2025-05-29,300671,32.64,32.99,33.1,32.16,121710,397490252.0,2.88,1.23,0.4,5.61
2025-05-30,300671,32.52,31.7,32.68,31.56,79416,253958335.0,3.39,-3.91,-1.29,3.66
2025-06-03,300671,31.5,31.66,31.99,31.31,50467,159940778.0,2.15,-0.13,-0.04,2.32
2025-06-04,300671,31.66,32.44,32.78,31.5,86825,280500942.0,4.04,2.46,0.78,4.0
2025-06-05,300671,32.42,32.62,33.0,31.81,83716,272455840.0,3.67,0.55,0.18,3.86
2025-06-06,300671,32.36,32.81,33.45,32.2,86008,283100182.0,3.83,0.58,0.19,3.96
2025-06-09,300671,32.52,32.78,32.99,32.44,66725,218117004.0,1.68,-0.09,-0.03,3.07
2025-06-10,300671,32.68,32.1,33.48,32.1,109833,361143168.0,4.21,-2.07,-0.68,5.06
2025-06-11,300671,32.03,31.67,32.29,31.6,70723,225320147.0,2.15,-1.34,-0.43,3.26
2025-06-12,300671,31.5,31.83,31.88,31.24,44644,141241421.0,2.02,0.51,0.16,2.06
2025-06-13,300671,31.5,30.28,32.22,30.24,71643,221750248.0,6.22,-4.87,-1.55,3.3
2025-06-16,300671,29.95,30.82,30.97,29.88,40410,123923118.0,3.6,1.78,0.54,1.86
2025-06-17,300671,30.75,30.95,31.25,30.33,38926,120131723.0,2.99,0.42,0.13,1.79
2025-06-18,300671,30.83,31.27,31.48,30.62,44716,139168220.0,2.78,1.03,0.32,2.06
2025-06-19,300671,31.07,30.13,31.52,30.08,52934,163054222.0,4.61,-3.65,-1.14,2.44
2025-06-20,300671,30.2,30.22,31.5,30.18,56492,173866562.0,4.38,0.3,0.09,2.6
2025-06-23,300671,29.75,30.92,31.12,29.67,50723,155786798.0,4.8,2.32,0.7,2.34
2025-06-24,300671,30.92,31.94,31.96,30.9,67275,213337159.0,3.43,3.3,1.02,3.1
2025-06-25,300671,31.92,32.55,32.57,31.66,86139,277361976.0,2.85,1.91,0.61,3.97
2025-06-26,300671,32.5,32.12,32.85,32.05,64798,210226848.0,2.46,-1.32,-0.43,2.98
2025-06-27,300671,33.0,32.24,33.33,32.08,64076,208492039.0,3.89,0.37,0.12,2.95
2025-06-30,300671,32.27,32.75,33.19,32.27,59843,195952593.0,2.85,1.58,0.51,2.76
2025-07-01,300671,32.85,32.8,33.8,32.5,96530,319402198.0,3.97,0.15,0.05,4.45
2025-07-02,300671,32.03,32.15,32.8,31.79,63240,202914876.0,3.08,-1.98,-0.65,2.91
2025-07-03,300671,32.11,32.18,32.52,31.98,41974,135164950.0,1.68,0.09,0.03,1.93
2025-07-04,300671,32.1,31.47,32.27,31.39,54225,172019067.0,2.73,-2.21,-0.71,2.5
2025-07-07,300671,31.42,31.48,31.75,31.3,28013,88244385.0,1.43,0.03,0.01,1.29
2025-07-08,300671,31.45,31.79,31.89,31.45,35894,113831469.0,1.4,0.98,0.31,1.65
2025-07-09,300671,31.76,31.41,31.85,31.28,38139,120175627.0,1.79,-1.2,-0.38,1.76
2025-07-10,300671,31.33,31.19,31.53,31.06,32225,100749474.0,1.5,-0.7,-0.22,1.48
2025-07-11,300671,31.07,31.68,31.87,30.82,45046,141787898.0,3.37,1.57,0.49,2.07
2025-07-14,300671,31.7,31.41,31.78,31.32,28500,89716529.0,1.45,-0.85,-0.27,1.31
2025-07-15,300671,31.33,30.95,31.5,30.6,40717,126276371.0,2.87,-1.46,-0.46,1.88
2025-07-16,300671,30.88,31.21,32.17,30.8,57064,180197779.0,4.43,0.84,0.26,2.63
2025-07-17,300671,31.05,31.58,31.6,30.91,42815,134005572.0,2.21,1.19,0.37,1.97
2025-07-18,300671,31.54,31.5,31.82,31.2,38043,119621130.0,1.96,-0.25,-0.08,1.75
2025-07-21,300671,31.5,31.53,31.66,31.38,30134,94971845.0,0.89,0.1,0.03,1.39
2025-07-22,300671,31.53,31.37,31.75,31.22,35970,113039530.0,1.68,-0.51,-0.16,1.66
2025-07-23,300671,31.4,31.23,31.76,31.16,42872,135093854.0,1.91,-0.45,-0.14,1.97
2025-07-24,300671,31.26,31.88,32.16,31.26,59561,189429073.0,2.88,2.08,0.65,2.74
2025-07-25,300671,32.15,32.46,32.48,31.7,71664,230513654.0,2.45,1.82,0.58,3.3
2025-07-28,300671,32.4,32.23,32.46,32.12,39550,127555417.0,1.05,-0.71,-0.23,1.82
2025-07-29,300671,32.23,32.64,32.76,32.18,58640,190910826.0,1.8,1.27,0.41,2.7
2025-07-30,300671,32.64,32.39,33.3,32.09,74035,242314237.0,3.71,-0.77,-0.25,3.41
2025-07-31,300671,32.2,32.12,32.92,31.92,63700,206537954.0,3.09,-0.83,-0.27,2.93
2025-08-01,300671,32.01,32.25,32.76,31.87,48262,155611216.0,2.77,0.4,0.13,2.22
2025-08-04,300671,32.0,32.62,32.67,31.85,43543,141078043.0,2.54,1.15,0.37,2.01
2025-08-05,300671,32.7,32.67,32.78,32.49,40802,133142812.0,0.89,0.15,0.05,1.88
2025-08-06,300671,32.56,33.5,33.74,32.33,84153,278593539.0,4.32,2.54,0.83,3.88
2025-08-07,300671,33.7,40.2,40.2,33.66,273719,1048917255.0,19.52,20.0,6.7,12.6
2025-08-08,300671,40.42,39.23,42.06,39.12,471823,1919202456.0,7.31,-2.41,-0.97,21.73
2025-08-11,300671,38.58,39.21,39.43,38.02,230774,896411693.0,3.59,-0.05,-0.02,10.63
2025-08-12,300671,39.0,42.78,45.15,38.72,436945,1837161565.0,16.4,9.1,3.57,20.12
2025-08-13,300671,42.1,43.18,44.44,41.5,327316,1406513162.0,6.87,0.94,0.4,15.07
2025-08-14,300671,42.32,40.62,43.18,40.51,272366,1133445547.0,6.18,-5.93,-2.56,12.54
2025-08-15,300671,40.51,41.03,41.84,40.0,197637,807545649.0,4.53,1.01,0.41,9.1
2025-08-18,300671,41.43,41.45,42.2,40.72,195507,809992670.0,3.61,1.02,0.42,9.0
2025-08-19,300671,41.04,42.96,43.38,40.5,239129,1012806104.0,6.95,3.64,1.51,11.01
2025-08-20,300671,42.06,42.21,42.5,41.0,162667,678328306.0,3.49,-1.75,-0.75,7.49
2025-08-21,300671,42.05,41.0,45.89,41.0,256830,1119437169.0,11.58,-2.87,-1.21,11.83
2025-08-22,300671,40.88,41.33,42.16,40.59,202837,838521337.0,3.83,0.8,0.33,9.34
2025-08-25,300671,41.35,41.64,42.9,41.06,177189,739397206.0,4.45,0.75,0.31,8.16
2025-08-26,300671,41.23,40.7,41.68,40.18,138307,566186001.0,3.6,-2.26,-0.94,6.37
2025-08-27,300671,40.71,39.3,41.76,39.23,167958,682924159.0,6.22,-3.44,-1.4,7.73
2025-08-28,300671,39.09,40.68,40.68,39.0,135227,538638613.0,4.27,3.51,1.38,6.23
2025-08-29,300671,40.39,39.07,40.39,38.81,121214,476453149.0,3.88,-3.96,-1.61,5.58
2025-09-01,300671,39.68,39.87,40.2,39.1,86221,342098388.0,2.82,2.05,0.8,3.97
2025-09-02,300671,39.56,38.42,40.34,37.81,102566,396778085.0,6.35,-3.64,-1.45,4.72
2025-09-03,300671,38.69,37.14,38.77,37.0,76092,288592810.0,4.61,-3.33,-1.28,3.5
2025-09-04,300671,37.3,35.67,37.68,35.07,83403,304110194.0,7.03,-3.96,-1.47,3.84
2025-09-05,300671,36.0,37.03,37.25,35.61,77393,282689937.0,4.6,3.81,1.36,3.56
2025-09-08,300671,37.0,37.13,37.29,36.53,62081,229291789.0,2.05,0.27,0.1,2.86
2025-09-09,300671,37.28,36.32,37.31,36.18,50585,185176771.0,3.04,-2.18,-0.81,2.33
2025-09-10,300671,36.52,36.62,36.96,36.3,41556,152063181.0,1.82,0.83,0.3,1.91
2025-09-11,300671,36.62,37.59,37.72,36.4,76406,284311128.0,3.6,2.65,0.97,3.52
2025-09-12,300671,37.6,38.07,38.78,37.33,106471,407165854.0,3.86,1.28,0.48,4.9
2025-09-15,300671,42.0,39.36,42.2,39.32,198347,805726920.0,7.57,3.39,1.29,9.13
2025-09-16,300671,38.51,38.8,39.44,38.45,124157,481380860.0,2.52,-1.42,-0.56,5.72
2025-09-17,300671,38.52,38.57,39.47,38.05,88157,341556975.0,3.66,-0.59,-0.23,4.06
2025-09-18,300671,38.3,38.37,39.88,38.16,123371,482108195.0,4.46,-0.52,-0.2,5.68
2025-09-19,300671,38.21,37.25,38.93,37.25,83068,316142879.0,4.38,-2.92,-1.12,3.83
2025-09-22,300671,37.31,37.85,37.96,37.16,62841,236084063.0,2.15,1.61,0.6,2.89
2025-09-23,300671,37.85,39.19,39.2,36.26,135742,514989823.0,7.77,3.54,1.34,6.25
2025-09-24,300671,38.8,40.5,40.74,38.56,186927,750136428.0,5.56,3.34,1.31,8.61
2025-09-25,300671,39.5,39.62,40.15,39.38,110703,439527476.0,1.9,-2.17,-0.88,5.1
2025-09-26,300671,39.39,38.87,40.05,38.87,86049,340096189.0,2.98,-1.89,-0.75,3.96
2025-09-29,300671,39.18,38.5,39.22,38.08,72435,278783303.0,2.93,-0.95,-0.37,3.34
2025-09-30,300671,38.88,38.75,39.24,38.24,74396,289286133.0,2.6,0.65,0.25,3.43
2025-10-09,300671,39.39,39.54,39.97,38.62,106094,418207788.0,3.48,2.04,0.79,4.89
2025-10-10,300671,39.05,37.18,39.1,37.15,96501,365756066.0,4.93,-5.97,-2.36,4.44
2025-10-13,300671,35.35,37.83,37.95,35.3,69991,258481225.0,7.13,1.75,0.65,3.22
2025-10-14,300671,38.0,36.15,38.42,36.03,69870,259630606.0,6.32,-4.44,-1.68,3.22
2025-10-15,300671,36.57,36.34,37.13,35.58,42453,153957348.0,4.29,0.53,0.19,1.95
2025-10-16,300671,36.23,35.67,36.48,35.48,43888,157728327.0,2.75,-1.84,-0.67,2.02
2025-10-17,300671,35.6,34.1,35.93,34.0,57024,198487080.0,5.41,-4.4,-1.57,2.63
2025-10-20,300671,34.79,35.36,36.05,34.76,57958,204749984.0,3.78,3.7,1.26,2.67
2025-10-21,300671,35.43,35.69,35.8,35.0,28015,99163685.9,2.26,0.93,0.33,1.29
2025-10-22,300671,35.18,36.37,37.41,34.9,84578,306430838.29,7.04,2.08,0.74,3.89
2025-10-23,300671,35.86,35.92,36.07,35.3,52011,185775338.66,2.12,-1.24,-0.45,2.4
