日期,股票代码,开盘,收盘,最高,最低,成交量,成交额,振幅,涨跌幅,涨跌额,换手率
2020-04-22,300829,16.44,19.82,19.82,16.44,972,3142842.0,24.82,45.52,6.2,0.34
2020-04-23,300829,21.84,21.84,21.84,21.84,497,1773153.0,0.0,10.19,2.02,0.18
2020-04-24,300829,24.07,24.07,24.07,24.07,513,2011837.0,0.0,10.21,2.23,0.18
2020-04-27,300829,26.53,26.53,26.53,26.53,760,3280945.0,0.0,10.22,2.46,0.27
2020-04-28,300829,29.23,24.16,29.23,23.83,148015,614953472.0,20.35,-8.93,-2.37,52.3
2020-04-29,300829,23.6,24.6,25.68,23.08,125609,497588864.0,10.76,1.82,0.44,44.38
2020-04-30,300829,24.32,23.5,24.42,23.36,89203,346095072.0,4.31,-4.47,-1.1,31.52
2020-05-06,300829,22.91,23.72,23.77,22.6,62132,235596207.0,4.98,0.94,0.22,21.95
2020-05-07,300829,23.47,25.4,26.13,23.31,115366,471356608.0,11.89,7.08,1.68,40.77
2020-05-08,300829,25.02,26.03,26.37,24.8,107484,446340688.0,6.18,2.48,0.63,37.98
2020-05-11,300829,26.41,26.45,28.59,26.17,111779,493950512.0,9.3,1.61,0.42,39.5
2020-05-12,300829,26.34,28.28,28.54,26.3,104572,468704320.0,8.47,6.92,1.83,36.95
2020-05-13,300829,27.71,28.37,29.2,27.4,97850,449771424.0,6.36,0.32,0.09,34.58
2020-05-14,300829,28.25,27.14,29.47,27.04,102282,470270432.0,8.57,-4.34,-1.23,36.14
2020-05-15,300829,27.53,27.18,27.97,26.73,64278,286320960.0,4.57,0.15,0.04,22.71
2020-05-18,300829,27.13,26.04,27.25,25.57,78508,336119744.0,6.18,-4.19,-1.14,27.74
2020-05-19,300829,26.35,28.69,28.69,26.03,75049,331335312.0,10.22,10.18,2.65,26.52
2020-05-20,300829,29.87,31.6,31.6,29.54,162226,812636608.0,7.18,10.14,2.91,57.32
2020-05-21,300829,31.42,31.78,32.52,30.37,125189,636751152.0,6.8,0.57,0.18,44.24
2020-05-22,300829,31.18,28.82,31.4,28.72,96216,466855104.0,8.43,-9.31,-2.96,34.0
2020-05-25,300829,28.42,28.83,29.73,28.06,64735,304621520.0,5.79,0.03,0.01,22.87
2020-05-26,300829,29.01,29.7,30.22,28.06,66817,317597984.0,7.49,3.02,0.87,23.61
2020-05-27,300829,29.55,30.41,31.6,29.4,68558,339025200.0,7.41,2.39,0.71,24.23
2020-05-28,300829,30.22,29.41,31.1,28.06,71449,342930688.0,10.0,-3.29,-1.0,25.25
2020-05-29,300829,29.11,29.28,30.12,28.67,43873,209715013.0,4.93,-0.44,-0.13,15.5
2020-06-01,300829,29.35,30.6,31.1,28.99,57673,283188400.0,7.21,4.51,1.32,20.38
2020-06-02,300829,30.6,31.14,31.6,30.17,60256,301976368.0,4.67,1.76,0.54,21.29
2020-06-03,300829,30.92,30.33,31.03,29.87,44126,217732878.0,3.73,-2.6,-0.81,15.59
2020-06-04,300829,30.42,32.21,33.27,29.92,73954,377800640.0,11.05,6.2,1.88,26.13
2020-06-05,300829,31.97,33.01,33.56,31.68,60090,317004336.0,5.84,2.48,0.8,21.23
2020-06-08,300829,33.7,35.81,36.36,32.9,90559,517291584.0,10.48,8.48,2.8,32.0
2020-06-09,300829,35.04,35.67,36.07,34.17,75239,426722880.0,5.31,-0.39,-0.14,26.59
2020-06-10,300829,37.79,39.28,39.28,37.77,85330,537983104.0,4.23,10.12,3.61,30.15
2020-06-11,300829,38.6,41.72,43.17,38.59,95156,629597120.0,11.66,6.21,2.44,33.62
2020-06-12,300829,42.98,45.94,45.94,42.1,78615,557505552.0,9.2,10.12,4.22,27.78
2020-06-15,300829,47.04,45.37,47.67,43.93,84280,615054016.0,8.14,-1.24,-0.57,29.78
2020-06-16,300829,45.42,46.98,47.98,44.23,72440,538207888.0,8.27,3.55,1.61,25.6
2020-06-17,300829,47.42,46.29,49.54,46.16,69193,535157584.0,7.19,-1.47,-0.69,24.45
2020-06-18,300829,44.85,46.84,47.8,43.29,72421,529956304.0,9.74,1.19,0.55,25.59
2020-06-19,300829,46.42,47.01,48.6,46.42,46162,352986384.0,4.65,0.36,0.17,16.31
2020-06-22,300829,47.67,47.73,49.45,46.73,48754,376794480.0,5.79,1.53,0.72,17.23
2020-06-23,300829,47.05,47.45,49.73,46.92,58455,454098640.0,5.89,-0.59,-0.28,20.66
2020-06-24,300829,46.73,45.24,46.89,44.42,51576,379749184.0,5.21,-4.66,-2.21,18.22
2020-06-29,300829,44.48,45.76,46.6,44.29,33264,244819854.0,5.11,1.15,0.52,11.75
2020-06-30,300829,45.85,46.22,46.42,45.05,28469,210552825.0,2.99,1.01,0.46,10.06
2020-07-01,300829,47.42,46.85,47.7,45.4,33903,254658110.0,4.98,1.36,0.63,11.98
2020-07-02,300829,46.53,47.18,49.4,46.53,39866,307360320.0,6.13,0.7,0.33,14.09
2020-07-03,300829,46.7,45.66,46.97,44.63,41503,305265504.0,4.96,-3.22,-1.52,14.67
2020-07-06,300829,45.33,48.08,48.35,44.79,42806,323167248.0,7.8,5.3,2.42,15.13
2020-07-07,300829,48.04,51.22,52.29,47.68,45489,366529808.0,9.59,6.53,3.14,16.07
2020-07-08,300829,50.79,51.41,52.01,50.17,30818,254896700.0,3.59,0.37,0.19,10.89
2020-07-09,300829,51.49,51.41,52.0,49.98,36179,296967696.0,3.93,0.0,0.0,12.78
2020-07-10,300829,50.78,49.38,51.99,49.04,32540,263904356.0,5.74,-3.95,-2.03,11.5
2020-07-13,300829,48.92,50.32,50.78,48.92,26619,214454926.0,3.77,1.9,0.94,9.41
2020-07-14,300829,50.03,46.83,50.92,45.98,35514,277844832.0,9.82,-6.94,-3.49,12.55
2020-07-15,300829,45.79,46.93,48.04,45.63,25031,189968178.0,5.15,0.21,0.1,8.85
2020-07-16,300829,46.69,42.6,47.55,42.6,26742,193598604.0,10.55,-9.23,-4.33,9.45
2020-07-17,300829,42.68,41.44,43.13,40.23,24138,163346382.0,6.81,-2.72,-1.16,8.53
2020-07-20,300829,42.05,44.32,44.52,41.08,22103,154292824.0,8.3,6.95,2.88,7.81
2020-07-21,300829,44.03,47.17,47.52,43.89,31043,229929302.0,8.19,6.43,2.85,10.97
2020-07-22,300829,46.92,46.98,48.07,46.43,20246,154445568.0,3.48,-0.4,-0.19,7.15
2020-07-23,300829,47.3,47.92,49.47,47.05,26497,206282871.0,5.15,2.0,0.94,9.36
2020-07-24,300829,47.04,45.33,48.53,44.27,26039,194292478.0,8.89,-5.4,-2.59,9.2
2020-07-27,300829,45.65,47.18,47.77,44.53,19202,144747001.0,7.15,4.08,1.85,6.79
2020-07-28,300829,47.17,47.9,48.84,46.78,18796,145355854.0,4.37,1.53,0.72,6.64
2020-07-29,300829,47.12,48.52,48.83,46.95,20278,157578841.0,3.92,1.29,0.62,7.17
2020-07-30,300829,48.73,52.04,52.85,48.63,34827,286944896.0,8.7,7.25,3.52,12.31
2020-07-31,300829,51.75,52.65,53.22,50.97,25602,215915416.0,4.32,1.17,0.61,9.05
2020-08-03,300829,53.67,57.97,57.97,53.67,27427,248913516.0,8.17,10.1,5.32,9.69
2020-08-04,300829,60.72,63.81,63.81,58.85,34460,342643536.0,8.56,10.07,5.84,12.18
2020-08-05,300829,67.67,65.98,69.97,62.37,52634,558444912.0,11.91,3.4,2.17,18.6
2020-08-06,300829,64.22,59.33,65.79,59.33,34237,341361344.0,9.79,-10.08,-6.65,12.1
2020-08-07,300829,57.04,56.98,58.2,54.99,43059,393015840.0,5.41,-3.96,-2.35,15.22
2020-08-10,300829,57.04,55.66,57.04,53.98,24076,215556462.0,5.37,-2.32,-1.32,8.51
2020-08-11,300829,55.26,52.92,56.34,52.67,22072,194283861.0,6.59,-4.92,-2.74,7.8
2020-08-12,300829,53.42,53.73,54.19,51.67,21385,183631918.0,4.76,1.53,0.81,7.56
2020-08-13,300829,54.1,54.35,55.79,52.1,21435,187640550.0,6.87,1.15,0.62,7.57
2020-08-14,300829,55.48,54.95,57.33,54.37,26148,235053531.0,5.45,1.1,0.6,9.24
2020-08-17,300829,53.95,55.17,56.03,52.67,22506,198670776.0,6.11,0.4,0.22,7.95
2020-08-18,300829,55.47,58.52,60.17,54.76,31985,297478112.0,9.81,6.07,3.35,11.3
2020-08-19,300829,57.67,54.76,59.06,53.92,27235,248476038.0,8.78,-6.43,-3.76,9.62
2020-08-20,300829,53.28,51.43,54.23,50.54,25586,215999603.0,6.74,-6.08,-3.33,9.04
2020-08-21,300829,51.7,52.35,53.73,51.17,18287,154528019.0,4.98,1.79,0.92,6.46
2020-08-24,300829,52.42,58.79,60.78,52.35,38278,355050952.0,16.1,12.3,6.44,13.53
2020-08-25,300829,58.81,59.73,63.68,58.81,37720,367299386.0,8.28,1.6,0.94,13.33
2020-08-26,300829,60.8,56.95,61.42,56.02,29254,274784340.0,9.04,-4.65,-2.78,10.34
2020-08-27,300829,56.95,66.34,66.41,56.95,47617,482910336.0,16.61,16.49,9.39,16.83
2020-08-28,300829,63.92,64.82,70.15,61.52,49245,515424648.0,13.01,-2.29,-1.52,17.4
2020-08-31,300829,65.79,69.48,72.64,65.79,39690,439980760.0,10.57,7.19,4.66,14.02
2020-09-01,300829,68.3,68.78,71.98,66.92,29722,331778584.0,7.28,-1.01,-0.7,10.5
2020-09-02,300829,69.34,68.8,69.53,65.98,27252,297468742.0,5.16,0.03,0.02,9.63
2020-09-03,300829,69.53,68.85,74.38,68.05,31863,365989279.0,9.2,0.07,0.05,11.26
2020-09-04,300829,65.87,66.97,71.27,65.77,25188,275879792.0,7.99,-2.73,-1.88,8.9
2020-09-07,300829,68.15,62.97,68.15,61.72,30439,315955819.0,9.6,-5.97,-4.0,10.76
2020-09-08,300829,63.1,63.2,64.47,61.13,17779,180187753.0,5.3,0.37,0.23,6.28
2020-09-09,300829,62.12,58.98,62.75,57.7,24037,232875117.0,7.99,-6.68,-4.22,8.49
2020-09-10,300829,59.55,57.04,62.03,56.57,22586,215301950.0,9.26,-3.29,-1.94,7.98
2020-09-11,300829,57.12,62.17,63.92,57.12,24959,240269195.0,11.92,8.99,5.13,8.82
2020-09-14,300829,62.6,62.05,63.98,60.22,25350,252872931.0,6.05,-0.19,-0.12,8.96
2020-09-15,300829,62.03,62.07,63.17,60.48,17899,178231613.0,4.34,0.03,0.02,6.32
2020-09-16,300829,61.54,59.98,62.6,58.3,20118,193877111.0,6.93,-3.37,-2.09,7.11
2020-09-17,300829,59.04,58.99,60.52,57.72,17014,161711614.0,4.67,-1.65,-0.99,6.01
2020-09-18,300829,58.7,60.85,60.97,58.1,13798,132096149.0,4.87,3.15,1.86,4.88
2020-09-21,300829,60.67,59.7,61.53,58.53,15523,150074907.0,4.93,-1.89,-1.15,5.49
2020-09-22,300829,60.4,61.1,65.58,60.39,31557,317635533.0,8.69,2.35,1.4,11.15
2020-09-23,300829,61.35,61.98,62.22,59.54,19237,188666114.0,4.39,1.44,0.88,6.8
2020-09-24,300829,60.8,58.85,60.8,58.73,15063,144789356.0,3.34,-5.05,-3.13,5.32
2020-09-25,300829,58.93,59.65,60.38,58.29,11589,110934420.0,3.55,1.36,0.8,4.1
2020-09-28,300829,59.73,57.91,60.66,57.9,9129,86617605.0,4.63,-2.92,-1.74,3.23
2020-09-29,300829,58.92,58.2,59.24,57.37,8105,76273392.0,3.23,0.5,0.29,2.86
2020-09-30,300829,58.5,57.87,59.96,57.54,9431,89032932.0,4.16,-0.57,-0.33,3.33
2020-10-09,300829,58.31,59.26,60.35,58.31,11875,113479286.0,3.53,2.4,1.39,4.2
2020-10-12,300829,58.93,60.71,60.71,57.98,23820,227056721.0,4.61,2.45,1.45,8.42
2020-10-13,300829,60.29,59.76,60.33,58.7,17096,164054399.0,2.68,-1.56,-0.95,6.04
2020-10-14,300829,59.47,60.41,61.4,58.6,18773,181858462.0,4.69,1.09,0.65,6.63
2020-10-15,300829,59.62,52.42,59.98,52.04,36205,328531848.0,13.14,-13.23,-7.99,12.79
2020-10-16,300829,52.34,50.36,52.34,47.67,22973,186102730.0,8.91,-3.93,-2.06,8.12
2020-10-19,300829,51.1,48.75,51.1,48.15,19493,154660559.0,5.86,-3.2,-1.61,6.89
2020-10-20,300829,48.99,50.54,51.09,48.35,12998,105388954.0,5.62,3.67,1.79,4.59
2020-10-21,300829,50.57,49.32,51.04,49.06,9464,75888844.0,3.92,-2.41,-1.22,3.34
2020-10-22,300829,49.12,48.92,49.66,48.48,7190,56845973.0,2.39,-0.81,-0.4,2.54
2020-10-23,300829,49.06,46.42,49.34,46.12,16982,130004759.0,6.58,-5.11,-2.5,6.0
2020-10-26,300829,45.89,46.92,47.17,45.35,8476,63488136.0,3.92,1.08,0.5,2.99
2020-10-27,300829,46.8,47.7,48.07,46.78,9690,74178559.0,2.75,1.66,0.78,3.42
2020-10-28,300829,46.79,49.43,51.85,46.79,21500,173000468.0,10.61,3.63,1.73,7.6
2020-10-29,300829,48.29,48.6,50.79,48.29,14153,111808736.0,5.06,-1.68,-0.83,5.0
2020-10-30,300829,47.67,47.3,48.97,47.12,10463,80752010.0,3.81,-2.67,-1.3,3.7
2020-11-02,300829,47.31,47.59,47.85,46.42,8753,66526836.0,3.02,0.61,0.29,3.09
2020-11-03,300829,47.67,50.91,51.54,47.22,19242,154503038.0,9.08,6.98,3.32,6.8
2020-11-04,300829,50.82,51.22,52.04,49.57,12301,100470072.0,4.85,0.61,0.31,4.35
2020-11-05,300829,52.98,51.1,53.16,50.79,17273,144416092.0,4.63,-0.23,-0.12,6.1
2020-11-06,300829,50.9,50.27,51.57,49.6,10253,83684305.0,3.86,-1.62,-0.83,3.62
2020-11-09,300829,50.52,51.41,52.03,49.84,12148,100268316.0,4.36,2.27,1.14,4.29
2020-11-10,300829,51.41,51.37,51.8,50.18,9792,80504874.0,3.15,-0.08,-0.04,3.46
2020-11-11,300829,51.85,50.67,53.25,50.34,14161,119077673.0,5.66,-1.36,-0.7,5.0
2020-11-12,300829,49.92,51.95,52.54,49.92,14360,119806744.0,5.17,2.53,1.28,5.07
2020-11-13,300829,51.65,50.53,51.65,50.05,10760,88009984.0,3.08,-2.73,-1.42,3.8
2020-11-16,300829,50.79,54.12,55.09,50.79,22737,196920866.0,8.51,7.1,3.59,8.03
2020-11-17,300829,53.8,55.83,56.02,53.8,20815,184433205.0,4.1,3.16,1.71,7.36
2020-11-18,300829,56.29,53.73,56.29,53.54,16457,144401029.0,4.93,-3.76,-2.1,5.82
2020-11-19,300829,53.1,53.89,54.72,52.75,11702,101306835.0,3.67,0.3,0.16,4.13
2020-11-20,300829,55.35,56.85,58.89,55.17,23493,217141713.0,6.9,5.49,2.96,8.3
2020-11-23,300829,57.36,61.47,62.14,57.36,37119,361395200.0,8.41,8.13,4.62,13.12
2020-11-24,300829,60.53,61.17,63.6,59.58,26983,267246507.0,6.54,-0.49,-0.3,9.53
2020-11-25,300829,62.33,59.37,63.04,58.68,18522,178601781.0,7.13,-2.94,-1.8,6.54
2020-11-26,300829,59.19,60.09,60.68,57.67,16369,155930447.0,5.07,1.21,0.72,5.78
2020-11-27,300829,59.55,58.17,60.12,57.98,13453,127139113.0,3.56,-3.2,-1.92,4.75
2020-11-30,300829,59.94,60.09,63.29,59.94,25624,252952199.0,5.76,3.3,1.92,9.05
2020-12-01,300829,60.78,68.3,69.54,60.78,42908,455020944.0,14.58,13.66,8.21,15.16
2020-12-02,300829,68.29,68.8,71.33,66.2,32957,366761616.0,7.51,0.73,0.5,11.65
2020-12-03,300829,68.92,65.8,69.11,64.92,24947,266333259.0,6.09,-4.36,-3.0,8.82
2020-12-04,300829,66.4,66.29,68.84,65.0,17814,191313919.0,5.84,0.74,0.49,6.29
2020-12-07,300829,65.8,64.93,66.82,64.07,17074,179116759.0,4.15,-2.05,-1.36,6.03
2020-12-08,300829,64.62,64.57,66.0,63.62,14760,154209603.0,3.67,-0.55,-0.36,5.22
2020-12-09,300829,64.55,63.12,66.97,63.05,15156,158938915.0,6.07,-2.25,-1.45,5.36
2020-12-10,300829,62.68,63.17,64.27,61.73,12448,126736022.0,4.02,0.08,0.05,4.4
2020-12-11,300829,63.5,63.85,65.65,61.68,14996,153690651.0,6.28,1.08,0.68,5.3
2020-12-14,300829,63.95,66.4,66.41,61.97,19110,197406159.0,6.95,3.99,2.55,6.75
2020-12-15,300829,65.79,64.07,66.6,63.73,15454,161195050.0,4.32,-3.51,-2.33,5.46
2020-12-16,300829,63.61,64.2,65.15,63.08,9234,95158571.0,3.23,0.2,0.13,3.26
2020-12-17,300829,64.09,61.27,65.2,59.7,19860,198316122.0,8.57,-4.56,-2.93,7.02
2020-12-18,300829,60.6,61.42,61.72,59.88,10484,102687058.0,3.0,0.24,0.15,3.7
2020-12-21,300829,61.29,64.58,65.51,60.48,15719,161049372.0,8.19,5.14,3.16,5.55
2020-12-22,300829,64.58,62.79,65.13,62.28,16703,171379587.0,4.41,-2.77,-1.79,5.9
2020-12-23,300829,63.28,61.55,63.77,61.42,10189,102272441.0,3.74,-1.97,-1.24,3.6
2020-12-24,300829,61.65,56.84,61.65,56.1,25883,242970382.0,9.02,-7.65,-4.71,9.15
2020-12-25,300829,56.24,57.04,57.67,54.92,13201,120254874.0,4.84,0.35,0.2,4.66
2020-12-28,300829,59.23,58.47,60.78,57.98,18900,181743887.0,4.91,2.51,1.43,6.68
2020-12-29,300829,58.33,56.36,59.52,56.18,10767,98900590.0,5.71,-3.61,-2.11,3.8
2020-12-30,300829,56.12,56.95,57.55,55.79,7909,72655915.0,3.12,1.05,0.59,2.79
2020-12-31,300829,56.42,57.4,58.27,56.34,10928,101230309.0,3.39,0.79,0.45,3.86
2021-01-04,300829,58.6,61.47,62.82,58.6,23945,235850960.0,7.35,7.09,4.07,8.46
2021-01-05,300829,61.15,62.03,63.92,60.86,16210,163126071.0,4.98,0.91,0.56,5.73
2021-01-06,300829,61.8,63.12,65.15,61.45,18702,191549416.0,5.96,1.76,1.09,6.61
2021-01-07,300829,61.92,59.46,62.03,57.9,23576,226741347.0,6.54,-5.8,-3.66,8.33
2021-01-08,300829,58.93,60.7,61.17,56.98,16449,156716245.0,7.05,2.09,1.24,5.81
2021-01-11,300829,60.7,67.12,68.21,58.03,34486,356422576.0,16.77,10.58,6.42,12.19
2021-01-12,300829,65.17,67.67,68.98,65.17,23287,253060799.0,5.68,0.82,0.55,8.23
2021-01-13,300829,67.35,69.65,72.35,65.72,26255,292668272.0,9.8,2.93,1.98,9.28
2021-01-14,300829,71.47,67.73,75.45,67.05,29705,342143872.0,12.06,-2.76,-1.92,10.5
2021-01-15,300829,67.33,70.33,72.45,66.43,26511,298076368.0,8.89,3.84,2.6,9.37
2021-01-18,300829,70.12,76.03,78.28,69.97,32783,396087232.0,11.82,8.1,5.7,11.58
2021-01-19,300829,74.35,73.73,75.38,71.42,27272,321825456.0,5.21,-3.03,-2.3,9.64
2021-01-20,300829,72.98,73.23,73.47,68.65,19874,230112727.0,6.54,-0.68,-0.5,7.02
2021-01-21,300829,73.22,74.24,75.41,71.43,21820,257592850.0,5.43,1.38,1.01,7.71
2021-01-22,300829,73.28,70.79,74.07,70.09,21648,249347394.0,5.36,-4.65,-3.45,7.65
2021-01-25,300829,70.17,68.58,70.46,66.61,21218,234471799.0,5.44,-3.12,-2.21,7.5
2021-01-26,300829,68.92,69.0,71.06,67.18,14451,160756227.0,5.66,0.61,0.42,5.11
2021-01-27,300829,68.73,71.16,72.65,65.23,21950,244300717.0,10.75,3.13,2.16,7.76
2021-01-28,300829,68.53,64.68,69.54,63.0,22094,237058326.0,9.19,-9.11,-6.48,7.81
2021-01-29,300829,65.17,62.67,66.36,61.97,15152,155548573.0,6.79,-3.11,-2.01,5.35
2021-02-01,300829,62.04,66.2,67.46,62.0,21134,222879191.0,8.71,5.63,3.53,7.47
2021-02-02,300829,66.52,69.86,71.34,66.52,21972,245962041.0,7.28,5.53,3.66,7.76
2021-02-03,300829,70.21,68.5,71.4,66.78,18171,201295545.0,6.61,-1.95,-1.36,6.42
2021-02-04,300829,67.23,65.62,69.78,65.5,15295,164834446.0,6.25,-4.2,-2.88,5.4
2021-02-05,300829,65.5,60.32,67.78,60.26,20078,204279324.0,11.46,-8.08,-5.3,7.09
2021-02-08,300829,59.63,59.13,61.23,58.42,12854,123668096.0,4.66,-1.97,-1.19,4.54
2021-02-09,300829,59.51,63.05,64.05,59.51,15268,153625978.0,7.68,6.63,3.92,5.4
2021-02-10,300829,63.38,61.45,64.04,60.9,13854,138015869.0,4.98,-2.54,-1.6,4.9
2021-02-18,300829,63.29,59.23,63.78,58.67,18824,183830483.0,8.32,-3.61,-2.22,6.65
2021-02-19,300829,58.7,60.43,63.14,58.7,24254,237635548.0,7.5,2.03,1.2,8.57
2021-02-22,300829,60.92,63.2,64.92,60.6,27245,275957424.0,7.15,4.58,2.77,9.63
2021-02-23,300829,61.92,60.67,62.23,59.33,17543,171621405.0,4.59,-4.0,-2.53,6.2
2021-02-24,300829,60.67,58.13,61.04,57.71,16189,154669200.0,5.49,-4.19,-2.54,5.72
2021-02-25,300829,58.9,55.88,59.11,55.79,13648,125130437.0,5.71,-3.87,-2.25,4.82
2021-02-26,300829,55.29,52.09,55.29,51.99,19042,163806622.0,5.91,-6.78,-3.79,6.73
2021-03-01,300829,52.41,52.9,53.68,51.44,13904,117757066.0,4.3,1.56,0.81,4.91
2021-03-02,300829,53.53,51.17,53.53,50.5,15986,132593994.0,5.73,-3.27,-1.73,5.65
2021-03-03,300829,51.15,51.58,51.78,50.09,10931,90411209.0,3.3,0.8,0.41,3.86
2021-03-04,300829,51.0,49.93,51.47,49.9,12862,104743467.0,3.04,-3.2,-1.65,4.54
2021-03-05,300829,49.6,49.85,51.09,49.42,13922,112926092.0,3.34,-0.16,-0.08,4.92
2021-03-08,300829,50.11,46.15,50.13,45.79,20510,159333036.0,8.71,-7.42,-3.7,7.25
2021-03-09,300829,45.91,42.47,46.43,42.23,26444,187855159.0,9.1,-7.97,-3.68,9.34
2021-03-10,300829,43.67,42.04,44.28,41.91,17176,118561549.0,5.58,-1.01,-0.43,6.07
2021-03-11,300829,42.09,43.63,43.73,42.06,14019,97810824.0,3.97,3.78,1.59,4.95
2021-03-12,300829,43.9,43.6,44.92,42.98,14454,102166430.0,4.45,-0.07,-0.03,5.11
2021-03-15,300829,43.29,42.48,43.73,42.04,11368,78624586.0,3.88,-2.57,-1.12,4.02
2021-03-16,300829,42.57,43.63,43.85,42.37,10148,70581554.0,3.48,2.71,1.15,3.59
2021-03-17,300829,43.63,43.9,44.57,42.55,13469,95236545.0,4.63,0.62,0.27,4.76
2021-03-18,300829,44.42,42.89,44.42,42.75,12478,87294225.0,3.8,-2.3,-1.01,4.41
2021-03-19,300829,42.04,42.05,43.25,41.6,12111,82944551.0,3.85,-1.96,-0.84,4.28
2021-03-22,300829,42.12,43.45,43.48,41.63,12925,89099418.0,4.4,3.33,1.4,4.57
2021-03-23,300829,43.45,39.14,43.45,38.7,26187,173162185.0,10.93,-9.92,-4.31,9.25
2021-03-24,300829,39.23,37.97,39.45,37.45,20590,127299724.0,5.11,-2.99,-1.17,7.28
2021-03-25,300829,37.93,38.34,40.28,37.85,21482,135572016.0,6.4,0.97,0.37,7.59
2021-03-26,300829,38.85,39.33,39.52,38.44,13792,87268734.0,2.82,2.58,0.99,4.87
2021-03-29,300829,39.48,39.67,40.09,39.05,10260,65848219.0,2.64,0.86,0.34,3.63
2021-03-30,300829,39.54,39.34,39.9,38.86,9252,58934472.0,2.62,-0.83,-0.33,3.27
2021-03-31,300829,39.06,38.4,39.4,38.31,8197,51161590.0,2.77,-2.39,-0.94,2.9
2021-04-01,300829,38.4,39.12,39.78,38.38,8328,52653586.0,3.65,1.88,0.72,2.94
2021-04-02,300829,39.28,40.27,40.99,38.83,15468,100550161.0,5.52,2.94,1.15,5.47
2021-04-06,300829,40.38,39.35,40.38,39.05,13206,84387331.0,3.3,-2.28,-0.92,4.67
2021-04-07,300829,38.94,40.04,40.13,38.25,14190,89942287.0,4.78,1.75,0.69,5.01
2021-04-08,300829,39.63,38.98,40.03,38.98,9570,60989177.0,2.62,-2.65,-1.06,3.38
2021-04-09,300829,38.48,39.16,39.22,38.15,9472,59175877.0,2.74,0.46,0.18,3.35
2021-04-12,300829,38.92,36.64,38.98,36.47,15916,96145025.0,6.41,-6.44,-2.52,5.62
2021-04-13,300829,36.97,36.7,37.28,36.29,7955,47369991.0,2.7,0.16,0.06,2.81
2021-04-14,300829,37.0,36.77,37.03,36.1,7576,44944628.0,2.53,0.19,0.07,2.68
2021-04-15,300829,36.59,36.57,36.96,35.86,8666,51082788.0,2.99,-0.54,-0.2,3.06
2021-04-16,300829,36.48,36.32,36.94,35.87,9234,54332075.0,2.93,-0.68,-0.25,3.26
2021-04-19,300829,36.32,37.37,37.42,35.98,13691,82117436.0,3.96,2.89,1.05,4.84
2021-04-20,300829,37.08,37.62,38.2,35.94,26889,161575354.0,6.05,0.67,0.25,9.5
2021-04-21,300829,37.27,37.95,38.28,36.32,18650,113079239.0,5.21,0.88,0.33,6.59
2021-04-22,300829,38.08,45.63,45.63,37.77,67539,462852864.0,20.71,20.24,7.68,23.87
2021-04-23,300829,43.79,43.6,44.85,41.9,51430,358494976.0,6.47,-4.45,-2.03,18.17
2021-04-26,300829,42.47,41.46,42.95,41.17,29262,198010685.0,4.08,-4.91,-2.14,10.34
2021-04-27,300829,40.17,40.33,41.39,39.45,23472,152658478.0,4.68,-2.73,-1.13,8.29
2021-04-28,300829,41.13,39.05,41.13,39.02,17819,113844570.0,5.23,-3.17,-1.28,6.3
2021-04-29,300829,38.33,37.9,38.98,37.67,19765,122238513.0,3.35,-2.94,-1.15,3.18
2021-04-30,300829,37.67,39.37,40.47,37.35,24385,155200332.0,8.23,3.88,1.47,3.93
2021-05-06,300829,38.84,42.01,43.41,38.6,32171,217915928.0,12.22,6.71,2.64,5.18
2021-05-07,300829,42.28,42.26,42.85,40.92,20462,138760799.0,4.59,0.6,0.25,3.3
2021-05-10,300829,41.73,42.6,43.04,40.48,20801,142263691.0,6.06,0.8,0.34,3.35
2021-05-11,300829,42.04,45.18,46.35,41.9,30235,218991927.0,10.45,6.06,2.58,4.87
2021-05-12,300829,45.15,48.1,49.47,43.48,32105,239522889.0,13.26,6.46,2.92,5.17
2021-05-13,300829,47.05,45.67,49.47,45.64,29741,228730362.0,7.96,-5.05,-2.43,4.79
2021-05-14,300829,46.07,45.78,46.97,43.63,24505,179624301.0,7.31,0.24,0.11,3.95
2021-05-17,300829,44.99,45.05,46.35,44.55,17344,126518884.0,3.93,-1.59,-0.73,2.79
2021-05-18,300829,45.02,45.8,46.53,44.6,15631,115737645.0,4.28,1.66,0.75,2.52
2021-05-19,300829,45.8,44.42,45.8,44.23,14209,102608918.0,3.43,-3.01,-1.38,2.29
2021-05-20,300829,45.05,47.67,49.45,44.73,30871,236378792.0,10.63,7.32,3.25,4.97
2021-05-21,300829,47.67,48.2,50.02,46.67,25303,196494375.0,7.03,1.11,0.53,4.08
2021-05-24,300829,48.23,48.15,49.82,47.4,18702,146936389.0,5.02,-0.1,-0.05,3.01
2021-05-25,300829,47.97,48.04,48.78,46.65,15022,116156765.0,4.42,-0.23,-0.11,2.42
2021-05-26,300829,49.84,50.72,52.02,49.77,41389,340345440.0,4.68,5.58,2.68,6.67
2021-05-27,300829,50.4,49.62,52.35,48.97,50428,254143643.0,6.66,-2.17,-1.1,5.08
2021-05-28,300829,50.77,55.27,58.25,50.76,86600,480940224.0,15.09,11.39,5.65,8.72
2021-05-31,300829,55.37,58.08,59.29,53.37,65383,370617792.0,10.71,5.08,2.81,6.58
2021-06-01,300829,57.25,56.24,58.45,55.79,42934,244241074.0,4.58,-3.17,-1.84,4.32
2021-06-02,300829,55.8,58.07,59.57,55.68,51553,303074432.0,6.92,3.25,1.83,5.19
2021-06-03,300829,58.05,56.74,58.47,56.07,33670,193984163.0,4.13,-2.29,-1.33,3.39
2021-06-04,300829,49.67,54.07,55.05,49.56,71232,376931824.0,9.68,-4.71,-2.67,7.17
2021-06-07,300829,54.18,55.1,58.03,53.6,44993,251221856.0,8.19,1.9,1.03,4.53
2021-06-08,300829,54.86,52.25,55.54,52.12,41404,221924834.0,6.21,-5.17,-2.85,4.17
2021-06-09,300829,52.25,53.44,54.12,51.77,21295,113596879.0,4.5,2.28,1.19,2.14
2021-06-10,300829,53.53,52.0,54.47,51.35,34204,180410049.0,5.84,-2.69,-1.44,3.44
2021-06-11,300829,52.27,49.69,52.77,49.67,33432,169675052.0,5.96,-4.44,-2.31,3.37
2021-06-15,300829,49.57,49.08,50.45,46.82,40836,199372093.0,7.31,-1.23,-0.61,4.11
2021-06-16,300829,48.67,46.29,49.63,46.17,34600,164972822.0,7.05,-5.68,-2.79,3.48
2021-06-17,300829,46.67,51.3,51.92,46.31,47338,236724357.0,12.12,10.82,5.01,4.77
2021-06-18,300829,51.3,52.05,53.22,50.68,32641,170507402.0,4.95,1.46,0.75,3.29
2021-06-21,300829,52.84,57.57,59.27,52.8,55230,315525600.0,12.43,10.61,5.52,5.56
2021-06-22,300829,58.06,59.66,61.41,58.06,53463,323132272.0,5.82,3.63,2.09,5.38
2021-06-23,300829,60.22,58.67,60.27,58.28,36685,217664393.0,3.34,-1.66,-0.99,3.69
2021-06-24,300829,58.67,57.2,59.6,56.77,32481,188679457.0,4.82,-2.51,-1.47,3.27
2021-06-25,300829,57.2,57.87,59.37,57.2,27115,158927726.0,3.79,1.17,0.67,2.73
2021-06-28,300829,57.87,60.5,61.21,56.29,33181,199799054.0,8.5,4.54,2.63,3.34
2021-06-29,300829,60.87,65.35,66.17,60.68,65425,416496576.0,9.07,8.02,4.85,6.59
2021-06-30,300829,65.21,65.17,66.04,62.66,44771,290388752.0,5.17,-0.28,-0.18,4.51
2021-07-01,300829,66.97,67.36,71.25,66.97,49071,341139408.0,6.57,3.36,2.19,4.94
2021-07-02,300829,68.35,65.97,68.6,65.34,35534,237484830.0,4.84,-2.06,-1.39,3.58
2021-07-05,300829,68.27,69.12,70.88,66.75,47982,332197520.0,6.26,4.77,3.15,4.83
2021-07-06,300829,69.3,67.92,69.58,66.67,34414,234587454.0,4.21,-1.74,-1.2,3.46
2021-07-07,300829,66.7,67.11,68.04,66.21,31906,215478914.0,2.69,-1.19,-0.81,3.21
2021-07-08,300829,67.11,63.17,67.11,62.87,47218,304733584.0,6.32,-5.87,-3.94,4.75
2021-07-09,300829,63.96,63.61,64.85,62.29,29690,189561872.0,4.05,0.7,0.44,2.99
2021-07-12,300829,64.91,63.5,65.17,62.67,22334,142947355.0,3.93,-0.17,-0.11,2.25
2021-07-13,300829,63.57,63.95,64.26,61.48,28946,183270582.0,4.38,0.71,0.45,2.91
2021-07-14,300829,63.68,63.55,65.65,63.03,25075,162474249.0,4.1,-0.63,-0.4,2.52
2021-07-15,300829,63.79,60.59,63.79,57.67,52284,315013792.0,9.63,-4.66,-2.96,5.26
2021-07-16,300829,61.06,59.67,61.64,59.24,20040,121263426.0,3.96,-1.52,-0.92,2.02
2021-07-19,300829,59.54,60.0,60.9,58.87,19349,116810153.0,3.4,0.55,0.33,1.95
2021-07-20,300829,59.67,62.59,63.27,57.78,33319,204019489.0,9.15,4.32,2.59,3.35
2021-07-21,300829,62.17,63.1,64.22,61.92,27728,175988634.0,3.67,0.81,0.51,2.79
2021-07-22,300829,62.67,65.14,66.5,62.26,27107,177593383.0,6.72,3.23,2.04,2.73
2021-07-23,300829,65.07,64.77,67.06,63.98,27098,178859144.0,4.73,-0.57,-0.37,2.73
2021-07-26,300829,65.56,65.07,67.33,63.18,23228,152528029.0,6.41,0.46,0.3,2.34
2021-07-27,300829,64.0,60.67,65.36,60.07,26001,164193180.0,8.13,-6.76,-4.4,2.62
2021-07-28,300829,59.67,59.6,61.34,56.77,20402,121929901.0,7.53,-1.76,-1.07,2.05
2021-07-29,300829,60.32,62.87,63.76,60.32,24004,151690850.0,5.77,5.49,3.27,2.42
2021-07-30,300829,63.01,61.52,64.66,60.24,21564,134905850.0,7.03,-2.15,-1.35,2.17
2021-08-02,300829,61.19,58.88,61.19,58.1,23821,141513522.0,5.02,-4.29,-2.64,2.4
2021-08-03,300829,58.84,57.5,60.32,57.18,17857,105302369.0,5.33,-2.34,-1.38,1.8
2021-08-04,300829,57.17,57.11,58.33,56.7,22863,131751160.0,2.83,-0.68,-0.39,2.3
2021-08-05,300829,57.67,53.79,57.72,53.26,38813,212809812.0,7.81,-5.81,-3.32,3.91
2021-08-06,300829,53.67,51.49,53.94,50.23,46015,238218751.0,6.9,-4.28,-2.3,4.63
2021-08-09,300829,51.86,52.04,52.66,50.66,26345,137090916.0,3.88,1.07,0.55,2.65
2021-08-10,300829,50.81,52.49,53.2,50.81,25458,133770821.0,4.59,0.86,0.45,2.56
2021-08-11,300829,52.39,51.68,53.0,51.27,22176,115586813.0,3.3,-1.54,-0.81,2.23
2021-08-12,300829,51.37,52.08,52.19,50.77,23045,119688836.0,2.75,0.77,0.4,2.32
2021-08-13,300829,51.64,52.05,52.55,49.74,25560,132004273.0,5.4,-0.06,-0.03,2.57
2021-08-16,300829,52.06,53.77,54.61,51.87,29915,161028626.0,5.26,3.3,1.72,3.01
2021-08-17,300829,53.48,51.52,54.02,51.34,22574,119640983.0,4.98,-4.18,-2.25,2.27
2021-08-18,300829,51.6,50.94,52.15,50.57,14960,77330676.0,3.07,-1.13,-0.58,1.51
2021-08-19,300829,51.25,49.53,51.41,49.16,23585,118521882.0,4.42,-2.77,-1.41,2.37
2021-08-20,300829,49.53,49.66,50.69,47.67,20729,103709210.0,6.1,0.26,0.13,2.09
2021-08-23,300829,49.67,50.49,51.33,49.29,19907,100669418.0,4.11,1.67,0.83,2.0
2021-08-24,300829,51.15,50.46,51.16,49.95,16387,83431310.0,2.4,-0.06,-0.03,1.65
2021-08-25,300829,50.19,54.37,55.29,50.08,53509,286453584.0,10.33,7.75,3.91,5.39
2021-08-26,300829,54.29,51.96,54.29,51.57,38224,201752748.0,5.0,-4.43,-2.41,3.85
2021-08-27,300829,51.17,56.31,57.57,50.17,55844,308296272.0,14.24,8.37,4.35,5.62
2021-08-30,300829,56.32,54.01,57.35,53.87,53634,300246592.0,6.18,-4.08,-2.3,5.4
2021-08-31,300829,53.76,52.26,55.55,52.05,36302,194919876.0,6.48,-3.24,-1.75,3.65
2021-09-01,300829,51.76,49.71,52.63,49.36,32661,166964693.0,6.26,-4.88,-2.55,3.29
2021-09-02,300829,49.37,50.43,50.87,48.97,21338,107216383.0,3.82,1.45,0.72,2.15
2021-09-03,300829,50.0,49.96,50.8,48.98,21964,110177552.0,3.61,-0.93,-0.47,2.21
2021-09-06,300829,50.18,49.51,50.18,47.6,29921,147098033.0,5.16,-0.9,-0.45,3.01
2021-09-07,300829,50.67,51.39,52.33,50.16,29691,153445062.0,4.38,3.8,1.88,2.99
2021-09-08,300829,50.8,50.85,51.94,50.42,18039,92661837.0,2.96,-1.05,-0.54,1.82
2021-09-09,300829,50.18,50.27,51.37,49.62,14782,74553824.0,3.44,-1.14,-0.58,1.49
2021-09-10,300829,50.26,49.51,50.62,49.0,12763,63601862.0,3.22,-1.51,-0.76,1.28
2021-09-13,300829,49.82,47.12,49.82,46.87,28388,136504905.0,5.96,-4.83,-2.39,2.86
2021-09-14,300829,47.2,48.0,48.27,46.98,17520,84345479.0,2.74,1.87,0.88,1.76
2021-09-15,300829,48.77,51.98,52.27,48.74,40257,205663996.0,7.35,8.29,3.98,4.05
2021-09-16,300829,51.67,51.32,54.65,51.2,35992,190681398.0,6.64,-1.27,-0.66,3.62
2021-09-17,300829,50.83,49.57,51.84,49.17,23574,118611820.0,5.2,-3.41,-1.75,2.37
2021-09-22,300829,48.67,48.17,49.56,48.0,13066,63609006.0,3.15,-2.82,-1.4,1.32
2021-09-23,300829,48.35,49.65,50.35,48.05,17861,88244362.0,4.77,3.07,1.48,1.8
2021-09-24,300829,49.17,48.55,50.32,48.51,16314,81031199.0,3.65,-2.22,-1.1,1.64
2021-09-27,300829,49.16,47.14,49.17,46.17,21401,101660891.0,6.18,-2.9,-1.41,2.15
2021-09-28,300829,47.11,46.73,47.87,46.5,8388,39663558.0,2.91,-0.87,-0.41,0.84
2021-09-29,300829,46.66,43.43,46.66,43.19,16091,72752576.0,7.43,-7.06,-3.3,1.62
2021-09-30,300829,43.77,45.8,45.85,43.77,13413,60778060.0,4.79,5.46,2.37,1.35
2021-10-08,300829,46.27,45.37,46.81,45.33,8709,40248155.0,3.23,-0.94,-0.43,0.88
2021-10-11,300829,45.17,46.79,47.28,44.88,13682,64031070.0,5.29,3.13,1.42,1.38
2021-10-12,300829,47.17,45.9,47.17,45.0,12609,58353916.0,4.64,-1.9,-0.89,1.27
2021-10-13,300829,45.55,45.9,46.16,45.37,5579,25743763.0,1.72,0.0,0.0,0.56
2021-10-14,300829,45.59,45.58,46.17,45.21,5958,27393223.0,2.09,-0.7,-0.32,0.6
2021-10-15,300829,46.12,45.67,46.12,44.97,6984,31912104.0,2.52,0.2,0.09,0.7
2021-10-18,300829,45.55,45.3,45.86,44.55,9731,44235754.0,2.87,-0.81,-0.37,0.98
2021-10-19,300829,45.27,46.88,47.5,45.07,15972,75305511.0,5.36,3.49,1.58,1.61
2021-10-20,300829,46.68,46.75,47.36,45.98,10667,50061290.0,2.94,-0.28,-0.13,1.07
2021-10-21,300829,46.95,46.27,47.37,46.12,10189,47985694.0,2.67,-1.03,-0.48,1.03
2021-10-22,300829,45.51,45.35,46.06,44.52,16377,74407684.0,3.33,-1.99,-0.92,1.65
2021-10-25,300829,45.35,44.79,45.61,43.89,14728,65821951.0,3.79,-1.23,-0.56,1.48
2021-10-26,300829,44.79,41.67,45.07,41.57,34306,148924440.0,7.81,-6.97,-3.12,3.45
2021-10-27,300829,41.68,40.17,41.86,37.7,46554,183546180.0,9.98,-3.6,-1.5,4.69
2021-10-28,300829,39.5,38.33,39.97,38.17,21314,83712383.0,4.48,-4.58,-1.84,2.15
2021-10-29,300829,38.33,40.03,40.37,38.03,18685,74603297.0,6.1,4.44,1.7,1.88
2021-11-01,300829,40.35,40.03,41.08,39.55,19519,79042544.0,3.82,0.0,0.0,1.97
2021-11-02,300829,39.9,40.14,41.21,39.82,17776,72696261.0,3.47,0.27,0.11,1.79
2021-11-03,300829,40.26,40.38,40.95,39.85,13235,53783791.0,2.74,0.6,0.24,1.33
2021-11-04,300829,40.34,40.75,41.02,40.05,18261,74657513.0,2.4,0.92,0.37,1.84
2021-11-05,300829,41.02,39.65,41.34,39.5,16361,66554318.0,4.52,-2.7,-1.1,1.65
2021-11-08,300829,39.75,40.42,40.66,38.87,14289,57557020.0,4.51,1.94,0.77,1.44
2021-11-09,300829,40.59,40.91,40.92,40.05,12000,49033682.0,2.15,1.21,0.49,1.21
2021-11-10,300829,40.97,40.07,41.07,38.99,17589,70554294.0,5.08,-2.05,-0.84,1.77
2021-11-11,300829,40.15,40.81,40.98,39.88,16243,66590711.0,2.75,1.85,0.74,1.64
2021-11-12,300829,40.37,41.56,41.63,40.25,17838,73795601.0,3.38,1.84,0.75,1.8
2021-11-15,300829,41.72,42.59,42.99,41.45,23999,102500110.0,3.71,2.48,1.03,2.42
2021-11-16,300829,42.61,44.25,44.57,42.42,34543,152598405.0,5.05,3.9,1.66,3.48
2021-11-17,300829,44.17,43.05,44.17,42.68,25539,110891183.0,3.37,-2.71,-1.2,2.57
2021-11-18,300829,42.84,41.79,42.86,41.79,21073,89854459.0,2.49,-2.93,-1.26,2.12
2021-11-19,300829,41.79,44.61,46.57,41.79,58924,266096718.0,11.44,6.75,2.82,5.93
2021-11-22,300829,44.61,44.43,45.6,43.97,36639,164203594.0,3.65,-0.4,-0.18,3.69
2021-11-23,300829,44.26,46.62,47.47,44.07,43417,203056312.0,7.65,4.93,2.19,4.37
2021-11-24,300829,46.62,46.81,47.38,45.33,38394,179687360.0,4.4,0.41,0.19,3.87
2021-11-25,300829,45.88,46.2,47.58,45.79,19064,89069791.0,3.82,-1.3,-0.61,1.92
2021-11-26,300829,46.27,46.49,46.66,45.38,16943,78752467.0,2.77,0.63,0.29,1.71
2021-11-29,300829,45.86,46.16,46.95,45.03,13153,60987879.0,4.13,-0.71,-0.33,1.32
2021-11-30,300829,46.27,46.89,47.56,46.05,19589,92390064.0,3.27,1.58,0.73,1.97
2021-12-01,300829,46.87,48.99,49.84,46.19,39001,190190912.0,7.78,4.48,2.1,3.93
2021-12-02,300829,49.14,47.33,49.6,47.17,23926,115288720.0,4.96,-3.39,-1.66,2.41
2021-12-03,300829,47.08,48.57,50.42,46.96,30986,152826426.0,7.31,2.62,1.24,3.12
2021-12-06,300829,48.81,46.82,49.45,46.53,18668,89599618.0,6.01,-3.6,-1.75,1.88
2021-12-07,300829,47.62,45.96,47.67,45.27,19300,89391681.0,5.13,-1.84,-0.86,1.94
2021-12-08,300829,46.06,45.95,46.29,45.3,15974,73421346.0,2.15,-0.02,-0.01,1.61
2021-12-09,300829,45.67,45.77,47.25,45.47,18568,86484333.0,3.87,-0.39,-0.18,1.87
2021-12-10,300829,45.33,44.89,46.17,44.77,17970,81735320.0,3.06,-1.92,-0.88,1.81
2021-12-13,300829,44.92,45.14,46.37,44.28,19810,89985681.0,4.66,0.56,0.25,1.99
2021-12-14,300829,45.04,46.27,47.47,44.49,28759,133702310.0,6.6,2.5,1.13,2.9
2021-12-15,300829,46.18,44.61,46.27,44.55,17813,81165101.0,3.72,-3.59,-1.66,1.79
2021-12-16,300829,44.47,44.66,45.05,44.4,10208,45964627.0,1.46,0.11,0.05,1.03
2021-12-17,300829,44.65,42.5,44.87,42.47,22926,99475979.0,5.37,-4.84,-2.16,2.31
2021-12-20,300829,42.47,41.91,42.94,41.83,10196,43539707.0,2.61,-1.39,-0.59,1.03
2021-12-21,300829,41.98,42.56,42.63,41.88,8031,34204921.0,1.79,1.55,0.65,0.81
2021-12-22,300829,42.68,45.55,45.88,42.68,34198,154194038.0,7.52,7.03,2.99,3.44
2021-12-23,300829,45.67,44.85,46.54,44.78,12828,58659808.0,3.86,-1.54,-0.7,1.29
2021-12-24,300829,44.92,43.81,44.92,43.55,12977,57560367.0,3.05,-2.32,-1.04,1.31
2021-12-27,300829,43.68,43.27,44.0,42.87,11328,49482811.0,2.58,-1.23,-0.54,1.14
2021-12-28,300829,43.33,44.63,45.65,43.29,13388,60390041.0,5.45,3.14,1.36,1.35
2021-12-29,300829,44.27,44.47,45.8,44.27,16821,76275790.0,3.43,-0.36,-0.16,1.69
2021-12-30,300829,44.28,45.09,45.52,43.73,12892,58092928.0,4.03,1.39,0.62,1.3
2021-12-31,300829,45.16,45.37,45.42,44.53,10536,47750230.0,1.97,0.62,0.28,1.06
2022-01-04,300829,45.25,45.25,46.47,44.97,16633,76432984.0,3.31,-0.26,-0.12,1.67
2022-01-05,300829,45.25,43.78,45.25,43.63,12975,57973843.0,3.58,-3.25,-1.47,1.31
2022-01-06,300829,43.67,44.64,47.17,43.55,28524,130129162.0,8.27,1.96,0.86,2.87
2022-01-07,300829,44.47,42.98,45.6,42.67,17408,76859999.0,6.56,-3.72,-1.66,1.75
2022-01-10,300829,43.1,44.07,44.22,42.46,11205,49210141.0,4.09,2.54,1.09,1.13
2022-01-11,300829,44.07,42.37,44.37,42.24,12174,52865801.0,4.83,-3.86,-1.7,1.23
2022-01-12,300829,42.8,43.32,43.63,42.27,10802,47016545.0,3.21,2.24,0.95,1.09
2022-01-13,300829,43.33,41.55,43.33,41.38,14497,61303504.0,4.5,-4.09,-1.77,1.46
2022-01-14,300829,41.65,41.28,41.8,40.71,7166,29815225.0,2.62,-0.65,-0.27,0.72
2022-01-17,300829,40.69,41.73,42.32,40.69,10972,46231170.0,3.95,1.09,0.45,1.1
2022-01-18,300829,42.54,41.01,42.54,40.8,12404,51728548.0,4.17,-1.73,-0.72,1.25
2022-01-19,300829,40.96,40.96,41.49,40.43,7490,30931302.0,2.58,-0.12,-0.05,0.75
2022-01-20,300829,40.96,39.37,41.06,39.21,11651,46830323.0,4.52,-3.88,-1.59,1.17
2022-01-21,300829,39.37,38.89,39.7,38.55,7367,28988010.0,2.92,-1.22,-0.48,0.74
2022-01-24,300829,38.87,39.09,39.25,38.56,8324,32647516.0,1.77,0.51,0.2,0.84
2022-01-25,300829,39.07,36.56,39.36,36.55,15264,57807892.0,7.19,-6.47,-2.53,1.54
2022-01-26,300829,36.97,36.93,38.06,36.67,17309,65074991.0,3.8,1.01,0.37,1.74
2022-01-27,300829,37.44,35.42,37.44,35.35,15931,58187622.0,5.66,-4.09,-1.51,1.6
2022-01-28,300829,36.17,36.27,36.47,34.97,15820,57417877.0,4.23,2.4,0.85,1.59
2022-02-07,300829,36.85,36.67,37.05,36.34,6754,24991885.0,1.96,1.1,0.4,0.68
2022-02-08,300829,37.13,36.92,37.34,35.8,9929,36560187.0,4.2,0.68,0.25,1.0
2022-02-09,300829,36.8,37.48,37.57,36.55,8665,32631410.0,2.76,1.52,0.56,0.87
2022-02-10,300829,37.67,36.72,37.67,36.59,9278,34530704.0,2.88,-2.03,-0.76,0.93
2022-02-11,300829,36.48,36.33,36.97,36.27,7099,26225867.0,1.91,-1.06,-0.39,0.71
2022-02-14,300829,36.27,36.16,37.47,35.87,9278,34219828.0,4.4,-0.47,-0.17,0.93
2022-02-15,300829,36.35,36.8,37.22,36.27,10275,38087604.0,2.63,1.77,0.64,1.03
2022-02-16,300829,37.01,37.32,37.35,36.67,6749,25268994.0,1.85,1.41,0.52,0.68
2022-02-17,300829,37.01,37.44,37.62,36.83,7174,27071674.0,2.12,0.32,0.12,0.72
2022-02-18,300829,37.37,37.61,37.61,36.47,7618,28502374.0,3.04,0.45,0.17,0.77
2022-02-21,300829,37.64,37.82,38.5,37.17,17813,67901853.0,3.54,0.56,0.21,1.79
2022-02-22,300829,37.47,36.6,37.47,36.48,10441,38755399.0,2.62,-3.23,-1.22,1.05
2022-02-23,300829,36.75,40.33,41.57,36.72,33002,130406241.0,13.25,10.19,3.73,3.32
2022-02-24,300829,40.66,40.78,42.55,39.87,47247,197543767.0,6.65,1.12,0.45,4.76
2022-02-25,300829,41.05,39.93,42.02,39.67,22182,90401732.0,5.76,-2.08,-0.85,2.23
2022-02-28,300829,39.17,36.93,39.43,36.55,38759,145239161.0,7.21,-7.51,-3.0,3.9
2022-03-01,300829,37.35,37.09,38.16,36.74,20246,76151798.0,3.85,0.43,0.16,2.04
2022-03-02,300829,36.7,36.86,37.09,36.33,13408,49567840.0,2.05,-0.62,-0.23,1.35
2022-03-03,300829,36.95,39.49,41.67,36.57,50564,201166878.0,13.84,7.14,2.63,5.09
2022-03-04,300829,39.17,39.51,40.87,38.72,44165,176981390.0,5.44,0.05,0.02,4.45
2022-03-07,300829,38.81,38.19,39.23,37.34,25129,96830087.0,4.78,-3.34,-1.32,2.53
2022-03-08,300829,38.07,37.12,39.06,36.67,21252,80634396.0,6.26,-2.8,-1.07,2.14
2022-03-09,300829,36.79,34.79,37.36,33.28,30601,108879589.0,10.99,-6.28,-2.33,3.08
2022-03-10,300829,35.6,34.9,36.67,34.87,20767,74805994.0,5.17,0.32,0.11,2.09
2022-03-11,300829,34.67,34.46,34.83,33.18,24438,83925025.0,4.73,-1.26,-0.44,2.46
2022-03-14,300829,34.08,32.3,34.45,32.23,26017,86696137.0,6.44,-6.27,-2.16,2.62
2022-03-15,300829,31.94,29.9,32.24,29.8,36507,113345937.0,7.55,-7.43,-2.4,3.68
2022-03-16,300829,30.5,30.68,30.86,29.16,21247,64537251.0,5.69,2.61,0.78,2.14
2022-03-17,300829,31.27,31.44,32.17,30.8,19095,60754517.0,4.47,2.48,0.76,1.92
2022-03-18,300829,31.35,31.36,31.78,30.88,13306,42131536.0,2.86,-0.25,-0.08,1.34
2022-03-21,300829,31.35,31.64,31.71,31.08,12930,41050611.0,2.01,0.89,0.28,1.3
2022-03-22,300829,31.66,31.12,31.96,30.82,10895,34251896.0,3.6,-1.64,-0.52,1.1
2022-03-23,300829,31.11,31.41,31.91,30.97,10863,34570429.0,3.02,0.93,0.29,1.09
2022-03-24,300829,31.25,31.36,31.57,30.82,10627,33626779.0,2.39,-0.16,-0.05,1.07
2022-03-25,300829,31.17,30.87,31.99,30.82,11088,35118218.0,3.73,-1.56,-0.49,1.12
2022-03-28,300829,30.55,30.19,30.91,29.92,14149,43401180.0,3.21,-2.2,-0.68,1.42
2022-03-29,300829,30.35,29.77,30.42,29.52,15591,47109482.0,2.98,-1.39,-0.42,1.57
2022-03-30,300829,30.25,30.98,30.98,29.89,12588,38892880.0,3.66,4.06,1.21,1.27
2022-03-31,300829,30.94,30.07,30.94,29.87,13427,40873056.0,3.45,-2.94,-0.91,1.35
2022-04-01,300829,29.7,29.14,29.85,29.07,13210,39037341.0,2.59,-3.09,-0.93,1.33
2022-04-06,300829,29.14,28.95,29.27,28.65,9857,28859469.0,2.13,-0.65,-0.19,0.99
2022-04-07,300829,28.71,27.73,28.82,27.72,16156,46074878.0,3.8,-4.21,-1.22,1.63
2022-04-08,300829,27.74,27.23,27.79,26.7,15907,43891351.0,3.93,-1.8,-0.5,1.6
2022-04-11,300829,27.2,26.18,27.2,25.87,14904,39809385.0,4.88,-3.86,-1.05,1.5
2022-04-12,300829,26.03,26.53,26.55,25.6,11217,29599512.0,3.63,1.34,0.35,1.13
2022-04-13,300829,26.46,25.55,26.54,25.44,16361,42889178.0,4.15,-3.69,-0.98,1.65
2022-04-14,300829,25.52,26.58,26.86,25.52,16077,42754058.0,5.24,4.03,1.03,1.62
2022-04-15,300829,26.42,26.21,27.21,25.85,14044,37633357.0,5.12,-1.39,-0.37,1.41
2022-04-18,300829,26.05,26.66,26.76,25.57,10831,28893130.0,4.54,1.72,0.45,1.09
2022-04-19,300829,26.75,26.71,27.13,26.33,10122,27254437.0,3.0,0.19,0.05,1.02
2022-04-20,300829,26.52,27.02,28.46,26.52,23175,64240337.0,7.26,1.16,0.31,2.33
2022-04-21,300829,27.02,25.83,27.3,25.67,18069,48513810.0,6.03,-4.4,-1.19,1.82
2022-04-22,300829,25.63,24.97,25.63,24.7,13850,35094988.0,3.6,-3.33,-0.86,1.39
2022-04-25,300829,24.27,22.45,24.55,22.17,23960,56842794.0,9.53,-10.09,-2.52,2.41
2022-04-26,300829,22.97,22.52,23.84,22.18,23889,56015554.0,7.39,0.31,0.07,2.41
2022-04-27,300829,21.73,23.39,23.55,21.58,22540,51376935.0,8.75,3.86,0.87,2.27
2022-04-28,300829,23.09,22.92,23.56,22.65,14540,33976275.0,3.89,-2.01,-0.47,1.46
2022-04-29,300829,23.52,24.49,24.62,23.19,19146,46872666.0,6.24,6.85,1.57,1.93
2022-05-05,300829,24.46,25.47,26.17,24.33,17846,45773747.0,7.51,4.0,0.98,1.8
2022-05-06,300829,25.47,25.3,25.63,24.82,16007,40866785.0,3.18,-0.67,-0.17,1.61
2022-05-09,300829,25.13,26.45,26.53,24.83,20131,52669639.0,6.72,4.55,1.15,2.03
2022-05-10,300829,26.35,26.41,26.92,25.6,17374,46251590.0,4.99,-0.15,-0.04,1.75
2022-05-11,300829,26.21,26.65,27.75,26.21,22078,60414830.0,5.83,0.91,0.24,2.22
2022-05-12,300829,26.32,27.12,27.44,26.27,15238,41601093.0,4.39,1.76,0.47,1.53
2022-05-13,300829,27.67,27.29,29.33,26.88,30001,84354711.0,9.03,0.63,0.17,3.02
2022-05-16,300829,27.07,28.19,29.47,26.96,34654,99356787.0,9.2,3.3,0.9,3.49
2022-05-17,300829,28.33,27.47,28.44,27.16,20779,57979593.0,4.54,-2.55,-0.72,2.09
2022-05-18,300829,27.41,27.55,27.92,27.29,15120,42231808.0,2.29,0.29,0.08,1.52
2022-05-19,300829,27.03,27.49,27.62,26.94,13414,37133416.0,2.47,-0.22,-0.06,1.35
2022-05-20,300829,27.57,28.6,28.75,27.57,20545,58760492.0,4.29,4.04,1.11,2.07
2022-05-23,300829,28.49,28.44,28.96,28.17,12667,36411787.0,2.76,-0.56,-0.16,1.28
2022-05-24,300829,28.28,26.87,28.63,26.84,14698,41290369.0,6.29,-5.52,-1.57,1.48
2022-05-25,300829,26.86,27.21,27.41,26.77,12041,33108370.0,2.38,1.27,0.34,1.21
2022-05-26,300829,27.51,27.15,27.66,26.54,9748,26701185.0,4.12,-0.22,-0.06,0.98
2022-05-27,300829,27.31,27.3,28.05,26.88,12743,35407338.0,4.31,0.55,0.15,1.28
2022-05-30,300829,27.39,28.28,28.65,27.39,20528,58576232.0,4.62,3.59,0.98,2.07
2022-05-31,300829,28.17,28.55,28.63,27.68,17121,48860504.0,3.36,0.95,0.27,1.72
2022-06-01,300829,28.55,28.15,28.62,27.9,12887,36777662.0,2.52,-1.4,-0.4,1.3
2022-06-02,300829,27.98,28.52,28.63,27.75,15131,43353640.0,3.13,1.31,0.37,1.52
2022-06-06,300829,28.67,29.28,29.47,28.62,18194,53749866.0,2.98,2.66,0.76,1.83
2022-06-07,300829,29.33,28.62,29.51,28.38,18432,53714514.0,3.86,-2.25,-0.66,1.86
2022-06-08,300829,28.66,28.43,28.87,27.69,15404,44059264.0,4.12,-0.66,-0.19,1.55
2022-06-09,300829,28.39,27.45,28.39,26.94,15272,42527451.0,5.1,-3.45,-0.98,1.54
2022-06-10,300829,27.33,28.86,28.96,27.08,23090,66626701.0,6.85,5.14,1.41,2.32
2022-06-13,300829,28.69,28.37,28.97,27.68,31900,91308075.0,4.47,-1.7,-0.49,3.21
2022-06-14,300829,28.09,28.12,28.17,27.07,22706,63396787.0,3.88,-0.88,-0.25,2.29
2022-06-15,300829,28.13,27.97,29.08,27.78,20778,59427361.0,4.62,-0.53,-0.15,2.09
2022-06-16,300829,28.04,27.99,28.89,27.97,16398,46910517.0,3.29,0.07,0.02,1.65
2022-06-17,300829,27.94,27.88,28.28,27.24,16018,45102172.0,3.72,-0.39,-0.11,1.61
2022-06-20,300829,28.01,28.72,28.98,28.01,21656,62698298.0,3.48,3.01,0.84,2.18
2022-06-21,300829,28.99,27.88,29.23,27.66,18011,51171305.0,5.47,-2.92,-0.84,1.81
2022-06-22,300829,27.88,26.91,28.07,26.77,16707,46119837.0,4.66,-3.48,-0.97,1.68
2022-06-23,300829,26.78,27.42,27.49,26.54,15383,42327304.0,3.53,1.9,0.51,1.55
2022-06-24,300829,27.63,29.8,30.5,27.39,63366,188664408.0,11.34,8.68,2.38,6.38
2022-06-27,300829,31.08,30.33,31.99,30.15,57977,180054634.0,6.17,1.78,0.53,5.84
2022-06-28,300829,30.06,29.93,30.55,29.68,30587,92330471.0,2.87,-1.32,-0.4,3.08
2022-06-29,300829,30.09,29.28,30.5,29.28,29299,88154830.0,4.08,-2.17,-0.65,2.95
2022-06-30,300829,29.35,32.16,33.7,29.35,88107,283903744.0,14.86,9.84,2.88,8.55
2022-07-01,300829,32.07,31.17,32.62,30.67,54564,172238687.0,6.06,-3.08,-0.99,5.3
2022-07-04,300829,31.25,31.26,31.77,30.84,37019,116472334.0,2.98,0.29,0.09,3.59
2022-07-05,300829,31.35,30.94,31.59,30.37,30676,95460900.0,3.9,-1.02,-0.32,2.98
2022-07-06,300829,30.94,30.29,31.07,29.96,24271,74420308.0,3.59,-2.1,-0.65,2.36
2022-07-07,300829,30.29,30.41,30.93,29.81,21520,65928594.0,3.7,0.4,0.12,2.09
2022-07-08,300829,30.74,30.03,31.27,30.0,24473,75424248.0,4.18,-1.25,-0.38,2.38
2022-07-11,300829,29.64,29.67,30.38,29.35,21342,63931493.0,3.43,-1.2,-0.36,2.07
2022-07-12,300829,29.55,27.96,29.69,27.79,32985,94683880.0,6.4,-5.76,-1.71,3.2
2022-07-13,300829,28.34,29.76,29.9,28.14,35046,103198922.0,6.29,6.44,1.8,3.4
2022-07-14,300829,29.83,30.29,30.97,29.4,35536,108924908.0,5.28,1.78,0.53,3.45
2022-07-15,300829,30.45,29.42,30.64,29.41,22799,68787241.0,4.06,-2.87,-0.87,2.21
2022-07-18,300829,29.2,29.57,30.25,29.2,25245,75731952.0,3.57,0.51,0.15,2.45
2022-07-19,300829,29.5,30.54,30.54,29.2,22467,68260384.0,4.53,3.28,0.97,2.18
2022-07-20,300829,30.53,30.18,30.71,29.94,17686,53936559.0,2.52,-1.18,-0.36,1.72
2022-07-21,300829,30.28,29.8,30.73,29.7,16115,48652478.0,3.41,-1.26,-0.38,1.56
2022-07-22,300829,30.03,29.3,30.42,28.84,17170,51121161.0,5.3,-1.68,-0.5,1.67
2022-07-25,300829,29.44,28.83,29.89,28.59,14561,42565977.0,4.44,-1.6,-0.47,1.41
2022-07-26,300829,29.15,28.77,29.15,28.3,14272,41291451.0,2.95,-0.21,-0.06,1.39
2022-07-27,300829,29.52,29.81,30.19,28.95,25578,76487251.0,4.31,3.61,1.04,2.48
2022-07-28,300829,29.78,30.49,30.82,29.34,28273,86392161.0,4.96,2.28,0.68,2.74
2022-07-29,300829,30.46,30.18,30.74,29.99,19591,59923213.0,2.46,-1.02,-0.31,1.9
2022-08-01,300829,30.02,30.5,30.62,29.61,14797,45279704.0,3.35,1.06,0.32,1.44
2022-08-02,300829,30.2,28.62,30.46,28.1,28055,81922599.0,7.74,-6.16,-1.88,2.72
2022-08-03,300829,28.55,27.64,29.42,27.51,26875,76962451.0,6.67,-3.42,-0.98,2.61
2022-08-04,300829,28.13,27.95,28.33,27.28,20041,56250989.0,3.8,1.12,0.31,1.95
2022-08-05,300829,28.3,30.93,31.02,28.3,53093,160671483.0,9.73,10.66,2.98,5.15
2022-08-08,300829,30.86,30.34,31.19,29.94,30717,93649078.0,4.04,-1.91,-0.59,2.98
2022-08-09,300829,30.48,31.06,31.42,30.15,28831,89650773.0,4.19,2.37,0.72,2.8
2022-08-10,300829,30.74,31.85,32.58,30.62,44383,142444794.0,6.31,2.54,0.79,4.31
2022-08-11,300829,32.04,32.04,32.67,31.55,38247,124333025.0,3.52,0.6,0.19,3.71
2022-08-12,300829,32.17,31.52,32.53,31.44,24900,79988513.0,3.4,-1.62,-0.52,2.42
2022-08-15,300829,31.54,31.33,31.54,30.79,22803,71591605.0,2.38,-0.6,-0.19,2.21
2022-08-16,300829,31.87,31.74,32.46,30.94,37367,119835681.0,4.85,1.31,0.41,3.63
2022-08-17,300829,31.62,31.23,31.97,31.18,24773,78557435.0,2.49,-1.61,-0.51,2.41
2022-08-18,300829,31.33,31.13,31.5,30.61,26286,82205214.0,2.85,-0.32,-0.1,2.55
2022-08-19,300829,31.04,30.42,32.13,30.35,28009,87756643.0,5.72,-2.28,-0.71,2.72
2022-08-22,300829,30.51,30.52,30.93,29.94,20692,63472039.0,3.25,0.33,0.1,2.01
2022-08-23,300829,29.95,30.09,30.4,29.64,23500,70978607.0,2.49,-1.41,-0.43,2.28
2022-08-24,300829,30.36,28.64,30.42,28.44,26735,78368191.0,6.58,-4.82,-1.45,2.6
2022-08-25,300829,28.5,28.16,28.82,27.79,19086,54210849.0,3.6,-1.68,-0.48,1.85
2022-08-26,300829,27.99,27.76,28.95,27.75,21361,60756676.0,4.26,-1.42,-0.4,2.07
2022-08-29,300829,27.24,27.74,27.99,26.84,17199,48062817.0,4.14,-0.07,-0.02,1.67
2022-08-30,300829,27.74,27.9,28.23,27.43,15843,44334727.0,2.88,0.58,0.16,1.54
2022-08-31,300829,27.71,26.98,27.89,26.89,17055,46882267.0,3.58,-3.3,-0.92,1.66
2022-09-01,300829,27.0,26.36,27.21,26.11,20908,56066163.0,4.08,-2.3,-0.62,2.03
2022-09-02,300829,26.38,26.4,26.62,26.15,14717,39157824.0,1.78,0.15,0.04,1.43
2022-09-05,300829,26.34,26.04,26.39,25.74,16456,43207878.0,2.46,-1.36,-0.36,1.6
2022-09-06,300829,25.84,26.11,26.42,25.84,12640,33269092.0,2.23,0.27,0.07,1.23
2022-09-07,300829,26.07,26.22,26.32,25.96,12944,34225091.0,1.38,0.42,0.11,1.26
2022-09-08,300829,26.38,25.55,26.38,25.46,17214,44740283.0,3.51,-2.56,-0.67,1.67
2022-09-09,300829,25.55,25.76,25.82,25.31,10777,27878854.0,2.0,0.82,0.21,1.05
2022-09-13,300829,25.89,26.68,26.88,25.89,21334,56873447.0,3.84,3.57,0.92,2.07
2022-09-14,300829,25.94,26.1,26.38,25.83,18774,49402835.0,2.06,-2.17,-0.58,1.82
2022-09-15,300829,26.13,25.05,26.51,24.61,24906,64162717.0,7.28,-4.02,-1.05,2.42
2022-09-16,300829,25.15,24.97,25.3,24.67,18415,46404096.0,2.51,-0.32,-0.08,1.79
2022-09-19,300829,24.85,24.4,25.05,24.19,14553,36089680.0,3.44,-2.28,-0.57,1.41
2022-09-20,300829,24.6,24.58,24.85,24.42,10965,27285655.0,1.76,0.74,0.18,1.06
2022-09-21,300829,24.58,24.67,24.72,24.18,11054,27370942.0,2.2,0.37,0.09,1.07
2022-09-22,300829,24.55,24.49,24.99,24.44,10442,26011655.0,2.23,-0.73,-0.18,1.01
2022-09-23,300829,24.49,24.12,24.59,23.82,13052,31932214.0,3.14,-1.51,-0.37,1.27
2022-09-26,300829,23.89,23.59,24.09,23.41,12444,29855985.0,2.82,-2.2,-0.53,1.21
2022-09-27,300829,23.73,24.36,24.37,23.72,12923,31345066.0,2.76,3.26,0.77,1.25
2022-09-28,300829,24.27,23.58,24.38,23.56,9368,22688140.0,3.37,-3.2,-0.78,0.91
2022-09-29,300829,23.78,23.56,24.11,23.5,12244,29398774.0,2.59,-0.08,-0.02,1.19
2022-09-30,300829,23.56,23.5,23.78,23.27,9075,21575440.0,2.16,-0.25,-0.06,0.88
2022-10-10,300829,23.5,22.54,23.68,22.45,11990,27691002.0,5.23,-4.09,-0.96,1.16
2022-10-11,300829,22.66,22.3,22.89,21.96,14807,33320970.0,4.13,-1.06,-0.24,1.44
2022-10-12,300829,22.45,23.25,23.25,22.21,11965,27416792.0,4.66,4.26,0.95,1.16
2022-10-13,300829,23.09,24.21,25.08,23.01,24238,59161586.0,8.9,4.13,0.96,2.35
2022-10-14,300829,24.23,24.36,24.74,24.23,13478,33421161.0,2.11,0.62,0.15,1.31
2022-10-17,300829,24.36,25.01,25.42,24.3,16049,40474161.0,4.6,2.67,0.65,1.56
2022-10-18,300829,25.24,25.2,25.5,24.84,12591,32025751.0,2.64,0.76,0.19,1.22
2022-10-19,300829,25.18,24.86,25.18,24.77,10681,26933496.0,1.63,-1.35,-0.34,1.04
2022-10-20,300829,25.0,24.96,25.33,24.7,11354,28697186.0,2.53,0.4,0.1,1.1
2022-10-21,300829,24.97,24.92,25.26,24.62,10499,26353334.0,2.56,-0.16,-0.04,1.02
2022-10-24,300829,25.46,25.29,26.54,25.14,32399,84821665.0,5.62,1.48,0.37,3.15
2022-10-25,300829,24.31,22.68,24.72,22.52,41453,96704301.0,8.7,-10.32,-2.61,4.02
2022-10-26,300829,22.74,23.02,23.81,22.74,32107,75397844.0,4.72,1.5,0.34,3.12
2022-10-27,300829,23.2,22.43,23.34,22.4,19202,44189401.0,4.08,-2.56,-0.59,1.86
2022-10-28,300829,22.63,20.94,22.63,20.89,29182,63437995.0,7.76,-6.64,-1.49,2.83
2022-10-31,300829,20.62,21.38,21.69,20.56,17280,37073239.0,5.4,2.1,0.44,1.68
2022-11-01,300829,21.38,21.99,22.0,21.05,13379,29402727.0,4.44,2.85,0.61,1.3
2022-11-02,300829,22.03,22.29,22.73,21.99,12063,27350615.0,3.37,1.36,0.3,1.17
2022-11-03,300829,22.12,22.31,22.43,22.05,10903,24547169.0,1.7,0.09,0.02,1.06
2022-11-04,300829,22.14,22.9,23.04,22.14,21579,49411670.0,4.03,2.64,0.59,2.09
2022-11-07,300829,22.62,22.93,23.17,22.62,13400,31114077.0,2.4,0.13,0.03,1.3
2022-11-08,300829,22.92,22.87,23.02,22.64,11158,25744752.0,1.66,-0.26,-0.06,1.08
2022-11-09,300829,22.94,22.74,23.02,22.71,10287,23773370.0,1.36,-0.57,-0.13,1.0
2022-11-10,300829,22.72,22.44,22.84,22.36,15365,35075644.0,2.11,-1.32,-0.3,1.49
2022-11-11,300829,23.04,23.25,24.26,22.8,37682,89347888.0,6.51,3.61,0.81,3.66
2022-11-14,300829,23.25,23.83,24.21,23.25,39968,96380508.0,4.13,2.49,0.58,3.88
2022-11-15,300829,23.64,23.91,23.96,23.4,23658,56823370.0,2.35,0.34,0.08,2.3
2022-11-16,300829,23.92,23.88,24.1,23.69,16830,40621809.0,1.71,-0.13,-0.03,1.63
2022-11-17,300829,23.65,23.8,23.86,23.46,18414,43983687.0,1.68,-0.34,-0.08,1.79
2022-11-18,300829,23.85,23.62,24.26,23.59,15698,37998391.0,2.82,-0.76,-0.18,1.52
2022-11-21,300829,23.54,23.65,23.84,23.25,12285,29168566.0,2.5,0.13,0.03,1.19
2022-11-22,300829,23.45,23.22,24.04,22.95,20355,48419202.0,4.61,-1.82,-0.43,1.98
2022-11-23,300829,23.41,22.78,23.42,22.43,14538,33397488.0,4.26,-1.89,-0.44,1.41
2022-11-24,300829,22.78,22.69,23.13,22.57,8067,18611148.0,2.46,-0.4,-0.09,0.78
2022-11-25,300829,22.92,22.27,22.99,22.26,9739,22199977.0,3.22,-1.85,-0.42,0.95
2022-11-28,300829,21.99,22.07,22.23,21.67,12482,27712449.0,2.51,-0.9,-0.2,1.21
2022-11-29,300829,22.04,22.85,22.91,22.04,11957,27315652.0,3.94,3.53,0.78,1.16
2022-11-30,300829,22.89,22.44,23.02,22.44,11338,25986206.0,2.54,-1.79,-0.41,1.1
2022-12-01,300829,22.94,23.4,23.69,22.62,45260,106109671.0,4.77,4.28,0.96,4.39
2022-12-02,300829,23.43,23.38,24.02,23.15,23392,55596181.0,3.72,-0.09,-0.02,2.27
2022-12-05,300829,23.72,23.84,24.03,23.51,36475,87546798.0,2.22,1.97,0.46,3.54
2022-12-06,300829,23.82,24.14,24.79,23.69,38573,94873496.0,4.61,1.26,0.3,3.74
2022-12-07,300829,24.05,24.75,25.34,24.05,42639,106222703.0,5.34,2.53,0.61,4.14
2022-12-08,300829,25.04,25.34,26.28,24.9,80806,208579570.0,5.58,2.38,0.59,7.84
2022-12-09,300829,25.01,25.42,25.43,24.54,55739,140165471.0,3.51,0.32,0.08,5.41
2022-12-12,300829,25.49,24.51,25.49,24.48,35046,87685318.0,3.97,-3.58,-0.91,3.4
2022-12-13,300829,24.53,24.55,24.84,24.32,31006,77022372.0,2.12,0.16,0.04,3.01
2022-12-14,300829,24.3,25.51,25.69,24.16,58786,149199451.0,6.23,3.91,0.96,5.71
2022-12-15,300829,25.25,25.0,25.54,24.73,31921,80809274.0,3.18,-2.0,-0.51,3.1
2022-12-16,300829,24.76,24.68,24.86,24.41,26390,65538441.0,1.8,-1.28,-0.32,2.56
2022-12-19,300829,24.55,23.7,24.62,23.54,30867,74381779.0,4.38,-3.97,-0.98,3.0
2022-12-20,300829,23.67,22.77,23.67,22.67,25761,59677513.0,4.22,-3.92,-0.93,2.5
2022-12-21,300829,22.74,22.64,23.06,22.42,18459,42434324.0,2.81,-0.57,-0.13,1.79
2022-12-22,300829,22.74,22.23,23.33,22.16,27521,63559752.0,5.17,-1.81,-0.41,2.67
2022-12-23,300829,22.2,22.04,22.37,21.86,17762,39659275.0,2.29,-0.85,-0.19,1.72
2022-12-26,300829,22.01,22.08,22.4,21.76,27161,60477757.0,2.9,0.18,0.04,2.64
2022-12-27,300829,22.11,22.6,22.66,21.9,27334,61703610.0,3.44,2.36,0.52,2.65
2022-12-28,300829,22.51,21.9,22.51,21.74,23473,52336941.0,3.41,-3.1,-0.7,2.28
2022-12-29,300829,21.75,21.6,21.93,21.5,19003,41659234.0,1.96,-1.37,-0.3,1.84
2022-12-30,300829,21.6,21.55,21.73,21.34,15501,33740614.0,1.81,-0.23,-0.05,1.5
2023-01-03,300829,21.55,22.07,22.07,21.54,22353,49356426.0,2.46,2.41,0.52,2.17
2023-01-04,300829,22.01,21.76,22.14,21.59,24208,53492763.0,2.49,-1.4,-0.31,2.35
2023-01-05,300829,21.77,21.97,22.11,21.58,25872,57369954.0,2.44,0.97,0.21,2.51
2023-01-06,300829,21.97,21.86,22.22,21.73,23287,51759237.0,2.23,-0.5,-0.11,2.26
2023-01-09,300829,21.82,21.93,22.21,21.82,22031,49053922.0,1.78,0.32,0.07,2.14
2023-01-10,300829,22.04,21.63,22.04,21.59,18125,39798864.0,2.05,-1.37,-0.3,1.76
2023-01-11,300829,21.62,21.38,21.74,21.36,19503,42481738.0,1.76,-1.16,-0.25,1.89
2023-01-12,300829,21.33,21.27,21.56,21.17,12867,27738639.0,1.82,-0.51,-0.11,1.25
2023-01-13,300829,21.39,21.52,21.53,21.26,9355,20277059.0,1.27,1.18,0.25,0.91
2023-01-16,300829,21.72,22.14,22.25,21.69,33669,75052944.0,2.6,2.88,0.62,3.27
2023-01-17,300829,22.08,22.08,22.23,21.96,14106,31494050.0,1.22,-0.27,-0.06,1.37
2023-01-18,300829,22.23,22.18,22.23,21.96,11268,25213483.0,1.22,0.45,0.1,1.09
2023-01-19,300829,22.18,22.32,22.39,22.05,11450,25776947.0,1.53,0.63,0.14,1.11
2023-01-20,300829,22.44,22.35,22.54,22.22,13434,30320705.0,1.43,0.13,0.03,1.3
2023-01-30,300829,22.65,22.7,22.88,22.52,21089,48358149.0,1.61,1.57,0.35,2.05
2023-01-31,300829,22.69,22.66,22.81,22.46,14014,32083672.0,1.54,-0.18,-0.04,1.36
2023-02-01,300829,22.76,23.12,23.13,22.54,20296,46846571.0,2.6,2.03,0.46,1.97
2023-02-02,300829,23.09,23.01,23.12,22.79,21037,48823533.0,1.43,-0.48,-0.11,2.04
2023-02-03,300829,23.12,22.93,23.12,22.54,19133,44056482.0,2.52,-0.35,-0.08,1.86
2023-02-06,300829,22.88,22.69,22.88,22.54,13507,30983973.0,1.48,-1.05,-0.24,1.31
2023-02-07,300829,22.94,23.03,23.05,22.68,18247,42296121.0,1.63,1.5,0.34,1.77
2023-02-08,300829,23.06,23.11,23.29,22.84,20064,47011152.0,1.95,0.35,0.08,1.95
2023-02-09,300829,23.11,23.58,23.61,22.97,21249,50411176.0,2.77,2.03,0.47,2.06
2023-02-10,300829,23.58,23.62,23.71,23.29,16815,39942533.0,1.78,0.17,0.04,1.63
2023-02-13,300829,23.62,23.9,24.02,23.58,21327,51366871.0,1.86,1.19,0.28,2.07
2023-02-14,300829,24.12,23.99,24.12,23.84,18805,45564972.0,1.17,0.38,0.09,1.83
2023-02-15,300829,24.11,24.04,24.16,23.76,17878,43329815.0,1.67,0.21,0.05,1.74
2023-02-16,300829,24.05,23.32,24.29,23.07,30000,71911036.0,5.07,-3.0,-0.72,2.91
2023-02-17,300829,23.31,23.38,23.81,23.14,19534,46389449.0,2.87,0.26,0.06,1.9
2023-02-20,300829,23.4,23.54,23.62,22.84,16250,38367142.0,3.34,0.68,0.16,1.58
2023-02-21,300829,23.73,23.56,23.74,23.27,13230,31439658.0,2.0,0.08,0.02,1.28
2023-02-22,300829,23.48,23.39,23.55,23.29,10962,25937839.0,1.1,-0.72,-0.17,1.06
2023-02-23,300829,23.44,23.46,23.71,23.27,12244,29082903.0,1.88,0.3,0.07,1.19
2023-02-24,300829,23.47,23.38,23.49,23.13,11488,27034871.0,1.53,-0.34,-0.08,1.12
2023-02-27,300829,23.23,22.98,23.37,22.98,11872,27778581.0,1.67,-1.71,-0.4,1.15
2023-02-28,300829,22.94,23.23,23.32,22.94,9886,23147197.0,1.65,1.09,0.25,0.96
2023-03-01,300829,23.3,23.47,23.51,23.08,13308,31343690.0,1.85,1.03,0.24,1.29
2023-03-02,300829,23.47,23.16,23.62,23.15,10352,24449164.0,2.0,-1.32,-0.31,1.01
2023-03-03,300829,23.22,22.95,23.29,22.86,13158,30609279.0,1.86,-0.91,-0.21,1.28
2023-03-06,300829,22.95,23.16,23.18,22.59,17222,39938601.0,2.57,0.92,0.21,1.67
2023-03-07,300829,23.16,22.44,23.16,22.42,16726,38330319.0,3.2,-3.11,-0.72,1.62
2023-03-08,300829,22.44,22.6,22.63,22.25,7838,17843970.0,1.69,0.71,0.16,0.76
2023-03-09,300829,22.56,22.83,22.91,22.54,9836,22657151.0,1.64,1.02,0.23,0.95
2023-03-10,300829,22.72,22.56,22.73,22.46,8613,19678448.0,1.18,-1.18,-0.27,0.84
2023-03-13,300829,22.54,22.07,22.54,21.98,13845,31018044.0,2.48,-2.17,-0.49,1.34
2023-03-14,300829,21.96,22.25,22.37,21.7,13115,29210117.0,3.04,0.82,0.18,1.27
2023-03-15,300829,22.25,22.32,22.61,22.2,9151,20766132.0,1.84,0.31,0.07,0.89
2023-03-16,300829,22.32,21.92,22.32,21.87,7758,17319779.0,2.02,-1.79,-0.4,0.75
2023-03-17,300829,22.14,22.07,22.21,21.82,8074,18015089.0,1.78,0.68,0.15,0.78
2023-03-20,300829,22.17,22.16,22.2,21.86,7613,16998837.0,1.54,0.41,0.09,0.74
2023-03-21,300829,22.14,22.64,22.68,22.09,10389,23594114.0,2.66,2.17,0.48,1.01
2023-03-22,300829,22.63,22.72,22.84,22.55,8028,18450398.0,1.28,0.35,0.08,0.78
2023-03-23,300829,22.82,22.64,22.83,22.48,8323,19031835.0,1.54,-0.35,-0.08,0.81
2023-03-24,300829,22.66,23.34,23.52,22.64,30733,72405492.0,3.89,3.09,0.7,2.98
2023-03-27,300829,23.42,23.33,23.69,23.09,17637,41739107.0,2.57,-0.04,-0.01,1.71
2023-03-28,300829,23.5,23.05,23.6,22.95,16235,38048830.0,2.79,-1.2,-0.28,1.58
2023-03-29,300829,23.06,22.75,23.29,22.68,10394,23988414.0,2.65,-1.3,-0.3,1.01
2023-03-30,300829,22.94,23.91,24.63,22.7,56166,135718389.0,8.48,5.1,1.16,5.45
2023-03-31,300829,23.84,24.38,24.61,23.5,55982,137140403.0,4.64,1.97,0.47,5.43
2023-04-03,300829,24.3,23.76,24.3,23.61,45874,110517292.0,2.83,-2.54,-0.62,4.45
2023-04-04,300829,23.89,24.9,25.19,23.4,71833,176678885.0,7.53,4.8,1.14,6.97
2023-04-06,300829,24.86,24.8,25.09,24.42,45388,113141328.0,2.69,-0.4,-0.1,4.41
2023-04-07,300829,24.71,24.06,24.77,24.01,35812,87827523.0,3.06,-2.98,-0.74,3.48
2023-04-10,300829,24.06,23.65,24.52,23.63,27578,66952025.0,3.7,-1.7,-0.41,2.68
2023-04-11,300829,23.65,23.79,24.02,23.52,18876,45337198.0,2.11,0.59,0.14,1.83
2023-04-12,300829,23.77,23.7,23.82,23.35,24212,57649671.0,1.98,-0.38,-0.09,2.35
2023-04-13,300829,23.62,23.15,23.62,23.11,26481,62184471.0,2.15,-2.32,-0.55,2.57
2023-04-14,300829,23.04,22.93,23.22,22.89,20434,47531284.0,1.43,-0.95,-0.22,1.98
2023-04-17,300829,22.82,22.72,23.07,22.59,18955,43613895.0,2.09,-0.92,-0.21,1.84
2023-04-18,300829,22.67,22.8,22.99,22.48,13730,31539748.0,2.24,0.35,0.08,1.33
2023-04-19,300829,22.7,22.74,22.98,22.6,10251,23664725.0,1.67,-0.26,-0.06,1.0
2023-04-20,300829,22.77,22.22,22.77,22.18,15063,34015458.0,2.59,-2.29,-0.52,1.47
2023-04-21,300829,22.25,22.74,23.13,22.24,22890,52755410.0,4.01,2.34,0.52,2.24
2023-04-24,300829,22.92,23.31,23.41,22.65,22897,53659326.0,3.34,2.51,0.57,1.96
2023-04-25,300829,23.24,23.24,23.47,22.87,18839,44014857.0,2.57,-0.3,-0.07,1.61
2023-04-26,300829,22.99,23.39,23.59,22.99,19602,46262547.0,2.58,0.65,0.15,1.68
2023-04-27,300829,23.14,21.74,23.22,21.74,26183,59366365.0,6.33,-7.05,-1.65,2.24
2023-04-28,300829,21.32,21.4,21.54,20.6,27646,59036167.0,4.32,-1.56,-0.34,2.36
2023-05-04,300829,21.24,20.98,21.4,20.82,12640,26950012.0,2.71,-1.96,-0.42,1.08
2023-05-05,300829,20.94,21.1,21.13,20.66,9277,19671977.0,2.24,0.57,0.12,0.79
2023-05-08,300829,21.24,21.06,21.33,20.87,8074,17156143.0,2.18,-0.19,-0.04,0.69
2023-05-09,300829,21.19,20.76,21.19,20.66,11281,23762859.0,2.52,-1.42,-0.3,0.97
2023-05-10,300829,20.87,20.92,21.23,20.75,7652,16263552.0,2.31,0.77,0.16,0.65
2023-05-11,300829,20.99,20.96,21.14,20.85,6037,12806618.0,1.39,0.19,0.04,0.52
2023-05-12,300829,20.95,20.46,21.03,20.46,12323,25803367.0,2.72,-2.39,-0.5,1.05
2023-05-15,300829,20.58,20.55,20.68,20.07,9775,20153717.0,2.98,0.44,0.09,0.84
2023-05-16,300829,20.55,20.14,20.59,20.07,10354,21210561.0,2.53,-2.0,-0.41,0.89
2023-05-17,300829,20.15,20.16,20.32,19.91,8556,17435300.0,2.04,0.1,0.02,0.73
2023-05-18,300829,20.16,20.67,21.13,20.06,17857,37147445.0,5.31,2.53,0.51,1.53
2023-05-19,300829,20.55,20.72,20.89,20.4,10761,22506289.0,2.37,0.24,0.05,0.92
2023-05-22,300829,20.51,20.76,20.82,20.45,7930,16578965.0,1.79,0.19,0.04,0.68
2023-05-23,300829,20.89,20.79,21.01,20.59,7380,15528575.0,2.02,0.14,0.03,0.63
2023-05-24,300829,21.04,20.75,21.04,20.59,5777,12145092.0,2.16,-0.19,-0.04,0.49
2023-05-25,300829,20.62,20.84,20.95,20.59,7900,16622125.0,1.73,0.43,0.09,0.68
2023-05-26,300829,20.83,20.68,20.88,20.56,7511,15718933.0,1.54,-0.77,-0.16,0.64
2023-05-29,300829,20.68,21.14,21.51,20.68,20282,43422083.0,4.01,2.22,0.46,1.74
2023-05-30,300829,21.29,20.78,21.29,20.6,9887,20882729.0,3.26,-1.7,-0.36,0.85
2023-05-31,300829,21.05,20.71,21.05,20.63,7591,15874158.0,2.02,-0.34,-0.07,0.65
2023-06-01,300829,20.57,20.65,20.85,20.37,7885,16408857.0,2.32,-0.29,-0.06,0.67
2023-06-02,300829,20.63,21.03,21.06,20.53,8121,17098574.0,2.57,1.84,0.38,0.69
2023-06-05,300829,21.13,20.98,21.13,20.85,8456,17831854.0,1.33,-0.24,-0.05,0.72
2023-06-06,300829,20.98,20.78,21.17,20.74,8945,18831433.0,2.05,-0.95,-0.2,0.77
2023-06-07,300829,20.78,20.77,20.9,20.56,7251,15121216.0,1.64,-0.05,-0.01,0.62
2023-06-08,300829,20.77,20.39,20.93,20.33,8544,17682652.0,2.89,-1.83,-0.38,0.73
2023-06-09,300829,20.35,20.14,20.46,20.13,9878,20128851.0,1.62,-1.23,-0.25,0.85
2023-06-12,300829,20.02,20.56,20.62,19.92,12769,26096788.0,3.48,2.09,0.42,1.09
2023-06-13,300829,20.4,20.45,20.6,20.39,6079,12530050.0,1.02,-0.54,-0.11,0.52
2023-06-14,300829,20.55,20.59,20.71,20.3,6889,14255821.0,2.0,0.68,0.14,0.59
2023-06-15,300829,20.52,20.67,20.7,20.51,6480,13467083.0,0.92,0.39,0.08,0.55
2023-06-16,300829,20.66,20.84,21.15,20.66,6979,14680614.0,2.37,0.82,0.17,0.6
2023-06-19,300829,20.75,20.66,21.05,20.65,6562,13710609.0,1.92,-0.86,-0.18,0.56
2023-06-20,300829,20.67,20.65,20.81,20.51,6343,13184271.0,1.45,-0.05,-0.01,0.54
2023-06-21,300829,20.69,20.3,20.81,20.29,5665,11716757.0,2.52,-1.69,-0.35,0.48
2023-06-26,300829,20.17,20.01,20.32,20.0,6864,13888626.0,1.58,-1.43,-0.29,0.59
2023-06-27,300829,20.02,20.28,20.34,20.02,4876,9919403.0,1.6,1.35,0.27,0.42
2023-06-28,300829,20.28,20.21,20.34,19.99,4943,10035768.0,1.73,-0.35,-0.07,0.42
2023-06-29,300829,20.23,20.49,20.59,20.2,5281,10882916.0,1.93,1.39,0.28,0.45
2023-06-30,300829,20.49,20.78,21.0,20.49,7696,16136337.0,2.49,1.42,0.29,0.66
2023-07-03,300829,20.77,20.85,21.03,20.74,8646,18149512.0,1.4,0.34,0.07,0.74
2023-07-04,300829,20.81,20.9,20.97,20.76,4898,10314211.0,1.01,0.24,0.05,0.42
2023-07-05,300829,20.9,20.74,20.97,20.72,5142,10789542.0,1.2,-0.77,-0.16,0.44
2023-07-06,300829,20.97,20.76,20.97,20.64,5315,11110482.0,1.59,0.1,0.02,0.45
2023-07-07,300829,20.73,20.84,20.9,20.53,6400,13359801.0,1.78,0.39,0.08,0.55
2023-07-10,300829,20.73,20.86,20.91,20.69,5642,11810328.0,1.06,0.1,0.02,0.48
2023-07-11,300829,21.33,21.72,21.79,21.18,42353,91535330.0,2.92,4.12,0.86,3.62
2023-07-12,300829,21.5,21.95,21.95,21.43,37625,82153237.0,2.39,1.06,0.23,3.22
2023-07-13,300829,20.97,21.34,21.37,20.95,34300,73194812.0,1.91,-2.78,-0.61,2.93
2023-07-14,300829,21.16,21.08,21.41,20.85,21351,45409590.0,2.62,-1.22,-0.26,1.83
2023-07-17,300829,20.86,21.07,21.2,20.86,11791,24973407.0,1.61,-0.05,-0.01,1.01
2023-07-18,300829,21.15,21.04,21.2,20.92,7495,15861383.0,1.33,-0.14,-0.03,0.64
2023-07-19,300829,21.04,21.11,21.37,20.95,10284,21885533.0,2.0,0.33,0.07,0.88
2023-07-20,300829,21.06,21.04,21.21,21.02,10599,22531066.0,0.9,-0.33,-0.07,0.91
2023-07-21,300829,21.06,21.21,21.22,20.88,11485,24453080.0,1.62,0.81,0.17,0.98
2023-07-24,300829,21.13,20.16,21.13,20.15,22081,45539796.0,4.62,-4.95,-1.05,1.89
2023-07-25,300829,20.37,20.43,20.45,20.23,9830,20148133.0,1.09,1.34,0.27,0.84
2023-07-26,300829,20.4,20.57,20.63,20.29,8820,18235194.0,1.66,0.69,0.14,0.75
2023-07-27,300829,20.54,20.35,20.65,20.32,8229,16970402.0,1.6,-1.07,-0.22,0.7
2023-07-28,300829,20.35,20.52,20.63,20.03,9301,19073323.0,2.95,0.84,0.17,0.8
2023-07-31,300829,20.63,21.03,21.09,20.58,12200,25643899.0,2.49,2.49,0.51,1.04
2023-08-01,300829,21.01,20.86,21.03,20.82,6859,14442369.0,1.0,-0.81,-0.17,0.59
2023-08-02,300829,20.87,20.93,21.33,20.78,12115,25615193.0,2.64,0.34,0.07,1.04
2023-08-03,300829,20.93,21.45,21.93,20.78,37362,80944612.0,5.49,2.48,0.52,3.2
2023-08-04,300829,21.35,21.15,21.56,21.11,20239,43367407.0,2.1,-1.4,-0.3,1.73
2023-08-07,300829,21.28,20.98,21.29,20.86,9307,19658842.0,2.03,-0.8,-0.17,0.8
2023-08-08,300829,20.97,21.07,21.28,20.78,11110,23506367.0,2.38,0.43,0.09,0.95
2023-08-09,300829,20.95,20.62,20.98,20.47,10399,21702808.0,2.42,-2.14,-0.45,0.89
2023-08-10,300829,20.6,21.04,21.07,20.56,10796,22726816.0,2.47,2.04,0.42,0.92
2023-08-11,300829,21.07,20.67,21.08,20.61,7623,15970080.0,2.23,-1.76,-0.37,0.65
2023-08-14,300829,20.66,20.52,20.66,20.19,10074,20727794.0,2.27,-0.73,-0.15,0.86
2023-08-15,300829,20.54,20.52,20.75,20.29,8140,16806636.0,2.24,0.0,0.0,0.7
2023-08-16,300829,20.43,20.68,20.96,20.35,9371,19561573.0,2.97,0.78,0.16,0.8
2023-08-17,300829,20.79,20.89,20.96,20.48,6066,12675288.0,2.32,1.02,0.21,0.52
2023-08-18,300829,20.81,20.82,21.01,20.75,7247,15247146.0,1.24,-0.34,-0.07,0.62
2023-08-21,300829,20.75,20.46,20.92,20.45,7523,15662559.0,2.26,-1.73,-0.36,0.64
2023-08-22,300829,20.57,19.59,20.71,19.24,21482,42911841.0,7.18,-4.25,-0.87,1.84
2023-08-23,300829,19.63,19.08,19.63,18.95,13382,25865223.0,3.47,-2.6,-0.51,1.14
2023-08-24,300829,19.23,19.0,19.24,18.77,7520,14425346.0,2.46,-0.42,-0.08,0.64
2023-08-25,300829,19.05,18.85,19.31,18.77,7910,15164535.0,2.84,-0.79,-0.15,0.68
2023-08-28,300829,19.85,18.76,20.09,18.71,11842,22996406.0,7.32,-0.48,-0.09,1.01
2023-08-29,300829,18.95,19.84,19.86,18.74,18145,35630179.0,5.97,5.76,1.08,1.55
2023-08-30,300829,19.86,19.84,20.14,19.83,8461,17021140.0,1.56,0.0,0.0,0.72
2023-08-31,300829,20.0,19.85,20.09,19.62,6043,12056734.0,2.37,0.05,0.01,0.52
2023-09-01,300829,20.04,20.11,20.23,19.83,8243,16652572.0,2.02,1.31,0.26,0.71
2023-09-04,300829,20.11,20.46,20.46,20.1,8047,16456358.0,1.79,1.74,0.35,0.69
2023-09-05,300829,20.54,20.81,20.85,20.43,13424,28046520.0,2.05,1.71,0.35,1.15
2023-09-06,300829,20.8,20.98,21.03,20.55,9685,20375593.0,2.31,0.82,0.17,0.83
2023-09-07,300829,21.03,20.78,21.11,20.78,13450,28380314.0,1.57,-0.95,-0.2,1.15
2023-09-08,300829,20.74,20.94,21.15,20.57,12199,25818012.0,2.79,0.77,0.16,1.04
2023-09-11,300829,20.91,21.36,21.38,20.65,15517,33169909.0,3.49,2.01,0.42,1.33
2023-09-12,300829,21.35,21.04,21.51,20.98,9192,19544511.0,2.48,-1.5,-0.32,0.79
2023-09-13,300829,21.11,21.05,21.25,20.95,13493,28658994.0,1.43,0.05,0.01,1.15
2023-09-14,300829,20.98,20.79,20.98,20.66,8067,16910031.0,1.52,-1.24,-0.26,0.69
2023-09-15,300829,20.79,20.97,21.14,20.63,8688,18316950.0,2.45,0.87,0.18,0.74
2023-09-18,300829,20.97,20.95,21.23,20.73,5726,12108702.0,2.38,-0.1,-0.02,0.49
2023-09-19,300829,20.87,20.78,21.0,20.67,5902,12378139.0,1.58,-0.81,-0.17,0.5
2023-09-20,300829,20.78,20.76,21.15,20.7,7422,15630096.0,2.17,-0.1,-0.02,0.63
2023-09-21,300829,20.61,20.62,20.9,20.47,7861,16398569.0,2.07,-0.67,-0.14,0.67
2023-09-22,300829,20.67,20.73,20.84,20.41,7218,15033714.0,2.09,0.53,0.11,0.62
2023-09-25,300829,20.68,20.92,21.0,20.55,5736,12016493.0,2.17,0.92,0.19,0.49
2023-09-26,300829,20.81,20.44,20.9,20.33,12502,25877502.0,2.72,-2.29,-0.48,1.07
2023-09-27,300829,20.26,20.29,20.55,20.05,7938,16255363.0,2.45,-0.73,-0.15,0.68
2023-09-28,300829,20.29,20.62,20.85,20.29,9845,20416700.0,2.76,1.63,0.33,0.84
2023-10-09,300829,20.69,20.48,20.81,20.27,7717,15905678.0,2.62,-0.68,-0.14,0.66
2023-10-10,300829,20.61,20.23,20.78,20.2,4854,9956703.0,2.83,-1.22,-0.25,0.42
2023-10-11,300829,20.43,20.3,20.46,20.23,4936,10115809.0,1.14,0.35,0.07,0.42
2023-10-12,300829,20.27,20.35,20.48,20.15,5303,10848258.0,1.63,0.25,0.05,0.45
2023-10-13,300829,20.4,20.13,20.4,19.95,5643,11406086.0,2.21,-1.08,-0.22,0.48
2023-10-16,300829,20.15,20.03,20.22,19.88,5862,11826624.0,1.69,-0.5,-0.1,0.5
2023-10-17,300829,19.9,20.12,20.21,19.9,6404,12926843.0,1.55,0.45,0.09,0.55
2023-10-18,300829,20.05,19.66,20.13,19.66,5770,11527641.0,2.34,-2.29,-0.46,0.49
2023-10-19,300829,19.71,19.48,19.95,19.46,6364,12591036.0,2.49,-0.92,-0.18,0.54
2023-10-20,300829,19.47,19.3,19.65,19.25,5435,10640007.0,2.05,-0.92,-0.18,0.46
2023-10-23,300829,19.6,18.85,19.6,18.75,7640,14618620.0,4.4,-2.33,-0.45,0.65
2023-10-24,300829,18.95,19.03,19.14,18.56,11923,22712830.0,3.08,0.95,0.18,1.02
2023-10-25,300829,19.22,19.1,19.3,19.01,8857,17102674.0,1.52,0.37,0.07,0.76
2023-10-26,300829,19.04,18.86,19.18,18.56,11148,21107445.0,3.25,-1.26,-0.24,0.95
2023-10-27,300829,19.4,20.06,20.37,18.9,38906,78494641.0,7.79,6.36,1.2,3.33
2023-10-30,300829,19.81,20.21,20.28,19.78,22364,45209771.0,2.49,0.75,0.15,1.91
2023-10-31,300829,20.1,20.52,20.63,20.05,17946,36979936.0,2.87,1.53,0.31,1.54
2023-11-01,300829,20.52,20.86,20.97,20.42,15185,31809097.0,2.68,1.66,0.34,1.3
2023-11-02,300829,20.85,20.45,20.93,20.45,15176,31483699.0,2.3,-1.97,-0.41,1.3
2023-11-03,300829,20.48,20.65,20.82,20.46,9362,19492252.0,1.76,0.98,0.2,0.8
2023-11-06,300829,20.75,20.84,20.87,20.65,10229,21400733.0,1.07,0.92,0.19,0.88
2023-11-07,300829,20.82,20.81,20.86,20.56,9245,19306618.0,1.44,-0.14,-0.03,0.79
2023-11-08,300829,20.57,20.92,20.93,20.57,9476,19839133.0,1.73,0.53,0.11,0.81
2023-11-09,300829,20.69,20.93,21.09,20.69,11174,23594449.0,1.91,0.05,0.01,0.96
2023-11-10,300829,20.75,20.71,20.96,20.66,7525,15765478.0,1.43,-1.05,-0.22,0.64
2023-11-13,300829,20.71,21.22,21.83,20.71,27507,58956368.0,5.41,2.46,0.51,2.35
2023-11-14,300829,21.14,21.14,21.67,20.86,25826,55045483.0,3.82,-0.38,-0.08,2.21
2023-11-15,300829,21.19,21.89,22.14,21.01,45063,98506537.0,5.35,3.55,0.75,3.85
2023-11-16,300829,21.82,21.4,21.83,21.32,23732,51495243.0,2.33,-2.24,-0.49,2.03
2023-11-17,300829,21.53,21.43,21.53,21.23,11996,25801187.0,1.4,0.14,0.03,1.03
2023-11-20,300829,21.43,21.4,21.67,21.21,13203,28372295.0,2.15,-0.14,-0.03,1.13
2023-11-21,300829,21.38,21.33,21.5,21.22,10077,21685951.0,1.31,-0.33,-0.07,0.86
2023-11-22,300829,21.27,21.05,21.33,20.95,11486,24427144.0,1.78,-1.31,-0.28,0.98
2023-11-23,300829,21.27,21.34,21.34,20.98,9751,20841304.0,1.71,1.38,0.29,0.83
2023-11-24,300829,21.34,21.26,21.5,21.12,11590,24862287.0,1.78,-0.37,-0.08,0.99
2023-11-27,300829,21.24,21.23,21.35,21.06,7494,15994408.0,1.36,-0.14,-0.03,0.64
2023-11-28,300829,21.24,21.43,21.48,21.03,9402,20236840.0,2.12,0.94,0.2,0.8
2023-11-29,300829,21.55,21.33,21.56,21.3,6648,14331689.0,1.21,-0.47,-0.1,0.57
2023-11-30,300829,21.31,21.2,21.49,21.0,8117,17297446.0,2.3,-0.61,-0.13,0.69
2023-12-01,300829,21.2,21.01,21.45,20.95,11370,24135302.0,2.36,-0.9,-0.19,0.97
2023-12-04,300829,21.02,21.06,21.16,20.82,9767,20666960.0,1.62,0.24,0.05,0.84
2023-12-05,300829,21.12,20.89,21.24,20.85,8782,18628585.0,1.85,-0.81,-0.17,0.75
2023-12-06,300829,20.76,20.98,21.12,20.72,7422,15679293.0,1.91,0.43,0.09,0.63
2023-12-07,300829,21.1,20.84,21.1,20.67,9097,19081024.0,2.05,-0.67,-0.14,0.78
2023-12-08,300829,20.84,20.44,20.9,20.38,10212,21223768.0,2.5,-1.92,-0.4,0.87
2023-12-11,300829,20.36,20.59,20.62,20.17,9909,20432773.0,2.2,0.73,0.15,0.85
2023-12-12,300829,20.9,20.75,20.9,20.38,7774,16162140.0,2.53,0.78,0.16,0.67
2023-12-13,300829,20.74,20.28,20.75,20.28,5919,12204424.0,2.27,-2.27,-0.47,0.51
2023-12-14,300829,20.31,20.28,20.6,20.25,7759,15945866.0,1.73,0.0,0.0,0.66
2023-12-15,300829,20.28,20.23,20.56,20.17,7442,15198066.0,1.92,-0.25,-0.05,0.64
2023-12-18,300829,20.24,19.96,20.39,19.93,8101,16365916.0,2.27,-1.33,-0.27,0.69
2023-12-19,300829,20.01,20.11,20.19,19.8,5979,12064813.0,1.95,0.75,0.15,0.51
2023-12-20,300829,20.23,20.14,20.38,20.14,6203,12647719.0,1.19,0.15,0.03,0.53
2023-12-21,300829,20.13,20.34,20.42,19.78,7666,15541817.0,3.18,0.99,0.2,0.66
2023-12-22,300829,20.43,20.09,20.5,20.07,7517,15323908.0,2.11,-1.23,-0.25,0.64
2023-12-25,300829,20.07,19.96,20.5,19.78,7642,15350048.0,3.58,-0.65,-0.13,0.65
2023-12-26,300829,19.9,19.7,20.14,19.68,6956,13884245.0,2.3,-1.3,-0.26,0.6
2023-12-27,300829,19.75,19.87,20.01,19.67,5851,11682350.0,1.73,0.86,0.17,0.5
2023-12-28,300829,19.94,20.54,20.72,19.79,8240,16889106.0,4.68,3.37,0.67,0.7
2023-12-29,300829,20.64,20.73,20.76,20.48,7142,14853520.0,1.36,0.93,0.19,0.59
2024-01-02,300829,20.74,20.81,20.97,20.7,14859,31242727.0,1.3,0.39,0.08,1.23
2024-01-03,300829,20.8,20.83,21.0,20.64,8253,17312739.0,1.73,0.1,0.02,0.69
2024-01-04,300829,20.92,20.72,20.93,20.62,5101,10640210.0,1.49,-0.53,-0.11,0.42
2024-01-05,300829,20.62,20.42,20.89,20.32,8065,16759684.0,2.75,-1.45,-0.3,0.67
2024-01-08,300829,20.54,19.86,20.54,19.86,9385,19038046.0,3.33,-2.74,-0.56,0.78
2024-01-09,300829,20.19,19.95,20.31,19.87,6253,12616923.0,2.22,0.45,0.09,0.52
2024-01-10,300829,20.4,19.98,20.4,19.73,9237,18622197.0,3.36,0.15,0.03,0.77
2024-01-11,300829,19.85,20.13,20.21,19.79,7872,15880728.0,2.1,0.75,0.15,0.65
2024-01-12,300829,20.21,20.05,20.54,20.05,7622,15573638.0,2.43,-0.4,-0.08,0.63
2024-01-15,300829,20.15,19.99,20.19,19.84,6640,13398799.0,1.75,-0.3,-0.06,0.55
2024-01-16,300829,19.98,20.03,20.34,19.64,8477,17002814.0,3.5,0.2,0.04,0.7
2024-01-17,300829,19.98,19.58,20.14,19.52,7685,15323767.0,3.1,-2.25,-0.45,0.64
2024-01-18,300829,19.44,19.05,19.72,18.52,13641,26016816.0,6.13,-2.71,-0.53,1.13
2024-01-19,300829,19.2,18.83,19.33,18.8,8922,17085007.0,2.78,-1.15,-0.22,0.74
2024-01-22,300829,18.83,17.48,19.1,17.39,15112,27542174.0,9.08,-7.17,-1.35,1.26
2024-01-23,300829,17.46,17.12,17.46,16.96,15067,26113523.0,2.86,-2.06,-0.36,1.25
2024-01-24,300829,17.17,17.2,17.4,16.51,11620,19923880.0,5.2,0.47,0.08,0.97
2024-01-25,300829,17.25,17.7,17.72,17.07,13193,23263021.0,3.78,2.91,0.5,1.1
2024-01-26,300829,17.65,17.85,18.05,17.65,12205,22015015.0,2.26,0.85,0.15,1.01
2024-01-29,300829,17.85,16.97,17.95,16.91,13122,22870026.0,5.83,-4.93,-0.88,1.09
2024-01-30,300829,16.74,16.28,17.1,16.26,10256,17185660.0,4.95,-4.07,-0.69,0.85
2024-01-31,300829,16.37,15.48,16.62,15.38,17138,27439102.0,7.62,-4.91,-0.8,1.42
2024-02-01,300829,15.55,14.92,15.6,14.76,21879,33221472.0,5.43,-3.62,-0.56,1.82
2024-02-02,300829,14.96,13.97,15.26,13.46,25209,36375252.0,12.06,-6.37,-0.95,2.09
2024-02-05,300829,13.97,12.1,14.06,11.8,33230,42016433.0,16.18,-13.39,-1.87,2.76
2024-02-06,300829,11.67,12.25,12.61,11.15,32847,39065451.0,12.07,1.24,0.15,2.73
2024-02-07,300829,12.25,11.6,12.32,11.37,29042,34752236.0,7.76,-5.31,-0.65,2.41
2024-02-08,300829,11.69,13.29,13.38,11.51,39019,48963387.0,16.12,14.57,1.69,3.24
2024-02-19,300829,13.23,13.54,14.0,13.03,36417,49815870.0,7.3,1.88,0.25,3.02
2024-02-20,300829,13.43,13.81,13.99,13.18,20758,28712715.0,5.98,1.99,0.27,1.72
2024-02-21,300829,13.6,14.06,14.73,13.6,25278,36320498.0,8.18,1.81,0.25,2.1
2024-02-22,300829,14.25,14.41,14.62,14.09,20278,29376257.0,3.77,2.49,0.35,1.68
2024-02-23,300829,14.64,14.97,14.98,14.38,21381,31631160.0,4.16,3.89,0.56,1.78
2024-02-26,300829,14.94,15.28,15.8,14.79,26299,40629111.0,6.75,2.07,0.31,2.18
2024-02-27,300829,15.39,15.95,16.13,15.24,23310,37061674.0,5.82,4.38,0.67,1.94
2024-02-28,300829,16.04,14.59,16.13,14.47,45311,70094976.0,10.41,-8.53,-1.36,3.76
2024-02-29,300829,14.3,15.04,15.18,14.29,24368,36464232.0,6.1,3.08,0.45,2.02
2024-03-01,300829,15.04,15.07,15.15,14.75,17568,26585095.0,2.66,0.2,0.03,1.46
2024-03-04,300829,15.08,15.05,15.16,14.57,16235,24372093.0,3.92,-0.13,-0.02,1.35
2024-03-05,300829,15.0,14.61,15.0,14.57,12379,18360173.0,2.86,-2.92,-0.44,1.03
2024-03-06,300829,14.6,14.86,15.02,14.45,13461,20100345.0,3.9,1.71,0.25,1.12
2024-03-07,300829,14.97,14.86,15.05,14.74,11350,17108676.0,2.09,0.0,0.0,0.94
2024-03-08,300829,14.76,14.84,14.99,14.57,8637,12905438.0,2.83,-0.13,-0.02,0.72
2024-03-11,300829,14.87,15.33,15.33,14.87,14123,21576346.0,3.1,3.3,0.49,1.17
2024-03-12,300829,15.48,15.43,15.49,15.07,14021,21681455.0,2.74,0.65,0.1,1.16
2024-03-13,300829,15.38,15.58,15.68,15.19,14653,22923057.0,3.18,0.97,0.15,1.22
2024-03-14,300829,15.54,15.27,15.63,15.07,14828,22956179.0,3.59,-1.99,-0.31,1.23
2024-03-15,300829,15.25,16.5,17.35,15.17,57016,94222848.0,14.28,8.06,1.23,4.74
2024-03-18,300829,16.44,17.56,18.17,15.98,60821,103447550.0,13.27,6.42,1.06,5.05
2024-03-19,300829,17.22,17.82,18.85,16.9,63357,113162347.0,11.1,1.48,0.26,5.26
2024-03-20,300829,17.8,17.53,18.51,17.36,39783,71643681.0,6.45,-1.63,-0.29,3.3
2024-03-21,300829,17.45,17.16,17.68,17.1,29869,52174164.0,3.31,-2.11,-0.37,2.48
2024-03-22,300829,17.05,16.76,17.15,16.56,24874,42169473.0,3.44,-2.33,-0.4,2.07
2024-03-25,300829,16.8,16.09,16.8,16.09,27258,45136213.0,4.24,-4.0,-0.67,2.26
2024-03-26,300829,16.04,16.21,16.39,15.7,23128,37534053.0,4.29,0.75,0.12,1.92
2024-03-27,300829,16.29,15.83,16.52,15.83,19706,32146516.0,4.26,-2.34,-0.38,1.64
2024-03-28,300829,15.73,16.03,16.41,15.73,17842,28838095.0,4.3,1.26,0.2,1.48
2024-03-29,300829,16.03,16.31,16.35,15.87,12717,20848605.0,2.99,1.75,0.28,1.06
2024-04-01,300829,16.25,16.96,17.04,16.25,21718,36676519.0,4.84,3.99,0.65,1.8
2024-04-02,300829,17.15,17.15,17.28,16.91,24797,42813920.0,2.18,1.12,0.19,2.06
2024-04-03,300829,17.06,17.34,17.72,17.05,26712,46645423.0,3.91,1.11,0.19,2.22
2024-04-08,300829,17.19,16.55,17.31,16.51,20283,34438139.0,4.61,-4.56,-0.79,1.68
2024-04-09,300829,16.39,16.9,17.01,16.39,13802,23360340.0,3.75,2.11,0.35,1.15
2024-04-10,300829,16.83,16.5,17.0,16.24,13383,22331071.0,4.5,-2.37,-0.4,1.11
2024-04-11,300829,16.22,16.4,16.8,16.22,12860,21435915.0,3.52,-0.61,-0.1,1.07
2024-04-12,300829,16.42,16.25,16.59,16.17,11353,18721044.0,2.56,-0.91,-0.15,0.94
2024-04-15,300829,15.92,15.06,16.27,14.93,25627,39918454.0,8.25,-7.32,-1.19,2.13
2024-04-16,300829,14.87,13.58,14.93,13.55,27481,38950859.0,9.16,-9.83,-1.48,2.28
2024-04-17,300829,13.68,15.04,15.06,13.67,20243,29952868.0,10.24,10.75,1.46,1.68
2024-04-18,300829,15.04,14.85,15.04,14.61,15363,23069077.0,2.86,-1.26,-0.19,1.28
2024-04-19,300829,14.73,15.2,15.23,14.66,17651,26851287.0,3.84,2.36,0.35,1.47
2024-04-22,300829,14.91,14.64,14.92,14.35,20678,30523919.0,3.75,-3.68,-0.56,1.72
2024-04-23,300829,14.64,14.84,15.35,14.5,18642,28037646.0,5.81,1.37,0.2,1.55
2024-04-24,300829,14.86,15.08,15.08,14.76,12706,19191621.0,2.16,1.62,0.24,1.06
2024-04-25,300829,14.96,15.23,15.51,14.92,16266,25120135.0,3.91,0.99,0.15,1.35
2024-04-26,300829,15.28,15.27,15.51,14.85,15505,23787558.0,4.33,0.26,0.04,1.29
2024-04-29,300829,15.3,16.26,16.43,15.3,24991,40335828.0,7.4,6.48,0.99,2.08
2024-04-30,300829,16.47,17.05,17.64,15.98,69698,119509158.0,10.21,4.86,0.79,5.79
2024-05-06,300829,17.76,20.49,20.49,17.08,143377,276193900.0,20.0,20.18,3.44,11.91
2024-05-07,300829,23.65,21.43,23.84,21.08,250944,559795646.0,13.47,4.59,0.94,20.84
2024-05-08,300829,20.25,20.0,20.95,19.89,188202,384858591.0,4.95,-6.67,-1.43,15.63
2024-05-09,300829,19.53,19.02,19.67,18.86,143496,276187705.0,4.05,-4.9,-0.98,11.92
2024-05-10,300829,18.85,18.8,19.83,18.76,131124,255148001.0,5.63,-1.16,-0.22,10.89
2024-05-13,300829,18.16,17.68,18.42,17.57,96038,172599864.0,4.52,-5.96,-1.12,7.98
2024-05-14,300829,17.64,17.59,18.22,17.43,71966,128414336.0,4.47,-0.51,-0.09,5.98
2024-05-15,300829,17.44,18.35,18.63,17.26,104247,188747039.0,7.79,4.32,0.76,8.66
2024-05-16,300829,18.01,17.98,18.77,17.9,96853,178640607.0,4.74,-2.02,-0.37,8.05
2024-05-17,300829,17.77,18.26,18.74,17.65,81705,150104225.0,6.06,1.56,0.28,6.79
2024-05-20,300829,18.15,18.07,18.61,17.94,61100,111774090.0,3.67,-1.04,-0.19,5.08
2024-05-21,300829,18.09,17.77,18.31,17.66,50407,91183324.0,3.6,-1.66,-0.3,4.19
2024-05-22,300829,17.55,17.41,17.83,17.22,60903,107119314.0,3.43,-2.03,-0.36,5.06
2024-05-23,300829,17.23,16.82,17.34,16.76,42010,71983815.0,3.33,-3.39,-0.59,3.49
2024-05-24,300829,16.91,17.04,17.34,16.68,45947,79084482.0,3.92,1.31,0.22,3.82
2024-05-27,300829,16.98,17.13,17.15,16.5,38936,65839893.0,3.81,0.53,0.09,3.09
2024-05-28,300829,16.97,16.67,17.07,16.61,31468,53345928.0,2.69,-2.69,-0.46,2.5
2024-05-29,300829,16.63,16.58,16.82,16.4,24644,41275886.0,2.52,-0.54,-0.09,1.96
2024-05-30,300829,16.45,16.37,16.93,16.33,29081,48775047.0,3.62,-1.27,-0.21,2.31
2024-05-31,300829,16.41,16.24,16.53,16.13,25352,41671443.0,2.44,-0.79,-0.13,2.01
2024-06-03,300829,16.32,15.97,16.32,15.76,27384,44223178.0,3.45,-1.66,-0.27,2.17
2024-06-04,300829,15.92,15.73,15.92,15.47,24287,38112616.0,2.82,-1.5,-0.24,1.93
2024-06-05,300829,15.67,15.25,15.67,15.21,23282,35984840.0,2.92,-3.05,-0.48,1.85
2024-06-06,300829,15.31,14.53,15.47,14.4,40262,59596741.0,7.02,-4.72,-0.72,3.2
2024-06-07,300829,14.85,15.11,15.12,14.66,27661,41521837.0,3.17,3.99,0.58,2.2
2024-06-11,300829,14.95,15.32,15.41,14.76,19847,30147388.0,4.3,1.39,0.21,1.58
2024-06-12,300829,15.24,15.85,16.04,15.24,32289,50817651.0,5.22,3.46,0.53,2.56
2024-06-13,300829,15.85,15.62,15.95,15.46,29686,46658138.0,3.09,-1.45,-0.23,2.36
2024-06-14,300829,15.59,15.39,15.64,15.34,18309,28339738.0,1.92,-1.47,-0.23,1.45
2024-06-17,300829,15.3,15.26,15.51,15.12,17845,27379973.0,2.53,-0.84,-0.13,1.42
2024-06-18,300829,15.43,15.53,15.61,15.33,19801,30772058.0,1.83,1.77,0.27,1.57
2024-06-19,300829,15.54,15.35,15.63,15.27,19666,30432546.0,2.32,-1.16,-0.18,1.56
2024-06-20,300829,15.31,14.93,15.53,14.88,19840,30056836.0,4.23,-2.74,-0.42,1.58
2024-06-21,300829,14.92,14.93,15.07,14.65,17208,25789922.0,2.81,0.0,0.0,1.37
2024-06-24,300829,15.18,14.16,15.19,14.14,24132,34950780.0,7.03,-5.16,-0.77,1.92
2024-06-25,300829,14.16,14.26,14.45,14.14,17929,25747306.0,2.19,0.71,0.1,1.42
2024-06-26,300829,14.3,14.8,14.82,14.12,16460,23960949.0,4.91,3.79,0.54,1.31
2024-06-27,300829,14.75,14.47,14.91,14.46,16807,24737876.0,3.04,-2.23,-0.33,1.33
2024-06-28,300829,14.47,14.43,14.78,14.4,16356,23962057.0,2.63,-0.28,-0.04,1.3
2024-07-01,300829,14.7,14.76,14.93,14.36,21464,31529125.0,3.95,2.29,0.33,1.7
2024-07-02,300829,14.86,14.97,15.31,14.82,25664,38678796.0,3.32,1.42,0.21,2.04
2024-07-03,300829,14.84,14.81,14.98,14.72,14869,22119627.0,1.74,-1.07,-0.16,1.18
2024-07-04,300829,14.76,14.25,14.83,14.2,21334,30916249.0,4.25,-3.78,-0.56,1.69
2024-07-05,300829,14.25,14.38,14.44,14.09,12113,17358049.0,2.46,0.91,0.13,0.96
2024-07-08,300829,14.31,13.84,14.35,13.78,18948,26536629.0,3.96,-3.76,-0.54,1.5
2024-07-09,300829,13.75,14.12,14.12,13.56,18206,25402980.0,4.05,2.02,0.28,1.45
2024-07-10,300829,14.08,14.02,14.2,13.91,14305,20176187.0,2.05,-0.71,-0.1,1.14
2024-07-11,300829,14.24,14.5,14.56,14.24,17838,25853719.0,2.28,3.42,0.48,1.42
2024-07-12,300829,14.51,14.42,14.64,14.37,11316,16433648.0,1.86,-0.55,-0.08,0.9
2024-07-15,300829,14.42,14.03,14.44,13.98,12270,17388115.0,3.19,-2.7,-0.39,0.97
2024-07-16,300829,14.03,13.95,14.09,13.85,10651,14918426.0,1.71,-0.57,-0.08,0.85
2024-07-17,300829,13.93,13.72,13.96,13.66,13144,18145795.0,2.15,-1.65,-0.23,1.04
2024-07-18,300829,13.65,13.7,13.79,13.33,14802,20104897.0,3.35,-0.15,-0.02,1.18
2024-07-19,300829,13.62,13.77,13.86,13.34,11574,15893027.0,3.8,0.51,0.07,0.92
2024-07-22,300829,13.75,13.92,13.97,13.74,11129,15499859.0,1.67,1.09,0.15,0.88
2024-07-23,300829,13.8,13.48,13.94,13.48,11277,15558321.0,3.3,-3.16,-0.44,0.9
2024-07-24,300829,13.48,13.22,13.6,13.2,12817,17169262.0,2.97,-1.93,-0.26,1.02
2024-07-25,300829,13.14,13.35,13.5,12.99,11820,15776526.0,3.86,0.98,0.13,0.94
2024-07-26,300829,13.4,13.53,13.59,13.37,9639,13039538.0,1.65,1.35,0.18,0.77
2024-07-29,300829,13.69,13.51,13.69,13.3,8996,12161937.0,2.88,-0.15,-0.02,0.71
2024-07-30,300829,13.46,13.49,13.68,13.4,10476,14235993.0,2.07,-0.15,-0.02,0.83
2024-07-31,300829,13.48,13.92,13.92,13.36,15692,21686458.0,4.15,3.19,0.43,1.25
2024-08-01,300829,13.95,13.97,14.13,13.91,14577,20517093.0,1.58,0.36,0.05,1.16
2024-08-02,300829,13.95,13.82,14.14,13.79,12921,18144189.0,2.51,-1.07,-0.15,1.03
2024-08-05,300829,13.65,13.41,13.92,13.41,14943,20497172.0,3.69,-2.97,-0.41,1.19
2024-08-06,300829,13.6,13.88,13.88,13.55,14607,20090771.0,2.46,3.5,0.47,1.16
2024-08-07,300829,13.78,13.78,13.92,13.71,10436,14475385.0,1.51,-0.72,-0.1,0.83
2024-08-08,300829,13.78,13.94,13.98,13.55,17224,23885657.0,3.12,1.16,0.16,1.37
2024-08-09,300829,14.0,13.77,14.12,13.76,12258,17042778.0,2.58,-1.22,-0.17,0.97
2024-08-12,300829,13.75,13.65,13.84,13.54,9712,13337285.0,2.18,-0.87,-0.12,0.77
2024-08-13,300829,13.66,13.74,13.77,13.37,9162,12528059.0,2.93,0.66,0.09,0.73
2024-08-14,300829,13.7,13.56,13.9,13.54,9681,13245631.0,2.62,-1.31,-0.18,0.77
2024-08-15,300829,13.54,13.62,13.75,13.38,10399,14184069.0,2.73,0.44,0.06,0.83
2024-08-16,300829,13.62,13.44,13.68,13.38,11987,16217729.0,2.2,-1.32,-0.18,0.95
2024-08-19,300829,13.42,13.25,13.53,13.22,12447,16691265.0,2.31,-1.41,-0.19,0.99
2024-08-20,300829,13.25,12.89,13.35,12.83,14621,19087182.0,3.92,-2.72,-0.36,1.16
2024-08-21,300829,12.9,12.92,13.02,12.75,7709,9992022.0,2.09,0.23,0.03,0.61
2024-08-22,300829,12.97,12.6,13.16,12.6,9563,12277902.0,4.33,-2.48,-0.32,0.76
2024-08-23,300829,12.61,12.44,12.67,12.33,9061,11343628.0,2.7,-1.27,-0.16,0.72
2024-08-26,300829,12.48,12.87,12.88,12.44,11670,14981599.0,3.54,3.46,0.43,0.93
2024-08-27,300829,12.85,12.7,12.95,12.69,9463,12136424.0,2.02,-1.32,-0.17,0.75
2024-08-28,300829,13.07,13.2,13.43,12.91,36334,48295652.0,4.09,3.94,0.5,2.89
2024-08-29,300829,13.08,13.26,13.33,12.98,17044,22553202.0,2.65,0.45,0.06,1.35
2024-08-30,300829,13.23,13.35,13.58,13.15,20326,27360383.0,3.24,0.68,0.09,1.61
2024-09-02,300829,13.37,13.22,13.44,13.21,14201,18988419.0,1.72,-0.97,-0.13,1.13
2024-09-03,300829,13.2,13.46,13.53,13.15,14013,18873644.0,2.87,1.82,0.24,1.11
2024-09-04,300829,13.51,13.44,13.59,13.31,13207,17837585.0,2.08,-0.15,-0.02,1.05
2024-09-05,300829,13.4,13.48,13.56,13.36,10863,14648645.0,1.49,0.3,0.04,0.86
2024-09-06,300829,13.45,13.11,13.46,13.09,12878,17126161.0,2.74,-2.74,-0.37,1.02
2024-09-09,300829,13.07,13.05,13.27,12.94,10975,14415948.0,2.52,-0.46,-0.06,0.87
2024-09-10,300829,13.05,13.12,13.18,12.88,9108,11918579.0,2.3,0.54,0.07,0.72
2024-09-11,300829,13.01,13.07,13.18,12.95,10633,13962261.0,1.75,-0.38,-0.05,0.84
2024-09-12,300829,13.06,12.94,13.25,12.93,10869,14292329.0,2.45,-0.99,-0.13,0.86
2024-09-13,300829,12.91,12.41,13.0,12.41,15406,19510110.0,4.56,-4.1,-0.53,1.22
2024-09-18,300829,12.41,12.15,12.54,11.96,11951,14595792.0,4.67,-2.1,-0.26,0.95
2024-09-19,300829,12.22,12.6,12.72,12.18,12901,16218312.0,4.44,3.7,0.45,1.02
2024-09-20,300829,12.58,12.4,12.66,12.33,9992,12480318.0,2.62,-1.59,-0.2,0.79
2024-09-23,300829,12.26,12.46,12.56,12.25,10195,12699160.0,2.5,0.48,0.06,0.81
2024-09-24,300829,12.58,13.11,13.12,12.46,19336,24862118.0,5.3,5.22,0.65,1.54
2024-09-25,300829,13.26,13.2,13.53,13.12,20986,28114174.0,3.13,0.69,0.09,1.67
2024-09-26,300829,13.3,13.63,13.63,13.13,22481,30281551.0,3.79,3.26,0.43,1.79
2024-09-27,300829,14.05,14.36,14.63,13.8,38079,54288377.0,6.09,5.36,0.73,3.02
2024-09-30,300829,14.94,16.28,16.72,14.63,77595,121687877.0,14.55,13.37,1.92,6.16
2024-10-08,300829,19.3,18.04,19.52,16.75,95866,172336761.0,17.01,10.81,1.76,7.61
2024-10-09,300829,17.54,15.55,17.54,15.55,62200,102960103.0,11.03,-13.8,-2.49,4.94
2024-10-10,300829,16.03,15.69,16.24,15.54,36425,58089772.0,4.5,0.9,0.14,2.89
2024-10-11,300829,15.7,15.1,15.81,14.88,31587,48651989.0,5.93,-3.76,-0.59,2.51
2024-10-14,300829,15.12,15.4,15.5,14.85,25841,39442658.0,4.3,1.99,0.3,2.05
2024-10-15,300829,15.35,15.1,15.6,15.07,24359,37492808.0,3.44,-1.95,-0.3,1.93
2024-10-16,300829,15.16,15.21,15.28,14.9,18433,27995326.0,2.52,0.73,0.11,1.46
2024-10-17,300829,15.21,14.89,15.49,14.88,21924,33274268.0,4.01,-2.1,-0.32,1.74
2024-10-18,300829,14.86,15.38,15.6,14.85,31542,48277360.0,5.04,3.29,0.49,2.5
2024-10-21,300829,15.48,15.69,15.81,15.3,30840,48272350.0,3.32,2.02,0.31,2.45
2024-10-22,300829,15.69,15.84,15.88,15.51,27682,43783275.0,2.36,0.96,0.15,2.2
2024-10-23,300829,15.85,15.74,15.94,15.63,23983,37986801.0,1.96,-0.63,-0.1,1.9
2024-10-24,300829,15.73,15.7,15.84,15.59,15163,23895142.0,1.59,-0.25,-0.04,1.2
2024-10-25,300829,15.75,16.11,16.17,15.74,27962,44860877.0,2.74,2.61,0.41,2.22
2024-10-28,300829,16.24,16.55,16.55,16.17,28929,47554247.0,2.36,2.73,0.44,2.3
2024-10-29,300829,16.72,15.98,16.83,15.97,30338,49402067.0,5.2,-3.44,-0.57,2.41
2024-10-30,300829,15.99,16.0,16.19,15.84,23166,37206842.0,2.19,0.13,0.02,1.84
2024-10-31,300829,16.17,15.92,16.17,15.85,22752,36515624.0,2.0,-0.5,-0.08,1.81
2024-11-01,300829,15.86,15.41,16.03,15.4,32127,50344423.0,3.96,-3.2,-0.51,2.55
2024-11-04,300829,15.47,16.09,16.28,15.32,29119,46340110.0,6.23,4.41,0.68,2.31
2024-11-05,300829,16.06,16.26,16.43,15.98,30970,50431819.0,2.8,1.06,0.17,2.46
2024-11-06,300829,16.28,16.28,16.51,16.18,30002,49186085.0,2.03,0.12,0.02,2.38
2024-11-07,300829,16.25,17.48,17.71,16.15,95693,165710974.0,9.58,7.37,1.2,7.6
2024-11-08,300829,17.41,17.06,17.5,16.92,61694,105994897.0,3.32,-2.4,-0.42,4.9
2024-11-11,300829,16.85,17.57,17.69,16.83,56297,98115129.0,5.04,2.99,0.51,4.47
2024-11-12,300829,17.44,17.32,18.13,17.19,55084,97359536.0,5.35,-1.42,-0.25,4.37
2024-11-13,300829,17.19,17.09,17.37,16.69,39279,66891980.0,3.93,-1.33,-0.23,3.12
2024-11-14,300829,17.08,16.52,17.17,16.46,29125,48968355.0,4.15,-3.34,-0.57,2.31
2024-11-15,300829,16.51,16.28,16.83,16.27,29552,49251540.0,3.39,-1.45,-0.24,2.35
2024-11-18,300829,16.38,15.89,16.57,15.75,30148,48599400.0,5.04,-2.4,-0.39,2.39
2024-11-19,300829,15.95,16.37,16.4,15.85,22485,36277724.0,3.46,3.02,0.48,1.79
2024-11-20,300829,16.37,16.73,16.82,16.28,22789,38047414.0,3.3,2.2,0.36,1.81
2024-11-21,300829,16.7,16.77,16.94,16.55,18747,31488888.0,2.33,0.24,0.04,1.49
2024-11-22,300829,16.79,15.92,16.81,15.87,29185,47748841.0,5.61,-5.07,-0.85,2.32
2024-11-25,300829,15.93,16.4,16.4,15.91,20126,32627793.0,3.08,3.02,0.48,1.6
2024-11-26,300829,16.36,16.18,16.53,16.08,11940,19548801.0,2.74,-1.34,-0.22,0.95
2024-11-27,300829,16.18,16.48,16.53,15.65,20832,33575349.0,5.44,1.85,0.3,1.65
2024-11-28,300829,16.52,16.86,17.08,16.42,27995,47212597.0,4.0,2.31,0.38,2.22
2024-11-29,300829,16.95,17.18,17.38,16.84,37469,64465527.0,3.2,1.9,0.32,2.98
2024-12-02,300829,17.09,17.2,17.31,16.84,40505,69246004.0,2.74,0.12,0.02,3.22
2024-12-03,300829,17.13,17.14,17.38,17.0,28205,48571372.0,2.21,-0.35,-0.06,2.24
2024-12-04,300829,17.14,16.89,17.21,16.74,25764,43831326.0,2.74,-1.46,-0.25,2.05
2024-12-05,300829,16.86,17.09,17.12,16.75,18939,32285537.0,2.19,1.18,0.2,1.5
2024-12-06,300829,17.07,17.25,17.27,16.92,23943,41120784.0,2.05,0.94,0.16,1.9
2024-12-09,300829,17.17,17.85,18.03,17.15,60668,107916888.0,5.1,3.48,0.6,4.82
2024-12-10,300829,18.27,17.68,18.83,17.63,76684,140239600.0,6.72,-0.95,-0.17,6.09
2024-12-11,300829,17.65,18.76,19.35,17.51,110814,205282387.0,10.41,6.11,1.08,8.8
2024-12-12,300829,18.55,21.06,22.43,18.23,203376,411741354.0,22.39,12.26,2.3,15.66
2024-12-13,300829,20.15,19.56,20.4,19.5,156125,311418181.0,4.27,-7.12,-1.5,12.02
2024-12-16,300829,19.46,19.3,20.91,19.25,117921,235915978.0,8.49,-1.33,-0.26,9.08
2024-12-17,300829,19.21,20.15,20.35,18.47,127896,249207170.0,9.74,4.4,0.85,9.85
2024-12-18,300829,19.62,19.52,20.11,19.2,92006,180899369.0,4.52,-3.13,-0.63,7.08
2024-12-19,300829,19.29,18.45,19.38,18.23,86196,161005854.0,5.89,-5.48,-1.07,6.64
2024-12-20,300829,18.53,18.73,19.39,18.45,64763,122980475.0,5.09,1.52,0.28,4.91
2024-12-23,300829,18.65,17.65,18.88,17.57,54016,97831077.0,6.99,-5.77,-1.08,4.09
2024-12-24,300829,17.8,17.59,17.89,17.23,37173,65316780.0,3.74,-0.34,-0.06,2.82
2024-12-25,300829,17.64,17.07,17.73,16.83,31773,54393817.0,5.12,-2.96,-0.52,2.41
2024-12-26,300829,17.34,17.38,17.48,17.1,24210,42094017.0,2.23,1.82,0.31,1.83
2024-12-27,300829,17.37,17.67,17.89,17.25,28155,49854046.0,3.68,1.67,0.29,2.13
2024-12-30,300829,17.69,17.37,17.69,16.95,28089,48690696.0,4.19,-1.7,-0.3,2.13
2024-12-31,300829,17.43,18.74,18.93,17.34,84472,153961506.0,9.15,7.89,1.37,6.4
2025-01-02,300829,18.86,19.2,19.74,18.35,98566,188322204.0,7.42,2.45,0.46,7.47
2025-01-03,300829,18.85,17.69,19.37,17.41,64816,120570831.0,10.21,-7.86,-1.51,4.91
2025-01-06,300829,17.44,19.62,19.62,16.98,101511,190785272.0,14.92,10.91,1.93,7.69
2025-01-07,300829,19.4,19.89,20.41,18.97,113667,223068876.0,7.34,1.38,0.27,8.61
2025-01-08,300829,19.71,19.46,19.71,18.95,71986,139382558.0,3.82,-2.16,-0.43,5.45
2025-01-09,300829,19.66,19.0,19.78,18.92,64396,124133143.0,4.42,-2.36,-0.46,4.87
2025-01-10,300829,18.76,17.81,19.1,17.81,61419,112168313.0,6.79,-6.26,-1.19,4.65
2025-01-13,300829,17.25,16.84,17.51,16.5,52526,88767887.0,5.67,-5.45,-0.97,3.98
2025-01-14,300829,17.2,17.79,17.79,17.13,46415,81144362.0,3.92,5.64,0.95,3.51
2025-01-15,300829,17.74,17.96,18.46,17.47,51974,93530410.0,5.56,0.96,0.17,3.93
2025-01-16,300829,18.0,17.82,18.19,17.34,49175,87712203.0,4.73,-0.78,-0.14,3.72
2025-01-17,300829,17.63,17.85,18.22,17.46,36126,64757649.0,4.26,0.17,0.03,2.73
2025-01-20,300829,18.07,17.69,18.14,17.57,36298,64698907.0,3.19,-0.9,-0.16,2.75
2025-01-21,300829,17.69,17.89,17.89,17.19,40497,71171526.0,3.96,1.13,0.2,3.06
2025-01-22,300829,17.75,17.28,17.8,17.23,25398,44503536.0,3.19,-3.41,-0.61,1.92
2025-01-23,300829,17.12,16.01,17.2,15.68,98624,159701344.0,8.8,-7.35,-1.27,7.46
2025-01-24,300829,15.81,15.84,15.92,15.63,42726,67526292.0,1.81,-1.06,-0.17,3.23
2025-01-27,300829,15.83,15.69,16.2,15.69,31099,49775262.0,3.22,-0.95,-0.15,2.35
2025-02-05,300829,15.75,15.49,15.81,15.35,31030,48227886.0,2.93,-1.27,-0.2,2.35
2025-02-06,300829,15.42,15.56,15.6,15.26,39407,61153278.0,2.19,0.45,0.07,2.98
2025-02-07,300829,15.55,16.0,16.1,15.52,44419,70732628.0,3.73,2.83,0.44,3.36
2025-02-10,300829,16.19,16.12,16.19,15.86,29376,47219186.0,2.06,0.75,0.12,2.22
2025-02-11,300829,16.16,16.14,16.16,15.86,22244,35765946.0,1.86,0.12,0.02,1.68
2025-02-12,300829,16.09,18.27,18.36,16.03,124053,218186284.0,14.44,13.2,2.13,9.39
2025-02-13,300829,18.15,17.58,18.16,17.55,65881,117205685.0,3.34,-3.78,-0.69,4.99
2025-02-14,300829,17.42,17.23,17.58,17.09,37480,64973593.0,2.79,-1.99,-0.35,2.84
2025-02-17,300829,17.18,17.27,17.42,17.1,40931,70898333.0,1.86,0.23,0.04,3.1
2025-02-18,300829,17.29,16.62,17.29,16.54,38090,64192196.0,4.34,-3.76,-0.65,2.88
2025-02-19,300829,16.57,16.65,16.71,16.51,30447,50730599.0,1.2,0.18,0.03,2.3
2025-02-20,300829,16.65,17.64,18.15,16.6,87624,154331887.0,9.31,5.95,0.99,6.63
2025-02-21,300829,17.45,17.45,17.5,17.18,52752,91694009.0,1.81,-1.08,-0.19,3.99
2025-02-24,300829,17.7,17.46,18.11,17.46,54275,96696515.0,3.72,0.06,0.01,4.11
2025-02-25,300829,17.16,17.78,18.43,17.01,72002,127820186.0,8.13,1.83,0.32,5.45
2025-02-26,300829,17.64,17.73,17.91,17.57,40684,72217738.0,1.91,-0.28,-0.05,3.08
2025-02-27,300829,17.56,18.65,18.65,17.56,84536,153765496.0,6.15,5.19,0.92,6.4
2025-02-28,300829,18.26,18.14,19.2,17.87,80845,150177961.0,7.13,-2.73,-0.51,6.12
2025-03-03,300829,18.05,18.01,18.44,17.92,41972,76351457.0,2.87,-0.72,-0.13,3.18
2025-03-04,300829,17.84,17.93,18.01,17.58,37131,66080271.0,2.39,-0.44,-0.08,2.81
2025-03-05,300829,17.81,17.61,17.92,17.35,33846,59575320.0,3.18,-1.78,-0.32,2.56
2025-03-06,300829,17.56,17.82,17.87,17.52,30635,54521730.0,1.99,1.19,0.21,2.32
2025-03-07,300829,17.85,17.63,18.07,17.46,31070,55269908.0,3.42,-1.07,-0.19,2.35
2025-03-10,300829,17.71,17.8,17.95,17.57,25795,45992917.0,2.16,0.96,0.17,1.95
2025-03-11,300829,17.58,17.37,17.61,17.15,36254,62863014.0,2.58,-2.42,-0.43,2.74
2025-03-12,300829,17.35,17.23,17.43,17.2,26318,45615401.0,1.32,-0.81,-0.14,1.99
2025-03-13,300829,17.19,17.14,17.28,16.93,26319,45006497.0,2.03,-0.52,-0.09,1.99
2025-03-14,300829,17.1,17.92,18.21,17.1,70618,126353297.0,6.48,4.55,0.78,5.34
2025-03-17,300829,17.9,17.97,18.2,17.71,44766,80253161.0,2.73,0.28,0.05,3.39
2025-03-18,300829,17.92,18.07,18.1,17.8,35880,64631545.0,1.67,0.56,0.1,2.72
2025-03-19,300829,18.07,17.8,18.09,17.68,21756,38915899.0,2.27,-1.49,-0.27,1.65
2025-03-20,300829,17.8,17.58,17.95,17.57,22259,39608739.0,2.13,-1.24,-0.22,1.68
2025-03-21,300829,17.44,17.12,17.56,16.99,27265,47060787.0,3.24,-2.62,-0.46,2.06
2025-03-24,300829,17.01,16.67,17.3,16.36,33027,55643186.0,5.49,-2.63,-0.45,2.5
2025-03-25,300829,16.73,17.01,17.21,16.52,29384,49597578.0,4.14,2.04,0.34,2.22
2025-03-26,300829,16.92,17.04,17.22,16.92,19557,33538692.0,1.76,0.18,0.03,1.48
2025-03-27,300829,16.94,17.2,17.38,16.8,25157,43322078.0,3.4,0.94,0.16,1.9
2025-03-28,300829,17.21,16.51,17.21,16.51,30334,50954164.0,4.07,-4.01,-0.69,2.3
2025-03-31,300829,16.44,16.43,16.53,16.22,16081,26375615.0,1.88,-0.48,-0.08,1.22
2025-04-01,300829,16.44,16.69,16.78,16.43,12605,21082822.0,2.13,1.58,0.26,0.95
2025-04-02,300829,16.74,16.81,16.98,16.63,13763,23193403.0,2.1,0.72,0.12,1.04
2025-04-03,300829,16.61,16.77,17.09,16.51,15479,26056338.0,3.45,-0.24,-0.04,1.17
2025-04-07,300829,15.95,14.04,16.05,13.79,44051,65295875.0,13.48,-16.28,-2.73,3.33
2025-04-08,300829,14.33,15.16,15.28,14.28,43761,65350276.0,7.12,7.98,1.12,3.31
2025-04-09,300829,15.29,16.9,17.96,15.29,92608,157508102.0,17.61,11.48,1.74,7.01
2025-04-10,300829,16.45,17.75,18.61,16.45,118746,207634352.0,12.78,5.03,0.85,8.99
2025-04-11,300829,17.33,16.57,17.33,16.57,72321,122887708.0,4.28,-6.65,-1.18,5.47
2025-04-14,300829,16.55,16.95,17.21,16.53,45602,77630391.0,4.1,2.29,0.38,3.45
2025-04-15,300829,17.01,16.72,17.11,16.67,34076,57603473.0,2.6,-1.36,-0.23,2.58
2025-04-16,300829,16.72,18.27,19.23,16.72,148606,271075035.0,15.01,9.27,1.55,11.25
2025-04-17,300829,18.29,17.92,18.45,17.73,98370,176963727.0,3.94,-1.92,-0.35,7.44
2025-04-18,300829,17.94,17.63,18.11,17.26,76722,135553634.0,4.74,-1.62,-0.29,5.81
2025-04-21,300829,17.84,17.9,18.33,17.68,63268,113600105.0,3.69,1.53,0.27,4.79
2025-04-22,300829,17.6,17.28,17.95,17.12,66493,115571831.0,4.64,-3.46,-0.62,5.03
2025-04-23,300829,17.27,17.33,17.4,16.95,48827,84320804.0,2.6,0.29,0.05,3.7
2025-04-24,300829,17.25,18.29,18.29,16.95,105686,188233333.0,7.73,5.54,0.96,8.0
2025-04-25,300829,18.15,18.54,18.73,17.87,102627,188280035.0,4.7,1.37,0.25,7.77
2025-04-28,300829,18.45,18.01,18.49,17.9,53974,97720857.0,3.18,-2.86,-0.53,4.08
2025-04-29,300829,17.91,19.19,19.69,17.78,128033,245804201.0,10.61,6.55,1.18,9.69
2025-04-30,300829,19.77,18.4,19.82,18.38,102593,193327552.0,7.5,-4.12,-0.79,7.76
2025-05-06,300829,18.46,18.75,19.03,18.35,75130,140908930.0,3.7,1.9,0.35,5.69
2025-05-07,300829,18.93,20.18,20.45,18.82,151786,300360945.0,8.69,7.63,1.43,11.49
2025-05-08,300829,19.95,19.77,19.98,19.48,123074,242828931.0,2.48,-2.03,-0.41,9.31
2025-05-09,300829,19.63,19.57,20.24,19.52,102877,204565889.0,3.64,-1.01,-0.2,7.79
2025-05-12,300829,19.4,19.95,20.06,19.15,77782,152948425.0,4.65,1.94,0.38,5.89
2025-05-13,300829,19.95,19.47,20.04,19.31,63475,124667002.0,3.66,-2.41,-0.48,4.8
2025-05-14,300829,19.27,19.05,19.46,18.87,62103,118771397.0,3.03,-2.16,-0.42,4.7
2025-05-15,300829,18.96,18.96,19.18,18.75,43280,82445813.0,2.26,-0.47,-0.09,3.28
2025-05-16,300829,18.86,19.45,19.56,18.62,65621,125966768.0,4.96,2.58,0.49,4.97
2025-05-19,300829,19.33,19.06,19.33,18.96,37223,71299827.0,1.9,-2.01,-0.39,2.82
2025-05-20,300829,18.99,19.38,19.61,18.99,49753,96510191.0,3.25,1.68,0.32,3.77
2025-05-21,300829,19.35,20.12,20.34,19.15,102846,204424405.0,6.14,3.82,0.74,7.78
2025-05-22,300829,20.2,18.75,20.67,18.74,100304,197818769.0,9.59,-6.81,-1.37,7.59
2025-05-23,300829,18.55,18.3,18.75,18.15,70349,130035086.0,3.2,-2.4,-0.45,5.32
2025-05-26,300829,18.27,18.49,18.56,18.15,37279,68747988.0,2.24,1.04,0.19,2.82
2025-05-27,300829,18.49,18.76,19.16,18.38,51632,97324353.0,4.22,1.46,0.27,3.91
2025-05-28,300829,18.92,18.84,19.24,18.61,47849,90607334.0,3.36,0.43,0.08,3.62
2025-05-29,300829,18.79,19.25,19.65,18.42,68477,130553653.0,6.53,2.18,0.41,5.18
2025-05-30,300829,19.26,18.65,19.38,18.65,46036,87436028.0,3.79,-3.12,-0.6,3.48
2025-06-03,300829,18.78,18.8,19.05,18.64,34449,64835038.0,2.2,0.8,0.15,2.61
2025-06-04,300829,18.72,19.78,19.83,18.6,86166,167407276.0,6.54,5.21,0.98,6.52
2025-06-05,300829,19.65,19.6,19.89,19.4,56170,110226665.0,2.48,-0.91,-0.18,4.25
2025-06-06,300829,19.5,19.67,20.24,19.49,70464,139859296.0,3.83,0.36,0.07,5.33
2025-06-09,300829,18.56,19.62,19.77,18.56,87246,167682857.0,6.15,-0.25,-0.05,6.6
2025-06-10,300829,19.61,20.33,20.45,19.07,126000,251248788.0,7.03,3.62,0.71,9.53
2025-06-11,300829,20.09,19.78,20.13,19.73,82617,164409106.0,1.97,-2.71,-0.55,6.25
2025-06-12,300829,19.7,19.74,19.9,19.55,45077,88789457.0,1.77,-0.2,-0.04,3.41
2025-06-13,300829,19.56,20.36,20.7,19.27,138134,277019160.0,7.24,3.14,0.62,10.17
2025-06-16,300829,19.91,22.27,22.99,19.9,266473,580985703.0,15.18,9.38,1.91,18.4
2025-06-17,300829,21.51,20.45,21.66,20.35,250134,523208096.0,5.88,-8.17,-1.82,16.86
2025-06-18,300829,20.1,18.61,20.26,18.55,221955,423748586.0,8.36,-9.0,-1.84,14.96
2025-06-19,300829,18.23,17.33,18.3,17.28,157575,278078121.0,5.48,-6.88,-1.28,10.62
2025-06-20,300829,17.31,17.0,17.54,16.9,117676,201612172.0,3.69,-1.9,-0.33,7.93
2025-06-23,300829,16.77,17.33,17.35,16.68,85461,147021277.0,3.94,1.94,0.33,5.76
2025-06-24,300829,17.38,17.4,17.55,17.21,95821,166619220.0,1.96,0.4,0.07,6.46
2025-06-25,300829,17.35,17.6,17.69,17.29,94306,164927888.0,2.3,1.15,0.2,6.36
2025-06-26,300829,17.48,17.36,17.63,17.31,77629,135388506.0,1.82,-1.36,-0.24,5.23
2025-06-27,300829,17.43,17.29,17.52,17.27,70984,123225001.0,1.44,-0.4,-0.07,4.49
2025-06-30,300829,17.3,17.38,17.49,17.22,57330,99689497.0,1.56,0.52,0.09,3.82
2025-07-01,300829,17.33,17.24,17.43,17.06,68030,117318421.0,2.13,-0.81,-0.14,4.5
2025-07-02,300829,17.28,17.24,17.4,17.01,67273,115919279.0,2.26,0.0,0.0,4.45
2025-07-03,300829,17.23,17.26,17.35,17.1,51347,88580473.0,1.45,0.12,0.02,3.4
2025-07-04,300829,17.28,16.9,17.28,16.89,75130,127963146.0,2.26,-2.09,-0.36,4.97
2025-07-07,300829,16.86,17.01,17.1,16.8,49601,84273589.0,1.78,0.65,0.11,3.28
2025-07-08,300829,16.98,17.53,17.57,16.95,130905,227614509.0,3.64,3.06,0.52,8.66
2025-07-09,300829,17.42,17.34,17.6,17.26,69681,121285519.0,1.94,-1.08,-0.19,4.61
2025-07-10,300829,17.27,17.38,17.48,17.23,54030,93737391.0,1.44,0.23,0.04,3.41
2025-07-11,300829,17.42,17.31,17.43,17.19,54249,93871364.0,1.38,-0.4,-0.07,3.43
2025-07-14,300829,17.3,17.31,17.36,17.21,39044,67497638.0,0.87,0.0,0.0,2.47
2025-07-15,300829,17.31,17.14,17.33,16.9,54841,93638559.0,2.48,-0.98,-0.17,3.47
2025-07-16,300829,17.1,17.2,17.23,17.0,37828,64908901.0,1.34,0.35,0.06,2.39
2025-07-17,300829,17.2,17.35,17.49,17.15,54837,95204667.0,1.98,0.87,0.15,3.47
2025-07-18,300829,17.32,17.32,17.42,17.21,43014,74544021.0,1.21,-0.17,-0.03,2.72
2025-07-21,300829,17.32,17.46,17.48,17.23,53268,92729008.0,1.44,0.81,0.14,3.37
2025-07-22,300829,17.47,17.43,17.52,17.3,50223,87449589.0,1.26,-0.17,-0.03,3.17
2025-07-23,300829,17.48,17.31,17.55,17.29,62525,108972875.0,1.49,-0.69,-0.12,3.95
2025-07-24,300829,17.33,17.59,17.66,17.28,68784,120471557.0,2.2,1.62,0.28,4.35
2025-07-25,300829,17.63,17.71,17.94,17.6,81071,144009548.0,1.93,0.68,0.12,5.12
2025-07-28,300829,17.73,17.81,17.85,17.6,56719,100438356.0,1.41,0.56,0.1,3.58
2025-07-29,300829,17.89,17.77,18.08,17.51,59392,105079656.0,3.2,-0.22,-0.04,3.75
2025-07-30,300829,17.7,17.7,17.86,17.5,61757,109193510.0,2.03,-0.39,-0.07,3.9
2025-07-31,300829,17.62,17.26,17.68,17.23,58219,101470159.0,2.54,-2.49,-0.44,3.68
2025-08-01,300829,17.27,17.46,17.56,17.27,49779,86823450.0,1.68,1.16,0.2,3.15
2025-08-04,300829,17.42,17.58,17.62,17.15,43500,76003167.0,2.69,0.69,0.12,2.75
2025-08-05,300829,17.62,17.68,17.69,17.49,50451,88781480.0,1.14,0.57,0.1,3.19
2025-08-06,300829,17.67,17.73,17.8,17.6,51243,90694770.0,1.13,0.28,0.05,3.24
2025-08-07,300829,17.75,17.77,17.84,17.69,49443,87855056.0,0.85,0.23,0.04,3.12
2025-08-08,300829,17.76,18.37,18.61,17.73,166954,306221884.0,4.95,3.38,0.6,10.55
2025-08-11,300829,18.47,18.61,18.67,18.33,106351,196840076.0,1.85,1.31,0.24,6.72
2025-08-12,300829,18.55,18.93,19.39,18.49,136558,259228305.0,4.84,1.72,0.32,8.63
2025-08-13,300829,18.94,18.76,19.07,18.55,105606,197675357.0,2.75,-0.9,-0.17,6.67
2025-08-14,300829,18.63,18.06,18.77,17.93,128921,235378427.0,4.48,-3.73,-0.7,8.15
2025-08-15,300829,17.98,18.44,18.48,17.98,72106,132096652.0,2.77,2.1,0.38,4.56
2025-08-18,300829,18.44,19.05,19.17,18.43,112692,212891295.0,4.01,3.31,0.61,7.12
2025-08-19,300829,19.06,19.27,19.61,18.87,127337,244495122.0,3.88,1.15,0.22,8.05
2025-08-20,300829,19.18,19.23,19.44,19.05,75258,144226290.0,2.02,-0.21,-0.04,4.76
2025-08-21,300829,19.26,19.39,19.67,19.13,101141,196790511.0,2.81,0.83,0.16,6.39
2025-08-22,300829,19.86,19.28,19.91,19.04,117101,225739197.0,4.49,-0.57,-0.11,7.4
2025-08-25,300829,19.39,19.24,19.41,19.13,92521,178033218.0,1.45,-0.21,-0.04,5.85
2025-08-26,300829,19.26,19.44,19.86,19.09,98982,192639204.0,4.0,1.04,0.2,6.26
2025-08-27,300829,19.44,18.69,19.44,18.64,106614,203204831.0,4.12,-3.86,-0.75,6.74
2025-08-28,300829,18.73,18.91,19.08,18.3,83466,156236824.0,4.17,1.18,0.22,5.27
2025-08-29,300829,18.81,18.94,19.34,18.81,70731,134928048.0,2.8,0.16,0.03,4.47
2025-09-01,300829,18.98,19.9,20.05,18.75,183414,361976435.0,6.86,5.07,0.96,11.59
2025-09-02,300829,19.81,19.46,19.82,19.25,109670,213440035.0,2.86,-2.21,-0.44,6.93
2025-09-03,300829,19.47,18.87,19.58,18.73,78978,151119237.0,4.37,-3.03,-0.59,4.99
2025-09-04,300829,18.87,19.05,19.38,18.66,98555,188251132.0,3.82,0.95,0.18,6.23
2025-09-05,300829,19.06,19.74,19.75,18.87,136820,266963991.0,4.62,3.62,0.69,8.65
2025-09-08,300829,19.61,19.87,19.94,19.58,108443,214655476.0,1.82,0.66,0.13,6.85
2025-09-09,300829,19.8,19.7,20.04,19.51,80972,160034743.0,2.67,-0.86,-0.17,5.12
2025-09-10,300829,19.62,20.38,20.47,19.61,149227,300303963.0,4.37,3.45,0.68,9.43
2025-09-11,300829,20.2,20.14,20.24,19.88,112264,224662766.0,1.77,-1.18,-0.24,7.09
2025-09-12,300829,20.16,19.79,20.16,19.71,86170,170994568.0,2.23,-1.74,-0.35,5.45
2025-09-15,300829,19.69,19.55,19.84,19.53,63931,125558314.0,1.57,-1.21,-0.24,4.04
2025-09-16,300829,19.54,19.86,19.91,19.28,78998,154860226.0,3.22,1.59,0.31,4.99
2025-09-17,300829,19.8,19.32,19.89,19.3,84243,164137808.0,2.97,-2.72,-0.54,5.32
2025-09-18,300829,19.31,18.8,19.43,18.69,92535,176020817.0,3.83,-2.69,-0.52,5.85
2025-09-19,300829,18.8,18.68,18.88,18.49,52858,98538200.0,2.07,-0.64,-0.12,3.34
2025-09-22,300829,18.55,18.77,18.81,18.46,38498,71729243.0,1.87,0.48,0.09,2.43
2025-09-23,300829,18.66,18.19,18.68,17.94,62661,114115729.0,3.94,-3.09,-0.58,3.96
2025-09-24,300829,18.23,18.47,18.47,18.13,32001,58624605.0,1.87,1.54,0.28,2.02
2025-09-25,300829,18.47,18.66,18.75,18.32,45631,84914661.0,2.33,1.03,0.19,2.88
2025-09-26,300829,18.6,18.44,18.78,18.43,35724,66515814.0,1.88,-1.18,-0.22,2.26
2025-09-29,300829,18.45,18.43,18.47,18.07,29808,54678982.0,2.17,-0.05,-0.01,1.88
2025-09-30,300829,18.43,18.24,18.47,18.22,31434,57640397.0,1.36,-1.03,-0.19,1.99
2025-10-09,300829,18.24,18.33,18.36,18.02,39191,71344436.0,1.86,0.49,0.09,2.48
2025-10-10,300829,18.23,18.31,18.48,18.22,35907,65975762.0,1.42,-0.11,-0.02,2.27
2025-10-13,300829,17.7,18.26,18.28,17.68,31549,56924143.0,3.28,-0.27,-0.05,1.99
2025-10-14,300829,18.26,17.96,18.37,17.89,33757,61228762.0,2.63,-1.64,-0.3,2.13
2025-10-15,300829,18.18,18.15,18.25,17.96,26764,48538213.0,1.61,1.06,0.19,1.69
2025-10-16,300829,18.16,17.8,18.25,17.71,34941,62599519.0,2.98,-1.93,-0.35,2.21
2025-10-17,300829,17.75,17.47,17.84,17.46,32487,57333078.0,2.13,-1.85,-0.33,2.05
2025-10-20,300829,17.62,17.71,17.72,17.53,18286,32238695.11,1.09,1.37,0.24,1.16
2025-10-21,300829,17.66,17.85,17.89,17.62,15188,27017147.92,1.52,0.79,0.14,0.96
2025-10-22,300829,17.88,17.86,18.05,17.82,27241,48896321.12,1.29,-0.11,-0.02,1.72
2025-10-23,300829,17.75,17.96,17.96,17.52,26018,46039682.0,2.46,0.56,0.1,1.64
2025-10-24,300829,17.88,17.91,18.07,17.86,24926,44704541.3,1.17,-0.28,-0.05,1.58
